28
4
1524 1520 1609 1435
3
1000 1520 1600
6
1000 2000 3000 4000 1500 2500
4
1000 1050 2000 1950
4
1000 1400 4000 1600
4
2940 1040 1010 3950
5
1110 2340 1230 1320 2550
5
3000 2000 1950 1050 1000
5
1950 1010 2060 2050 1050
6
2000 2050 1000 1050 1020 2030
6
4060 1000 1010 1020 1030 2010
6
4060 1000 1010 1020 1030 3030
6
2020 1000 1050 1020 1110 3130
7
1000 1001 2498 1500 2500 3998 4999
7
4999 3998 2500 1500 2498 1001 1000
8
2999 3000 4000 4001 4003 4004 1001 1004
1
2909
1
1598
1
2285
2
3662 3287
2
4659 3171
2
3805 4736
3
4802 3174 1002
3
2271 1820 3799
3
3420 1059 4613
4
2213 4954 1529 1934
4
2909 3516 1110 3866
4
3462 3050 1360 1861
