3
-1 -1
1 3
-1 -1
10
-1 2
-1 3
-1 4
-1 5
-1 6
-1 7
-1 8
-1 9
-1 10
-1 -1
1
-1 -1
50
-1 -1
1 -1
2 -1
3 -1
4 -1
5 -1
6 -1
7 -1
8 -1
9 -1
10 -1
11 -1
12 -1
13 -1
14 -1
15 -1
16 -1
17 -1
18 -1
19 -1
20 -1
21 -1
22 -1
23 -1
24 -1
25 -1
26 -1
27 -1
28 -1
29 -1
30 -1
31 -1
32 -1
33 -1
34 -1
35 -1
36 -1
37 -1
38 -1
39 -1
40 -1
41 -1
42 -1
43 -1
44 -1
45 -1
46 -1
47 -1
48 -1
49 -1
7
-1 -1
1 -1
2 4
-1 -1
3 -1
5 7
-1 -1
9
-1 3
-1 -1
2 4
-1 -1
1 6
-1 7
-1 -1
5 -1
8 -1
40
-1 3
-1 -1
2 6
-1 5
-1 -1
4 -1
1 8
-1 9
-1 14
-1 13
-1 12
-1 -1
11 -1
10 15
-1 18
-1 17
-1 -1
16 19
-1 20
-1 -1
7 40
-1 -1
22 25
-1 -1
24 -1
23 30
-1 28
-1 29
-1 -1
27 32
-1 -1
31 33
-1 -1
26 36
-1 -1
35 39
-1 -1
37 -1
38 -1
34 -1
36
-1 2
-1 -1
1 -1
3 -1
4 -1
5 7
-1 -1
6 14
-1 10
-1 11
-1 13
-1 -1
12 -1
9 -1
8 22
-1 18
-1 -1
17 -1
16 20
-1 21
-1 -1
19 32
-1 -1
23 26
-1 -1
25 -1
24 29
-1 -1
28 -1
27 31
-1 -1
30 33
-1 35
-1 -1
34 36
-1 -1
18
-1 -1
1 -1
2 4
-1 5
-1 -1
3 7
-1 10
-1 -1
8 -1
9 -1
6 12
-1 -1
11 14
-1 15
-1 18
-1 -1
16 -1
17 -1
33
-1 -1
1 8
-1 -1
3 6
-1 -1
5 -1
4 -1
7 16
-1 14
-1 12
-1 -1
11 13
-1 -1
10 15
-1 -1
9 24
-1 20
-1 19
-1 -1
18 21
-1 22
-1 23
-1 -1
17 25
-1 31
-1 27
-1 28
-1 29
-1 30
-1 -1
26 32
-1 33
-1 -1
24
-1 -1
1 -1
2 -1
3 -1
4 6
-1 -1
5 12
-1 -1
8 10
-1 11
-1 -1
9 15
-1 14
-1 -1
13 19
-1 17
-1 -1
16 -1
18 20
-1 23
-1 -1
21 -1
22 24
-1 -1
8
-1 2
-1 7
-1 4
-1 5
-1 6
-1 -1
3 8
-1 -1
28
-1 -1
1 7
-1 -1
3 5
-1 -1
4 -1
6 11
-1 9
-1 -1
8 -1
10 12
-1 -1
2 19
-1 17
-1 16
-1 -1
15 18
-1 -1
14 20
-1 -1
13 24
-1 23
-1 -1
22 25
-1 28
-1 -1
26 -1
27 -1
28
-1 -1
1 17
-1 5
-1 -1
4 6
-1 -1
3 -1
7 -1
8 -1
9 13
-1 -1
11 -1
12 16
-1 -1
14 -1
15 -1
10 27
-1 19
-1 22
-1 -1
20 -1
21 -1
18 25
-1 -1
24 26
-1 -1
23 28
-1 -1
3
-1 -1
1 3
-1 -1
29
-1 -1
1 3
-1 9
-1 5
-1 6
-1 -1
4 8
-1 -1
7 10
-1 11
-1 -1
2 14
-1 -1
13 15
-1 16
-1 -1
12 24
-1 -1
18 21
-1 -1
20 23
-1 -1
22 -1
19 28
-1 27
-1 -1
26 -1
25 29
-1 -1
19
-1 -1
1 -1
2 5
-1 -1
4 6
-1 -1
3 17
-1 -1
8 -1
9 15
-1 14
-1 -1
12 -1
13 -1
11 16
-1 -1
10 18
-1 19
-1 -1
38
-1 2
-1 3
-1 -1
1 5
-1 6
-1 -1
4 19
-1 -1
8 -1
9 12
-1 -1
11 14
-1 -1
13 15
-1 17
-1 -1
16 18
-1 -1
10 21
-1 -1
20 23
-1 -1
22 33
-1 -1
24 29
-1 27
-1 -1
26 -1
28 31
-1 -1
30 32
-1 -1
25 35
-1 -1
34 -1
7 38
-1 -1
37 -1
25
-1 -1
1 3
-1 -1
2 -1
4 7
-1 -1
6 -1
5 20
-1 -1
9 19
-1 -1
11 13
-1 -1
12 -1
14 17
-1 -1
16 18
-1 -1
15 -1
10 21
-1 22
-1 24
-1 -1
23 25
-1 -1
20
-1 2
-1 12
-1 -1
3 5
-1 -1
4 7
-1 -1
6 11
-1 10
-1 -1
9 -1
8 13
-1 -1
1 15
-1 20
-1 -1
16 18
-1 -1
17 -1
19 -1
26
-1 2
-1 3
-1 -1
1 9
-1 7
-1 -1
6 8
-1 -1
5 19
-1 -1
10 12
-1 -1
11 -1
13 18
-1 16
-1 17
-1 -1
15 -1
14 24
-1 21
-1 22
-1 23
-1 -1
20 26
-1 -1
25 -1
18
-1 12
-1 -1
2 8
-1 -1
4 7
-1 -1
6 -1
5 9
-1 11
-1 -1
10 -1
3 17
-1 -1
13 15
-1 16
-1 -1
14 18
-1 -1
37
-1 -1
1 3
-1 -1
2 -1
4 37
-1 8
-1 -1
7 9
-1 -1
6 13
-1 -1
11 -1
12 35
-1 -1
14 28
-1 -1
16 22
-1 -1
18 20
-1 21
-1 -1
19 26
-1 -1
23 -1
24 -1
25 27
-1 -1
17 31
-1 30
-1 -1
29 32
-1 34
-1 -1
33 -1
15 36
-1 -1
10 -1
33
-1 -1
1 3
-1 -1
2 6
-1 -1
5 -1
4 8
-1 -1
7 14
-1 12
-1 -1
11 -1
10 -1
13 16
-1 -1
15 22
-1 -1
17 19
-1 20
-1 21
-1 -1
18 -1
9 31
-1 29
-1 27
-1 -1
26 28
-1 -1
25 30
-1 -1
24 32
-1 33
-1 -1
6
-1 2
-1 -1
1 5
-1 -1
4 6
-1 -1
46
-1 2
-1 -1
1 18
-1 -1
4 6
-1 -1
5 -1
7 9
-1 -1
8 16
-1 -1
11 -1
12 15
-1 -1
14 -1
13 17
-1 -1
10 26
-1 25
-1 21
-1 -1
20 -1
22 24
-1 -1
23 -1
19 -1
3 36
-1 -1
28 30
-1 31
-1 -1
29 33
-1 -1
32 35
-1 -1
34 43
-1 38
-1 -1
37 40
-1 -1
39 42
-1 -1
41 45
-1 -1
44 46
-1 -1
30
-1 -1
1 5
-1 -1
3 -1
4 16
-1 7
-1 -1
6 -1
8 -1
9 12
-1 -1
11 -1
10 15
-1 -1
14 -1
13 -1
2 20
-1 -1
18 -1
19 24
-1 23
-1 -1
22 -1
21 26
-1 -1
25 29
-1 -1
27 -1
28 30
-1 -1
16
-1 -1
1 7
-1 -1
3 -1
4 6
-1 -1
5 9
-1 -1
8 -1
2 13
-1 -1
11 -1
12 16
-1 15
-1 -1
14 -1
35
-1 2
-1 -1
1 4
-1 -1
3 8
-1 -1
6 -1
7 9
-1 10
-1 -1
5 14
-1 13
-1 -1
12 17
-1 16
-1 -1
15 18
-1 -1
11 35
-1 -1
20 22
-1 -1
21 25
-1 -1
24 -1
23 -1
26 28
-1 32
-1 30
-1 31
-1 -1
29 33
-1 34
-1 -1
27 -1
10
-1 10
-1 -1
2 -1
3 5
-1 6
-1 -1
4 8
-1 -1
7 -1
9 -1
46
-1 3
-1 -1
2 -1
1 11
-1 -1
5 7
-1 9
-1 -1
8 10
-1 -1
6 17
-1 -1
12 -1
13 15
-1 -1
14 -1
16 23
-1 21
-1 -1
19 -1
20 -1
18 -1
22 -1
4 43
-1 -1
25 27
-1 -1
26 42
-1 -1
29 35
-1 32
-1 -1
31 -1
33 -1
34 38
-1 37
-1 -1
36 -1
30 40
-1 41
-1 -1
39 -1
28 45
-1 -1
44 46
-1 -1
12
-1 -1
1 4
-1 -1
3 5
-1 -1
2 8
-1 -1
7 -1
6 12
-1 11
-1 -1
10 -1
37
-1 -1
1 -1
2 -1
3 32
-1 7
-1 -1
6 8
-1 9
-1 -1
5 12
-1 -1
11 -1
10 14
-1 15
-1 -1
13 19
-1 18
-1 -1
17 20
-1 21
-1 22
-1 -1
16 27
-1 -1
24 26
-1 -1
25 29
-1 -1
28 30
-1 31
-1 -1
23 34
-1 -1
33 35
-1 37
-1 -1
36 -1
15
-1 9
-1 -1
2 5
-1 -1
4 8
-1 -1
6 -1
7 -1
3 15
-1 -1
10 14
-1 13
-1 -1
12 -1
11 -1
50
-1 10
-1 -1
2 -1
3 5
-1 -1
4 7
-1 -1
6 9
-1 -1
8 -1
1 12
-1 -1
11 23
-1 22
-1 16
-1 -1
15 21
-1 -1
18 -1
19 -1
20 -1
17 -1
14 24
-1 -1
13 32
-1 -1
26 28
-1 29
-1 -1
27 -1
30 -1
31 40
-1 34
-1 -1
33 38
-1 37
-1 -1
36 39
-1 -1
35 46
-1 -1
41 44
-1 -1
43 -1
42 -1
45 49
-1 48
-1 -1
47 50
-1 -1
33
-1 -1
1 4
-1 -1
3 7
-1 -1
5 -1
6 -1
2 9
-1 -1
8 11
-1 -1
10 27
-1 -1
13 15
-1 -1
14 18
-1 -1
17 -1
16 20
-1 -1
19 26
-1 23
-1 -1
22 -1
24 -1
25 -1
21 33
-1 29
-1 32
-1 31
-1 -1
30 -1
28 -1
23
-1 2
-1 -1
1 17
-1 12
-1 6
-1 -1
5 -1
7 10
-1 -1
9 11
-1 -1
8 16
-1 -1
13 -1
14 -1
15 -1
4 19
-1 -1
18 23
-1 -1
20 22
-1 -1
21 -1
31
-1 26
-1 15
-1 4
-1 5
-1 -1
3 -1
6 -1
7 13
-1 -1
9 -1
10 12
-1 -1
11 14
-1 -1
8 21
-1 -1
16 18
-1 -1
17 20
-1 -1
19 24
-1 -1
22 -1
23 25
-1 -1
2 31
-1 30
-1 29
-1 -1
28 -1
27 -1
24
-1 3
-1 -1
2 -1
1 5
-1 -1
4 24
-1 9
-1 -1
8 10
-1 -1
7 23
-1 13
-1 -1
12 -1
14 19
-1 -1
16 18
-1 -1
17 20
-1 -1
15 22
-1 -1
21 -1
11 -1
24
-1 3
-1 -1
2 5
-1 -1
4 -1
1 9
-1 8
-1 -1
7 -1
6 11
-1 -1
10 16
-1 -1
13 -1
14 -1
15 -1
12 20
-1 -1
18 -1
19 21
-1 -1
17 24
-1 -1
23 -1
41
-1 -1
1 5
-1 4
-1 -1
3 -1
2 11
-1 9
-1 -1
8 -1
7 -1
10 -1
6 16
-1 14
-1 15
-1 -1
13 -1
12 19
-1 -1
18 20
-1 21
-1 -1
17 26
-1 25
-1 -1
24 -1
23 27
-1 32
-1 29
-1 -1
28 31
-1 -1
30 33
-1 -1
22 35
-1 38
-1 37
-1 -1
36 41
-1 40
-1 -1
39 -1
18
-1 -1
1 -1
2 6
-1 -1
4 -1
5 9
-1 8
-1 -1
7 10
-1 -1
3 13
-1 -1
12 15
-1 -1
14 -1
11 18
-1 -1
17 -1
5
-1 -1
1 -1
2 4
-1 5
-1 -1
25
-1 25
-1 -1
2 -1
3 -1
4 18
-1 7
-1 -1
6 11
-1 -1
9 -1
10 12
-1 -1
8 16
-1 15
-1 -1
14 17
-1 -1
13 20
-1 -1
19 -1
5 23
-1 -1
22 24
-1 -1
21 -1
18
-1 -1
1 -1
2 11
-1 -1
4 8
-1 -1
6 -1
7 10
-1 -1
9 -1
5 -1
3 -1
12 18
-1 17
-1 -1
15 -1
16 -1
14 -1
44
-1 -1
1 -1
2 7
-1 -1
4 -1
5 -1
6 8
-1 9
-1 -1
3 22
-1 -1
11 -1
12 15
-1 -1
14 16
-1 -1
13 20
-1 -1
18 -1
19 21
-1 -1
17 32
-1 -1
23 -1
24 -1
25 28
-1 -1
27 29
-1 -1
26 31
-1 -1
30 34
-1 -1
33 37
-1 36
-1 -1
35 -1
10 42
-1 -1
39 -1
40 -1
41 43
-1 44
-1 -1
2
-1 2
-1 -1
24
-1 -1
1 -1
2 6
-1 5
-1 -1
4 8
-1 -1
7 -1
3 23
-1 11
-1 -1
10 16
-1 -1
13 15
-1 -1
14 22
-1 -1
17 -1
18 -1
19 21
-1 -1
20 -1
12 24
-1 -1
17
-1 3
-1 -1
2 5
-1 -1
4 -1
1 8
-1 -1
7 -1
6 -1
9 12
-1 -1
11 14
-1 -1
13 15
-1 16
-1 17
-1 -1
36
-1 -1
1 3
-1 4
-1 -1
2 25
-1 -1
6 8
-1 9
-1 -1
7 15
-1 -1
11 -1
12 -1
13 -1
14 17
-1 -1
16 24
-1 19
-1 20
-1 -1
18 22
-1 23
-1 -1
21 -1
10 26
-1 28
-1 -1
27 29
-1 36
-1 34
-1 33
-1 -1
32 -1
31 35
-1 -1
30 -1
29
-1 2
-1 -1
1 7
-1 -1
4 -1
5 -1
6 11
-1 -1
8 10
-1 -1
9 -1
3 21
-1 14
-1 15
-1 -1
13 -1
16 -1
17 19
-1 20
-1 -1
18 29
-1 -1
22 -1
23 -1
24 28
-1 27
-1 -1
26 -1
25 -1
15
-1 -1
1 4
-1 -1
3 5
-1 -1
2 7
-1 -1
6 10
-1 -1
9 12
-1 -1
11 -1
8 14
-1 15
-1 -1
31
-1 2
-1 -1
1 15
-1 6
-1 -1
5 7
-1 -1
4 13
-1 10
-1 -1
9 12
-1 -1
11 14
-1 -1
8 22
-1 -1
16 20
-1 19
-1 -1
18 21
-1 -1
17 27
-1 -1
23 -1
24 26
-1 -1
25 28
-1 29
-1 -1
3 31
-1 -1
3
-1 -1
1 3
-1 -1
16
-1 2
-1 3
-1 -1
1 11
-1 6
-1 -1
5 9
-1 -1
8 10
-1 -1
7 15
-1 -1
12 14
-1 -1
13 16
-1 -1
6
-1 5
-1 -1
2 4
-1 -1
3 6
-1 -1
20
-1 -1
1 3
-1 -1
2 18
-1 -1
5 7
-1 -1
6 10
-1 -1
9 -1
8 16
-1 -1
12 14
-1 15
-1 -1
13 17
-1 -1
11 -1
4 20
-1 -1
49
-1 -1
1 -1
2 4
-1 -1
3 8
-1 7
-1 -1
6 -1
5 11
-1 -1
10 12
-1 22
-1 -1
13 -1
14 16
-1 -1
15 18
-1 19
-1 20
-1 21
-1 -1
17 -1
9 28
-1 -1
24 -1
25 27
-1 -1
26 29
-1 -1
23 49
-1 32
-1 -1
31 35
-1 -1
34 -1
33 38
-1 -1
37 39
-1 -1
36 -1
40 42
-1 44
-1 -1
43 -1
41 48
-1 47
-1 -1
46 -1
45 -1
29
-1 2
-1 -1
1 11
-1 5
-1 -1
4 7
-1 8
-1 9
-1 10
-1 -1
6 14
-1 13
-1 -1
12 -1
3 18
-1 17
-1 -1
16 26
-1 20
-1 25
-1 -1
21 23
-1 24
-1 -1
22 -1
19 29
-1 -1
27 -1
28 -1
30
-1 3
-1 -1
2 14
-1 -1
4 7
-1 -1
6 -1
5 12
-1 -1
9 11
-1 -1
10 -1
8 -1
13 16
-1 -1
15 25
-1 -1
17 -1
18 22
-1 21
-1 -1
20 -1
19 -1
23 -1
24 27
-1 -1
26 30
-1 29
-1 -1
28 -1
16
-1 3
-1 -1
2 4
-1 10
-1 6
-1 -1
5 -1
7 9
-1 -1
8 16
-1 -1
11 14
-1 -1
13 15
-1 -1
12 -1
41
-1 -1
1 -1
2 4
-1 -1
3 7
-1 -1
6 10
-1 -1
8 -1
9 -1
5 29
-1 -1
12 19
-1 -1
14 -1
15 18
-1 -1
17 -1
16 24
-1 -1
20 22
-1 23
-1 -1
21 26
-1 -1
25 28
-1 -1
27 -1
13 35
-1 33
-1 -1
31 -1
32 -1
30 -1
34 39
-1 -1
36 38
-1 -1
37 41
-1 -1
40 -1
47
-1 2
-1 3
-1 4
-1 -1
1 47
-1 -1
6 11
-1 -1
8 10
-1 -1
9 12
-1 15
-1 14
-1 -1
13 -1
7 21
-1 18
-1 -1
17 20
-1 -1
19 -1
16 24
-1 -1
23 45
-1 -1
25 -1
26 35
-1 29
-1 -1
28 31
-1 33
-1 -1
32 34
-1 -1
30 37
-1 -1
36 39
-1 -1
38 44
-1 -1
40 42
-1 43
-1 -1
41 -1
27 46
-1 -1
22 -1
46
-1 5
-1 4
-1 -1
3 -1
2 7
-1 -1
6 -1
1 9
-1 -1
8 13
-1 -1
11 -1
12 31
-1 15
-1 -1
14 -1
16 22
-1 20
-1 -1
19 -1
18 -1
21 26
-1 -1
23 25
-1 -1
24 27
-1 29
-1 -1
28 30
-1 -1
17 -1
10 41
-1 -1
33 37
-1 36
-1 -1
35 38
-1 39
-1 40
-1 -1
34 46
-1 -1
42 45
-1 -1
44 -1
43 -1
31
-1 -1
1 -1
2 -1
3 5
-1 -1
4 8
-1 -1
7 10
-1 -1
9 -1
6 13
-1 -1
12 14
-1 -1
11 -1
15 23
-1 20
-1 -1
18 -1
19 -1
17 22
-1 -1
21 -1
16 25
-1 27
-1 -1
26 -1
24 29
-1 30
-1 31
-1 -1
37
-1 12
-1 -1
2 4
-1 5
-1 -1
3 7
-1 9
-1 -1
8 10
-1 11
-1 -1
6 23
-1 -1
13 17
-1 -1
15 -1
16 -1
14 20
-1 -1
19 22
-1 -1
21 -1
18 26
-1 -1
24 -1
25 33
-1 -1
27 30
-1 -1
29 32
-1 -1
31 -1
28 34
-1 37
-1 -1
35 -1
36 -1
46
-1 -1
1 8
-1 -1
3 7
-1 -1
5 -1
6 -1
4 10
-1 -1
9 28
-1 -1
11 13
-1 16
-1 -1
14 -1
15 17
-1 -1
12 25
-1 20
-1 -1
19 23
-1 -1
22 24
-1 -1
21 27
-1 -1
26 -1
18 33
-1 -1
29 31
-1 -1
30 -1
32 -1
2 40
-1 39
-1 38
-1 -1
37 -1
36 -1
35 42
-1 -1
41 45
-1 44
-1 -1
43 46
-1 -1
50
-1 -1
1 4
-1 -1
3 -1
2 17
-1 7
-1 -1
6 9
-1 -1
8 16
-1 12
-1 -1
11 14
-1 -1
13 -1
15 -1
10 22
-1 19
-1 21
-1 -1
20 -1
18 23
-1 -1
5 50
-1 -1
25 33
-1 28
-1 -1
27 32
-1 -1
30 -1
31 -1
29 34
-1 -1
26 40
-1 -1
36 39
-1 -1
38 -1
37 42
-1 -1
41 44
-1 -1
43 49
-1 46
-1 48
-1 -1
47 -1
45 -1
35 -1
49
-1 3
-1 -1
2 -1
1 12
-1 -1
5 11
-1 -1
7 10
-1 -1
9 -1
8 -1
6 17
-1 -1
13 16
-1 -1
15 -1
14 -1
4 37
-1 20
-1 23
-1 22
-1 -1
21 -1
19 28
-1 -1
25 27
-1 -1
26 -1
24 36
-1 31
-1 33
-1 -1
32 35
-1 -1
34 -1
30 -1
29 47
-1 39
-1 40
-1 45
-1 -1
41 43
-1 44
-1 -1
42 46
-1 -1
38 49
-1 -1
48 -1
17
-1 2
-1 -1
1 4
-1 -1
3 6
-1 -1
5 8
-1 10
-1 -1
9 11
-1 12
-1 -1
7 16
-1 15
-1 -1
14 17
-1 -1
11
-1 3
-1 -1
2 4
-1 5
-1 -1
1 8
-1 -1
7 10
-1 -1
9 11
-1 -1
39
-1 2
-1 -1
1 14
-1 -1
4 -1
5 -1
6 -1
7 -1
8 13
-1 12
-1 -1
11 -1
10 -1
9 19
-1 -1
15 18
-1 -1
17 -1
16 21
-1 -1
20 24
-1 -1
22 -1
23 -1
3 37
-1 -1
26 -1
27 29
-1 -1
28 31
-1 -1
30 35
-1 -1
33 -1
34 36
-1 -1
32 38
-1 39
-1 -1
33
-1 2
-1 -1
1 4
-1 -1
3 6
-1 7
-1 -1
5 18
-1 -1
9 -1
10 15
-1 -1
12 14
-1 -1
13 17
-1 -1
16 -1
11 19
-1 21
-1 -1
20 -1
8 29
-1 -1
23 26
-1 -1
25 28
-1 -1
27 -1
24 30
-1 31
-1 -1
22 33
-1 -1
3
-1 -1
1 3
-1 -1
45
-1 3
-1 -1
2 4
-1 -1
1 32
-1 -1
6 -1
7 -1
8 10
-1 11
-1 12
-1 15
-1 14
-1 -1
13 16
-1 -1
9 18
-1 20
-1 -1
19 21
-1 -1
17 28
-1 24
-1 -1
23 27
-1 -1
26 -1
25 31
-1 -1
29 -1
30 -1
22 36
-1 -1
33 -1
34 -1
35 41
-1 38
-1 -1
37 40
-1 -1
39 43
-1 -1
42 45
-1 -1
44 -1
3
-1 -1
1 -1
2 -1
39
-1 5
-1 -1
2 4
-1 -1
3 10
-1 -1
6 8
-1 9
-1 -1
7 16
-1 -1
11 -1
12 15
-1 -1
14 -1
13 18
-1 -1
17 -1
1 31
-1 21
-1 -1
20 24
-1 -1
23 26
-1 -1
25 29
-1 28
-1 -1
27 30
-1 -1
22 37
-1 -1
32 34
-1 -1
33 36
-1 -1
35 39
-1 -1
38 -1
13
-1 -1
1 8
-1 4
-1 5
-1 -1
3 7
-1 -1
6 10
-1 -1
9 11
-1 -1
2 13
-1 -1
7
-1 -1
1 5
-1 4
-1 -1
3 6
-1 -1
2 -1
7
-1 -1
1 6
-1 -1
3 -1
4 -1
5 7
-1 -1
22
-1 -1
1 3
-1 6
-1 5
-1 -1
4 7
-1 -1
2 17
-1 11
-1 -1
10 12
-1 13
-1 -1
9 16
-1 -1
15 -1
14 19
-1 -1
18 21
-1 -1
20 22
-1 -1
19
-1 6
-1 3
-1 -1
2 5
-1 -1
4 11
-1 -1
7 -1
8 10
-1 -1
9 13
-1 -1
12 -1
1 17
-1 16
-1 -1
15 19
-1 -1
18 -1
44
-1 -1
1 8
-1 4
-1 -1
3 6
-1 -1
5 -1
7 9
-1 10
-1 12
-1 -1
11 16
-1 14
-1 15
-1 -1
13 -1
2 26
-1 -1
18 22
-1 -1
20 -1
21 23
-1 24
-1 -1
19 -1
25 36
-1 28
-1 30
-1 -1
29 -1
27 33
-1 -1
32 35
-1 -1
34 -1
31 43
-1 -1
37 39
-1 -1
38 41
-1 -1
40 -1
42 44
-1 -1
7
-1 -1
1 -1
2 4
-1 7
-1 6
-1 -1
5 -1
23
-1 6
-1 -1
2 5
-1 -1
4 -1
3 18
-1 -1
7 11
-1 -1
9 -1
10 17
-1 13
-1 -1
12 16
-1 -1
15 -1
14 -1
8 20
-1 -1
19 22
-1 -1
21 23
-1 -1
20
-1 -1
1 3
-1 -1
2 5
-1 6
-1 10
-1 8
-1 -1
7 -1
9 13
-1 12
-1 -1
11 -1
4 20
-1 17
-1 -1
16 19
-1 -1
18 -1
15 -1
50
-1 -1
1 -1
2 -1
3 6
-1 -1
5 -1
4 8
-1 9
-1 -1
7 22
-1 13
-1 -1
12 -1
11 16
-1 -1
15 -1
14 -1
17 19
-1 20
-1 -1
18 -1
21 24
-1 -1
23 25
-1 26
-1 -1
10 34
-1 -1
28 -1
29 32
-1 -1
31 33
-1 -1
30 47
-1 -1
35 37
-1 38
-1 41
-1 -1
39 -1
40 42
-1 -1
36 -1
43 46
-1 -1
45 -1
44 49
-1 -1
48 50
-1 -1
43
-1 4
-1 3
-1 -1
2 -1
1 25
-1 7
-1 10
-1 9
-1 -1
8 -1
6 -1
11 13
-1 -1
12 15
-1 -1
14 20
-1 -1
17 19
-1 -1
18 21
-1 -1
16 23
-1 24
-1 -1
22 27
-1 -1
26 30
-1 -1
28 -1
29 32
-1 -1
31 -1
5 37
-1 -1
34 36
-1 -1
35 43
-1 -1
38 42
-1 -1
40 -1
41 -1
39 -1
39
-1 -1
1 6
-1 5
-1 -1
4 -1
3 -1
2 18
-1 -1
8 12
-1 11
-1 -1
10 -1
9 14
-1 15
-1 -1
13 17
-1 -1
16 28
-1 22
-1 21
-1 -1
20 -1
19 25
-1 -1
24 26
-1 27
-1 -1
23 30
-1 -1
29 31
-1 35
-1 -1
32 -1
33 -1
34 36
-1 -1
7 39
-1 -1
38 -1
4
-1 -1
1 4
-1 -1
3 -1
31
-1 2
-1 3
-1 -1
1 30
-1 7
-1 -1
6 -1
5 -1
8 11
-1 -1
10 13
-1 -1
12 16
-1 15
-1 -1
14 21
-1 19
-1 -1
18 20
-1 -1
17 -1
9 25
-1 -1
23 -1
24 27
-1 -1
26 28
-1 -1
22 -1
29 31
-1 -1
22
-1 3
-1 -1
2 -1
1 14
-1 -1
5 7
-1 -1
6 13
-1 11
-1 -1
10 12
-1 -1
9 -1
8 -1
4 21
-1 -1
16 18
-1 19
-1 20
-1 -1
17 22
-1 -1
36
-1 7
-1 -1
2 -1
3 5
-1 6
-1 -1
4 9
-1 -1
8 -1
1 34
-1 -1
11 -1
12 -1
13 -1
14 -1
15 18
-1 -1
17 -1
16 25
-1 21
-1 -1
20 23
-1 24
-1 -1
22 -1
19 31
-1 30
-1 -1
28 -1
29 -1
27 32
-1 33
-1 -1
26 36
-1 -1
35 -1
26
-1 -1
1 3
-1 -1
2 8
-1 6
-1 -1
5 -1
7 9
-1 -1
4 11
-1 -1
10 13
-1 16
-1 15
-1 -1
14 -1
12 20
-1 -1
18 -1
19 25
-1 -1
21 -1
22 -1
23 -1
24 26
-1 -1
2
-1 -1
1 -1
40
-1 -1
1 3
-1 -1
2 13
-1 6
-1 -1
5 11
-1 9
-1 10
-1 -1
8 12
-1 -1
7 19
-1 -1
14 16
-1 17
-1 -1
15 -1
18 21
-1 -1
20 22
-1 -1
4 -1
23 26
-1 -1
25 27
-1 -1
24 35
-1 32
-1 31
-1 -1
30 34
-1 -1
33 -1
29 40
-1 -1
36 -1
37 39
-1 -1
38 -1
3
-1 -1
1 -1
2 -1
16
-1 -1
1 3
-1 -1
2 8
-1 6
-1 7
-1 -1
5 -1
4 10
-1 13
-1 12
-1 -1
11 14
-1 16
-1 -1
15 -1
40
-1 3
-1 -1
2 -1
1 10
-1 -1
5 -1
6 8
-1 9
-1 -1
7 11
-1 12
-1 13
-1 14
-1 -1
4 16
-1 -1
15 34
-1 19
-1 21
-1 -1
20 -1
18 24
-1 -1
23 25
-1 -1
22 27
-1 28
-1 -1
26 30
-1 32
-1 -1
31 33
-1 -1
29 37
-1 36
-1 -1
35 -1
17 40
-1 -1
39 -1
13
-1 -1
1 3
-1 -1
2 -1
4 12
-1 -1
6 8
-1 10
-1 -1
9 11
-1 -1
7 13
-1 -1
36
-1 -1
1 3
-1 -1
2 -1
4 6
-1 9
-1 8
-1 -1
7 11
-1 -1
10 12
-1 16
-1 14
-1 15
-1 -1
13 -1
5 20
-1 -1
18 -1
19 24
-1 22
-1 -1
21 -1
23 25
-1 -1
17 27
-1 32
-1 30
-1 -1
29 31
-1 -1
28 36
-1 -1
33 35
-1 -1
34 -1
10
-1 7
-1 -1
2 -1
3 -1
4 -1
5 -1
6 -1
1 9
-1 10
-1 -1
13
-1 2
-1 3
-1 -1
1 5
-1 10
-1 -1
6 -1
7 9
-1 -1
8 12
-1 -1
11 13
-1 -1
3
-1 2
-1 -1
1 -1
26
-1 22
-1 -1
2 -1
3 7
-1 6
-1 -1
5 -1
4 -1
8 11
-1 -1
10 14
-1 -1
12 -1
13 15
-1 16
-1 -1
9 20
-1 19
-1 -1
18 21
-1 -1
17 25
-1 -1
23 -1
24 26
-1 -1
45
-1 -1
1 16
-1 4
-1 -1
3 7
-1 -1
6 -1
5 15
-1 10
-1 -1
9 13
-1 -1
12 -1
11 -1
14 -1
8 19
-1 -1
17 -1
18 23
-1 21
-1 22
-1 -1
20 24
-1 25
-1 -1
2 41
-1 -1
27 30
-1 -1
29 -1
28 34
-1 -1
32 -1
33 -1
31 37
-1 -1
36 40
-1 -1
38 -1
39 -1
35 44
-1 -1
42 -1
43 45
-1 -1
2
-1 2
-1 -1
32
-1 3
-1 -1
2 4
-1 -1
1 7
-1 -1
6 13
-1 -1
8 -1
9 11
-1 12
-1 -1
10 19
-1 18
-1 -1
15 17
-1 -1
16 -1
14 20
-1 -1
5 22
-1 -1
21 32
-1 25
-1 -1
24 -1
26 28
-1 -1
27 30
-1 31
-1 -1
29 -1
1
-1 -1
10
-1 2
-1 -1
1 6
-1 5
-1 -1
4 7
-1 -1
3 10
-1 -1
9 -1
19
-1 2
-1 3
-1 -1
1 5
-1 12
-1 -1
6 11
-1 10
-1 -1
9 -1
8 -1
7 18
-1 -1
13 15
-1 17
-1 -1
16 -1
14 19
-1 -1
19
-1 5
-1 4
-1 -1
3 -1
2 10
-1 -1
6 -1
7 9
-1 -1
8 18
-1 12
-1 -1
11 16
-1 -1
14 -1
15 17
-1 -1
13 19
-1 -1
19
-1 -1
1 3
-1 4
-1 -1
2 6
-1 9
-1 -1
7 -1
8 11
-1 -1
10 18
-1 -1
12 15
-1 -1
14 17
-1 -1
16 -1
13 19
-1 -1
23
-1 -1
1 10
-1 -1
3 -1
4 6
-1 7
-1 -1
5 9
-1 -1
8 13
-1 -1
11 -1
12 15
-1 -1
14 16
-1 17
-1 -1
2 20
-1 -1
19 22
-1 -1
21 23
-1 -1
7
-1 2
-1 -1
1 7
-1 -1
4 6
-1 -1
5 -1
19
-1 3
-1 -1
2 -1
1 11
-1 -1
5 -1
6 8
-1 -1
7 10
-1 -1
9 -1
4 15
-1 14
-1 -1
13 16
-1 17
-1 -1
12 19
-1 -1
13
-1 -1
1 8
-1 -1
3 7
-1 6
-1 -1
5 -1
4 -1
2 10
-1 13
-1 12
-1 -1
11 -1
4
-1 3
-1 -1
2 -1
1 -1
28
-1 -1
1 -1
2 18
-1 5
-1 -1
4 15
-1 8
-1 -1
7 -1
9 13
-1 -1
11 -1
12 14
-1 -1
10 16
-1 17
-1 -1
6 21
-1 20
-1 -1
19 24
-1 -1
22 -1
23 25
-1 28
-1 -1
26 -1
27 -1
47
-1 2
-1 -1
1 38
-1 9
-1 -1
5 7
-1 -1
6 -1
8 10
-1 13
-1 12
-1 -1
11 15
-1 -1
14 16
-1 17
-1 -1
4 34
-1 28
-1 -1
20 -1
21 23
-1 26
-1 25
-1 -1
24 27
-1 -1
22 32
-1 -1
29 31
-1 -1
30 33
-1 -1
19 36
-1 -1
35 37
-1 -1
18 45
-1 40
-1 -1
39 44
-1 43
-1 -1
42 -1
41 47
-1 -1
46 -1
9
-1 2
-1 -1
1 4
-1 -1
3 8
-1 -1
6 -1
7 9
-1 -1
19
-1 3
-1 -1
2 -1
1 -1
4 -1
5 14
-1 -1
7 9
-1 10
-1 11
-1 -1
8 13
-1 -1
12 18
-1 16
-1 -1
15 -1
17 19
-1 -1
5
-1 2
-1 3
-1 4
-1 5
-1 -1
31
-1 4
-1 3
-1 -1
2 5
-1 -1
1 8
-1 -1
7 -1
6 20
-1 -1
10 -1
11 13
-1 -1
12 19
-1 -1
15 18
-1 -1
17 -1
16 -1
14 22
-1 -1
21 23
-1 -1
9 26
-1 -1
25 27
-1 28
-1 -1
24 30
-1 31
-1 -1
27
-1 -1
1 -1
2 4
-1 -1
3 6
-1 8
-1 -1
7 -1
5 20
-1 15
-1 14
-1 13
-1 -1
12 -1
11 19
-1 18
-1 -1
17 -1
16 -1
10 24
-1 -1
21 23
-1 -1
22 25
-1 26
-1 27
-1 -1
16
-1 -1
1 3
-1 -1
2 6
-1 -1
5 7
-1 8
-1 9
-1 -1
4 -1
10 -1
11 16
-1 14
-1 -1
13 -1
15 -1
22
-1 -1
1 15
-1 -1
3 8
-1 6
-1 -1
5 -1
7 -1
4 12
-1 -1
10 -1
11 14
-1 -1
13 -1
9 16
-1 -1
2 21
-1 19
-1 -1
18 -1
20 22
-1 -1
17
-1 2
-1 7
-1 -1
3 -1
4 -1
5 -1
6 13
-1 9
-1 -1
8 -1
10 12
-1 -1
11 17
-1 -1
14 16
-1 -1
15 -1
24
-1 2
-1 -1
1 -1
3 12
-1 6
-1 7
-1 8
-1 9
-1 -1
5 11
-1 -1
10 13
-1 14
-1 17
-1 16
-1 -1
15 -1
4 22
-1 20
-1 -1
19 -1
21 -1
18 24
-1 -1
12
-1 2
-1 -1
1 -1
3 -1
4 -1
5 -1
6 10
-1 -1
8 -1
9 12
-1 -1
11 -1
14
-1 3
-1 -1
2 -1
1 9
-1 6
-1 -1
5 -1
7 -1
8 -1
4 14
-1 -1
11 13
-1 -1
12 -1
31
-1 31
-1 19
-1 -1
3 -1
4 7
-1 -1
6 -1
5 10
-1 -1
9 11
-1 12
-1 -1
8 14
-1 -1
13 16
-1 17
-1 18
-1 -1
15 24
-1 -1
20 22
-1 23
-1 -1
21 -1
2 28
-1 27
-1 -1
26 29
-1 30
-1 -1
25 -1
25
-1 -1
1 -1
2 4
-1 9
-1 7
-1 -1
6 -1
5 -1
8 -1
3 12
-1 -1
11 14
-1 -1
13 -1
10 24
-1 -1
16 22
-1 -1
18 20
-1 -1
19 -1
21 23
-1 -1
17 25
-1 -1
7
-1 -1
1 4
-1 -1
3 5
-1 -1
2 7
-1 -1
31
-1 -1
1 -1
2 4
-1 6
-1 -1
5 7
-1 -1
3 9
-1 10
-1 11
-1 -1
8 16
-1 -1
13 15
-1 -1
14 17
-1 -1
12 -1
18 31
-1 -1
20 -1
21 25
-1 24
-1 -1
23 28
-1 27
-1 -1
26 30
-1 -1
29 -1
22 -1
34
-1 3
-1 -1
2 -1
1 5
-1 6
-1 7
-1 9
-1 -1
8 -1
4 11
-1 12
-1 -1
10 21
-1 -1
14 16
-1 -1
15 -1
17 -1
18 20
-1 -1
19 27
-1 23
-1 24
-1 -1
22 -1
25 -1
26 32
-1 31
-1 -1
29 -1
30 -1
28 33
-1 34
-1 -1
13
-1 -1
1 3
-1 -1
2 -1
4 6
-1 11
-1 8
-1 9
-1 10
-1 -1
7 13
-1 -1
12 -1
1
-1 -1
14
-1 -1
1 3
-1 -1
2 -1
4 7
-1 -1
6 -1
5 12
-1 11
-1 -1
10 -1
9 13
-1 14
-1 -1
3
-1 2
-1 3
-1 -1
39
-1 -1
1 4
-1 -1
3 5
-1 7
-1 -1
6 12
-1 10
-1 -1
9 -1
8 -1
11 13
-1 14
-1 -1
2 16
-1 25
-1 -1
17 20
-1 -1
19 21
-1 -1
18 24
-1 -1
23 -1
22 32
-1 29
-1 28
-1 -1
27 31
-1 -1
30 -1
26 38
-1 -1
33 -1
34 36
-1 -1
35 -1
37 39
-1 -1
49
-1 5
-1 3
-1 4
-1 -1
2 10
-1 7
-1 -1
6 -1
8 -1
9 11
-1 14
-1 -1
12 -1
13 -1
1 28
-1 17
-1 -1
16 20
-1 -1
19 -1
18 24
-1 23
-1 -1
22 26
-1 -1
25 -1
21 -1
27 31
-1 -1
29 -1
30 32
-1 -1
15 42
-1 -1
34 39
-1 -1
36 -1
37 -1
38 40
-1 41
-1 -1
35 45
-1 -1
43 -1
44 48
-1 -1
46 -1
47 49
-1 -1
27
-1 2
-1 3
-1 -1
1 5
-1 -1
4 20
-1 -1
7 10
-1 -1
9 -1
8 13
-1 -1
12 17
-1 -1
14 16
-1 -1
15 -1
11 19
-1 -1
18 -1
6 25
-1 24
-1 -1
23 -1
22 27
-1 -1
26 -1
46
-1 2
-1 -1
1 4
-1 -1
3 9
-1 -1
6 8
-1 -1
7 10
-1 11
-1 -1
5 13
-1 18
-1 -1
14 17
-1 -1
16 -1
15 19
-1 -1
12 27
-1 -1
21 23
-1 24
-1 -1
22 26
-1 -1
25 28
-1 29
-1 -1
20 44
-1 -1
31 -1
32 34
-1 38
-1 -1
35 37
-1 -1
36 40
-1 -1
39 -1
33 42
-1 43
-1 -1
41 46
-1 -1
45 -1
9
-1 -1
1 3
-1 -1
2 9
-1 -1
5 -1
6 8
-1 -1
7 -1
50
-1 -1
1 4
-1 -1
3 -1
2 8
-1 7
-1 -1
6 39
-1 12
-1 11
-1 -1
10 13
-1 -1
9 20
-1 -1
15 -1
16 18
-1 19
-1 -1
17 21
-1 -1
14 25
-1 24
-1 -1
23 26
-1 -1
22 28
-1 34
-1 -1
29 -1
30 -1
31 33
-1 -1
32 35
-1 -1
27 37
-1 -1
36 -1
38 40
-1 -1
5 -1
41 50
-1 44
-1 45
-1 -1
43 49
-1 48
-1 -1
47 -1
46 -1
31
-1 2
-1 5
-1 -1
3 -1
4 -1
1 7
-1 -1
6 9
-1 14
-1 11
-1 -1
10 13
-1 -1
12 18
-1 16
-1 -1
15 -1
17 19
-1 -1
8 25
-1 -1
21 23
-1 24
-1 -1
22 27
-1 -1
26 -1
20 31
-1 -1
29 -1
30 -1
16
-1 -1
1 -1
2 -1
3 5
-1 -1
4 8
-1 -1
7 14
-1 10
-1 -1
9 -1
11 13
-1 -1
12 16
-1 -1
15 -1
7
-1 -1
1 6
-1 4
-1 -1
3 -1
5 -1
2 -1
22
-1 -1
1 6
-1 -1
3 -1
4 -1
5 8
-1 -1
7 9
-1 -1
2 12
-1 -1
11 19
-1 14
-1 15
-1 -1
13 -1
16 18
-1 -1
17 20
-1 22
-1 -1
21 -1
14
-1 -1
1 3
-1 13
-1 -1
4 -1
5 7
-1 8
-1 9
-1 -1
6 12
-1 -1
11 -1
10 14
-1 -1
28
-1 2
-1 3
-1 -1
1 20
-1 9
-1 -1
6 -1
7 -1
8 10
-1 -1
5 15
-1 14
-1 -1
13 -1
12 19
-1 -1
16 18
-1 -1
17 -1
11 -1
4 23
-1 -1
22 26
-1 25
-1 -1
24 28
-1 -1
27 -1
35
-1 -1
1 30
-1 -1
3 5
-1 6
-1 -1
4 9
-1 -1
8 -1
7 20
-1 13
-1 -1
12 -1
11 18
-1 16
-1 17
-1 -1
15 19
-1 -1
14 23
-1 -1
21 -1
22 24
-1 27
-1 -1
25 -1
26 28
-1 -1
10 -1
29 -1
2 34
-1 -1
32 -1
33 -1
31 -1
44
-1 -1
1 -1
2 -1
3 5
-1 -1
4 7
-1 -1
6 9
-1 13
-1 -1
10 12
-1 -1
11 14
-1 -1
8 18
-1 17
-1 -1
16 -1
15 27
-1 -1
20 -1
21 -1
22 25
-1 -1
24 26
-1 -1
23 30
-1 29
-1 -1
28 -1
19 39
-1 -1
32 -1
33 -1
34 -1
35 37
-1 38
-1 -1
36 42
-1 -1
40 -1
41 44
-1 -1
43 -1
15
-1 2
-1 -1
1 -1
3 11
-1 -1
5 -1
6 -1
7 -1
8 10
-1 -1
9 13
-1 -1
12 15
-1 -1
14 -1
3
-1 2
-1 -1
1 -1
18
-1 2
-1 -1
1 4
-1 5
-1 8
-1 -1
6 -1
7 -1
3 10
-1 11
-1 -1
9 17
-1 -1
13 16
-1 -1
15 -1
14 18
-1 -1
29
-1 4
-1 -1
2 -1
3 5
-1 7
-1 -1
6 -1
1 9
-1 11
-1 -1
10 13
-1 -1
12 14
-1 -1
8 22
-1 18
-1 -1
17 20
-1 -1
19 21
-1 -1
16 23
-1 24
-1 25
-1 -1
15 28
-1 -1
27 29
-1 -1
21
-1 -1
1 -1
2 -1
3 12
-1 -1
5 7
-1 10
-1 -1
8 -1
9 11
-1 -1
6 14
-1 -1
13 15
-1 19
-1 17
-1 18
-1 -1
16 21
-1 -1
20 -1
15
-1 6
-1 3
-1 -1
2 5
-1 -1
4 -1
1 12
-1 -1
8 10
-1 11
-1 -1
9 13
-1 14
-1 15
-1 -1
42
-1 -1
1 7
-1 5
-1 -1
4 6
-1 -1
3 -1
2 12
-1 -1
9 11
-1 -1
10 -1
8 27
-1 15
-1 -1
14 23
-1 18
-1 20
-1 -1
19 22
-1 -1
21 -1
17 26
-1 -1
24 -1
25 -1
16 40
-1 -1
28 -1
29 -1
30 32
-1 33
-1 -1
31 -1
34 -1
35 38
-1 -1
37 39
-1 -1
36 42
-1 -1
41 -1
7
-1 2
-1 -1
1 7
-1 5
-1 6
-1 -1
4 -1
44
-1 -1
1 -1
2 7
-1 -1
4 6
-1 -1
5 8
-1 -1
3 23
-1 11
-1 -1
10 -1
12 19
-1 -1
14 18
-1 17
-1 -1
16 -1
15 22
-1 21
-1 -1
20 -1
13 29
-1 25
-1 27
-1 -1
26 28
-1 -1
24 33
-1 32
-1 -1
31 -1
30 37
-1 35
-1 -1
34 -1
36 43
-1 -1
38 40
-1 -1
39 42
-1 -1
41 44
-1 -1
36
-1 -1
1 6
-1 5
-1 -1
4 -1
3 -1
2 -1
7 9
-1 10
-1 11
-1 -1
8 25
-1 -1
13 15
-1 -1
14 17
-1 19
-1 -1
18 -1
16 23
-1 22
-1 -1
21 24
-1 -1
20 36
-1 -1
26 30
-1 29
-1 -1
28 -1
27 32
-1 34
-1 -1
33 35
-1 -1
31 -1
34
-1 -1
1 9
-1 -1
3 6
-1 -1
5 8
-1 -1
7 -1
4 -1
2 20
-1 -1
11 -1
12 -1
13 15
-1 -1
14 17
-1 -1
16 19
-1 -1
18 21
-1 -1
10 -1
22 31
-1 25
-1 26
-1 27
-1 29
-1 -1
28 -1
24 -1
30 32
-1 33
-1 34
-1 -1
42
-1 -1
1 5
-1 -1
3 -1
4 -1
2 -1
6 18
-1 -1
8 13
-1 -1
10 12
-1 -1
11 15
-1 -1
14 17
-1 -1
16 -1
9 19
-1 37
-1 22
-1 -1
21 23
-1 -1
20 26
-1 -1
25 -1
24 35
-1 -1
28 30
-1 -1
29 32
-1 34
-1 -1
33 -1
31 36
-1 -1
27 41
-1 39
-1 40
-1 -1
38 42
-1 -1
10
-1 2
-1 -1
1 4
-1 -1
3 9
-1 -1
6 8
-1 -1
7 10
-1 -1
45
-1 -1
1 -1
2 33
-1 6
-1 -1
5 8
-1 -1
7 -1
4 10
-1 -1
9 28
-1 14
-1 -1
13 -1
12 16
-1 17
-1 19
-1 -1
18 20
-1 -1
15 23
-1 -1
22 25
-1 -1
24 27
-1 -1
26 -1
21 30
-1 -1
29 31
-1 32
-1 -1
11 38
-1 35
-1 -1
34 -1
36 -1
37 42
-1 -1
39 41
-1 -1
40 43
-1 45
-1 -1
44 -1
16
-1 -1
1 -1
2 4
-1 5
-1 -1
3 7
-1 9
-1 -1
8 12
-1 -1
10 -1
11 14
-1 -1
13 16
-1 -1
15 -1
15
-1 -1
1 3
-1 -1
2 -1
4 6
-1 -1
5 9
-1 -1
8 13
-1 -1
10 12
-1 -1
11 15
-1 -1
14 -1
35
-1 2
-1 -1
1 13
-1 -1
4 6
-1 7
-1 8
-1 9
-1 -1
5 12
-1 -1
11 -1
10 14
-1 15
-1 16
-1 -1
3 20
-1 -1
18 -1
19 24
-1 -1
21 23
-1 -1
22 27
-1 -1
25 -1
26 29
-1 -1
28 -1
17 -1
30 32
-1 33
-1 34
-1 35
-1 -1
46
-1 -1
1 4
-1 -1
3 -1
2 -1
5 10
-1 -1
7 -1
8 -1
9 -1
6 12
-1 -1
11 29
-1 15
-1 -1
14 18
-1 -1
17 -1
16 23
-1 21
-1 -1
20 -1
22 26
-1 -1
24 -1
25 27
-1 28
-1 -1
19 30
-1 37
-1 32
-1 33
-1 -1
31 36
-1 -1
35 -1
34 41
-1 40
-1 -1
39 -1
38 -1
13 43
-1 44
-1 -1
42 46
-1 -1
47
-1 -1
1 42
-1 5
-1 -1
4 12
-1 8
-1 -1
7 -1
6 11
-1 -1
10 -1
9 15
-1 14
-1 -1
13 19
-1 17
-1 -1
16 -1
18 -1
3 33
-1 22
-1 23
-1 -1
21 29
-1 -1
25 -1
26 28
-1 -1
27 30
-1 31
-1 32
-1 -1
24 40
-1 -1
34 -1
35 39
-1 -1
37 -1
38 -1
36 41
-1 -1
20 45
-1 44
-1 -1
43 46
-1 47
-1 -1
6
-1 2
-1 -1
1 4
-1 -1
3 6
-1 -1
6
-1 -1
1 3
-1 -1
2 6
-1 -1
5 -1
9
-1 3
-1 -1
2 8
-1 -1
4 -1
5 7
-1 -1
6 9
-1 -1
19
-1 -1
1 14
-1 -1
3 7
-1 -1
5 -1
6 9
-1 -1
8 11
-1 -1
10 -1
4 13
-1 -1
12 15
-1 16
-1 17
-1 19
-1 -1
18 -1
7
-1 3
-1 -1
2 5
-1 -1
4 -1
1 7
-1 -1
9
-1 3
-1 -1
2 -1
1 8
-1 6
-1 7
-1 -1
5 9
-1 -1
2
-1 -1
1 -1
29
-1 -1
1 3
-1 5
-1 -1
4 11
-1 -1
6 -1
7 9
-1 10
-1 -1
8 -1
2 -1
12 20
-1 -1
14 -1
15 -1
16 19
-1 -1
18 -1
17 28
-1 -1
21 24
-1 -1
23 -1
22 26
-1 27
-1 -1
25 29
-1 -1
33
-1 5
-1 3
-1 -1
2 -1
4 -1
1 13
-1 8
-1 10
-1 -1
9 -1
7 12
-1 -1
11 14
-1 16
-1 -1
15 -1
6 18
-1 26
-1 25
-1 21
-1 23
-1 -1
22 24
-1 -1
20 -1
19 28
-1 -1
27 31
-1 -1
29 -1
30 32
-1 33
-1 -1
9
-1 -1
1 8
-1 4
-1 6
-1 -1
5 7
-1 -1
3 9
-1 -1
36
-1 18
-1 16
-1 -1
3 -1
4 -1
5 -1
6 9
-1 -1
8 11
-1 -1
10 -1
7 13
-1 14
-1 15
-1 -1
12 17
-1 -1
2 19
-1 -1
1 24
-1 -1
21 23
-1 -1
22 32
-1 -1
25 27
-1 -1
26 29
-1 30
-1 -1
28 -1
31 33
-1 34
-1 -1
20 36
-1 -1
2
-1 -1
1 -1
17
-1 -1
1 -1
2 4
-1 -1
3 -1
5 7
-1 12
-1 9
-1 -1
8 11
-1 -1
10 13
-1 -1
6 15
-1 17
-1 -1
16 -1
17
-1 2
-1 -1
1 -1
3 9
-1 -1
5 7
-1 8
-1 -1
6 10
-1 -1
4 13
-1 -1
12 17
-1 16
-1 -1
15 -1
14 -1
8
-1 2
-1 -1
1 7
-1 -1
4 6
-1 -1
5 8
-1 -1
25
-1 -1
1 -1
2 16
-1 -1
4 -1
5 -1
6 11
-1 -1
8 10
-1 -1
9 15
-1 13
-1 -1
12 -1
14 -1
7 18
-1 -1
17 19
-1 20
-1 21
-1 -1
3 25
-1 -1
23 -1
24 -1
7
-1 4
-1 -1
2 -1
3 5
-1 -1
1 7
-1 -1
29
-1 13
-1 -1
2 4
-1 5
-1 7
-1 -1
6 -1
3 12
-1 -1
9 11
-1 -1
10 -1
8 -1
1 19
-1 -1
15 -1
16 18
-1 -1
17 20
-1 -1
14 -1
21 23
-1 25
-1 -1
24 -1
22 27
-1 29
-1 -1
28 -1
37
-1 18
-1 3
-1 -1
2 -1
4 7
-1 -1
6 -1
5 9
-1 -1
8 14
-1 12
-1 -1
11 -1
13 15
-1 -1
10 17
-1 -1
16 29
-1 21
-1 -1
20 -1
19 24
-1 -1
23 26
-1 -1
25 -1
22 28
-1 -1
27 31
-1 -1
30 36
-1 -1
32 35
-1 -1
34 -1
33 37
-1 -1
45
-1 14
-1 5
-1 4
-1 -1
3 9
-1 -1
6 8
-1 -1
7 11
-1 -1
10 12
-1 13
-1 -1
2 -1
1 16
-1 17
-1 19
-1 -1
18 20
-1 21
-1 23
-1 -1
22 -1
15 30
-1 27
-1 -1
26 28
-1 -1
25 -1
29 -1
24 44
-1 34
-1 -1
33 -1
32 -1
35 39
-1 -1
37 -1
38 41
-1 -1
40 42
-1 43
-1 -1
36 45
-1 -1
20
-1 18
-1 5
-1 -1
3 -1
4 -1
2 9
-1 8
-1 -1
7 10
-1 12
-1 -1
11 14
-1 -1
13 15
-1 -1
6 17
-1 -1
16 -1
1 20
-1 -1
25
-1 4
-1 -1
2 -1
3 -1
1 10
-1 9
-1 8
-1 -1
7 -1
6 -1
5 12
-1 16
-1 -1
13 15
-1 -1
14 19
-1 18
-1 -1
17 -1
11 21
-1 24
-1 -1
22 -1
23 25
-1 -1
37
-1 -1
1 8
-1 -1
3 7
-1 6
-1 -1
5 -1
4 -1
2 -1
9 11
-1 12
-1 14
-1 -1
13 -1
10 21
-1 17
-1 20
-1 19
-1 -1
18 -1
16 -1
15 31
-1 26
-1 25
-1 -1
24 -1
23 -1
27 30
-1 -1
29 -1
28 -1
22 35
-1 34
-1 -1
33 36
-1 37
-1 -1
47
-1 2
-1 -1
1 4
-1 -1
3 7
-1 -1
6 -1
5 11
-1 10
-1 -1
9 12
-1 13
-1 -1
8 17
-1 -1
15 -1
16 18
-1 -1
14 45
-1 42
-1 23
-1 -1
22 -1
21 25
-1 -1
24 31
-1 -1
27 29
-1 -1
28 -1
30 36
-1 -1
32 35
-1 -1
34 -1
33 37
-1 39
-1 -1
38 41
-1 -1
40 -1
26 44
-1 -1
43 -1
20 46
-1 47
-1 -1
8
-1 -1
1 -1
2 -1
3 -1
4 7
-1 -1
6 8
-1 -1
12
-1 -1
1 6
-1 4
-1 -1
3 -1
5 12
-1 -1
7 -1
8 10
-1 11
-1 -1
9 -1
5
-1 4
-1 -1
2 -1
3 5
-1 -1
0
