1 1
1 2
1 3
1 4
1 5
1 6
1 7
1 8
1 9
1 10
1 11
1 12
1 13
1 14
1 15
1 16
1 17
1 18
1 19
1 20
1 21
1 22
1 23
1 24
1 25
1 26
1 27
1 28
1 29
1 30
1 31
1 32
2 1
2 2
2 3
2 4
2 5
2 6
2 7
2 8
2 9
2 10
2 11
2 12
2 13
2 14
2 15
2 16
3 1
3 2
3 3
3 4
3 5
3 6
3 7
3 8
3 9
3 10
4 1
4 2
4 3
4 4
4 5
4 6
4 7
4 8
5 1
5 2
5 3
5 4
5 5
5 6
6 1
6 2
6 3
6 4
6 5
7 1
7 2
7 3
7 4
8 1
8 2
8 3
8 4
9 1
9 2
9 3
10 1
10 2
10 3
11 1
11 2
12 1
12 2
13 1
13 2
14 1
14 2
15 1
15 2
16 1
16 2
17 1
18 1
19 1
20 1
21 1
22 1
23 1
24 1
25 1
26 1
27 1
28 1
29 1
30 1
31 1
32 1
0 0
