00111110
10100000
01010000
11100000
00000000
00000000
00000000
00000000
00000000
00000000
00000000
00000000
00000000
00000000
00000000
00000000
00111111
10000000
00000010
11000010
00000000
00000000
00000000
00000000
00000000
00000000
00000000
00000000
00000000
00000000
11111111
10001001
01011111
00111010
00011100
01010000
00111011
00011101
01001101
00111110
10100000
00011110
00111101
10000000
11000101
00111100
10000000
11000010
00111110
11100000
00000000
00000000
00000000
00000000
00000000
00000000
00000000
00000000
00000110
00000111
00000000
00000000
00000000
10000000
01011111
01001010
00001010
00111110
10100000
10100000
00011110
00101010
10000000
11000001
00010101
00111110
11100000
00000000
00000000
00000000
00000000
00000000
00000000
00000000
00000000
00000000
00000000
00000000
00000000
00000000
00000000
00000000
00000000
00000000
00000000
00101010
00110011
10101101
11111001
11010011
00100111
10000100
01000101
11000100
11110011
11100001
00111100
10101001
10111100
11100011
11101100
00111100
11011101
01001101
11100111
11101101
00110111
01110011
11100111
01111111
01010010
00100100
01011001
00001000
00101100
00011110
10100110
00100010
11111100
11001010
10010010
01010011
01110101
10110101
00000001
10110100
01000011
11000000
11111110
00001000
01101110
00010101
11011010
11000111
10001101
11101101
10011010
11000111
10100101
11011010
01010100
10100111
11001001
10100010
11101010
10011000
10111100
01100101
00000100
00000010
00001110
10001010
01101111
10010011
10010110
11100000
10101001
10011111
01110110
10100000
01001011
00101011
10101101
10001101
10001110
01110000
11011011
11100100
11111101
11101001
01000001
01110100
11000110
00100011
01101100
10111111
11010100
01010111
01111010
10010110
01110010
00011101
10010110
10011010
00100011
11101010
11000001
01001111
10100110
00110101
00010100
11111100
00110110
00001101
11010001
01110001
11100000
11010000
11111001
11001010
00111000
01010100
10110110
11110000
11111101
11110111
01111110
10000001
10010010
00010111
11100110
01110000
10011001
01111001
10100101
00010001
00001110
11010011
00000000
10001010
10111101
11001101
11000000
10001101
00110001
10100010
00100111
01010100
01110110
10101111
01100111
11101000
11000110
00011111
00001110
11111111
11010100
10100101
00010010
01000111
00111001
01001001
10000101
10011110
00100011
01010110
01010100
00010010
01111000
10001010
01000001
00010100
10010110
00100110
01000110
01100001
11010011
10100101
01100100
11011100
01000000
10110011
01001110
00010101
11110011
10111110
11110101
01011101
01010010
10100010
11001101
10101110
01100011
00011010
10011101
00011101
10100001
01100001
11111110
00100011
10100001
11101010
11101011
00010101
00001111
10100000
00110001
01001001
01101010
01000001
10101000
11110111
11011101
01101100
00100001
11010010
11011100
00011011
01011010
01100110
01110111
11011110
00001110
00011111
11110011
10100000
00000101
00110101
10101000
11101101
11011011
10110001
00110101
11001011
00111101
01011110
11111111
10100101
11000110
10100000
01111111
00111001
01011000
00011010
01000011
10101110
10011010
10101110
00010111
00010100
00000110
11010100
01100011
00000100
01000101
01101100
01011000
11111001
00110001
11111101
00111000
11000001
11100011
00001101
00101101
10011000
10001001
10000001
10010110
01110101
11000010
01100011
00100001
01001101
11000100
11001100
10101101
00101001
11100001
00111101
10011000
10111101
11101001
11011000
00000000
10101110
01000101
01001001
01011000
10010110
00101111
11100110
01001101
00100100
00010111
10001111
00000111
00010001
01011100
01011110
10000101
11110011
10100110
01011000
11001111
10110100
00010100
01010000
01110111
01101011
10110001
00000111
11111011
10010011
00000011
01011100
10011000
00010110
10011010
10010110
11101001
01001111
00110111
11110010
11101100
01111000
