10 100
1234567890 9876543210
1 10
11 100
101 1000
1001 10000
4051977 19031977
314159265358979323846 3141592653589793238462643383279502884197169399375105820974944
1000000000000001 10000000000000000
0 10000000000000000000000000000000000000000000000000000000000000000000000000000000000000000000000000000
1000000000000000000000000000000000000000000000000000000000000000000000000000000000000000000000000000 10000000000000000000000000000000000000000000000000000000000000000000000000000000000000000000000000000
9999999999999999999999999999999999999999999999999999999999999999999999999999999999999999999999999999 10000000000000000000000000000000000000000000000000000000000000000000000000000000000000000000000000000
10000000000000000000000000000000000000000000000000000000000000000000000000000000000000000000000000000 10000000000000000000000000000000000000000000000000000000000000000000000000000000000000000000000000000
9216845717656874712980450562726202415567360565980794777111390850331644813674856981646960226192287359 9216845717656874712980450562726202415567360565980794777111390850331644813674856981646960226192287359
9216845717656874712980450562726202415567360565980794777111390850331644813674856981646960226192287359 9216845717656874712980450562726202415567360565980794777111390850331644813674856981646960226192287360
9216845717656874712980450562726202415567360565980794777111390850331644813674856981646960226192287359 9216845717656874712980450562726202415567360565980794777111390850331644813674856981646960226192287361
9216845717656874712980450562726202415567360565980794777111390850331644813674856981646960226192287360 9216845717656874712980450562726202415567360565980794777111390850331644813674856981646960226192287360
9216845717656874712980450562726202415567360565980794777111390850331644813674856981646960226192287360 9216845717656874712980450562726202415567360565980794777111390850331644813674856981646960226192287361
9216845717656874712980450562726202415567360565980794777111390850331644813674856981646960226192287361 9216845717656874712980450562726202415567360565980794777111390850331644813674856981646960226192287361
3807901929474025356630904134050 31428600503229159751339745276442091208977285345179605163923475056141185
3807901929474025356630904134050 31428600503229159751339745276442091208977285345179605163923475056141186
3807901929474025356630904134050 31428600503229159751339745276442091208977285345179605163923475056141187
3807901929474025356630904134051 31428600503229159751339745276442091208977285345179605163923475056141186
3807901929474025356630904134051 31428600503229159751339745276442091208977285345179605163923475056141187
3807901929474025356630904134052 31428600503229159751339745276442091208977285345179605163923475056141187
0 1
0 2
0 3
0 4
0 5
0 6
0 7
0 8
0 9
1 1
1 2
1 3
1 4
1 5
1 6
1 7
1 8
1 9
2 2
2 3
2 4
2 5
2 6
2 7
2 8
2 9
3 3
3 4
3 5
3 6
3 7
3 8
3 9
4 4
4 5
4 6
4 7
4 8
4 9
5 5
5 6
5 7
5 8
5 9
6 6
6 7
6 8
6 9
7 7
7 8
7 9
8 8
8 9
9 9
144191517670894302 6991234673234908377549717727268118296327808067268795630898726685446827
4705554752822919696843564663696453408 75338590886362873728796027450615381035576328725
1858551 6260099625873231969687475763301305017958799284181420288576106129188988573
25800662182053037782 27896510777094546033642862440144643219526870534406908117115209142096233196760617704047625945616
1344928633937129898019027010268 9958156620784630166195833729181903822429266968098866878089124099842496256316256840217
292231211536836585117566439642121024899860376362812916315 6908435580358916076961057862850329367901376553014182808032303507675938433731029073301285402166921
999153950445910201003590490741760837081236553711353944795 225735443503288272244678892888212046300930191484060780393261984795
16049036436358274109819768022 7367770022387229976609252431633817955999394747314268886885200363631866791
3555295558360351475743944436608293592865397513458485 80951889489283910628606605608416004937300911409206254280494275099835421
475980180955188390935222771822324611133027254498253909982713516 184323434384532556594692089803693012360131404997060999979793807861470582649591618
74477553485488026334805599867343332 99769896412745092832767464707263172608386558471645055
71592588751109502527232436852940412028230399820738 719172773837757325197513444902797936030846600569910267099700810799079
760751824011956949333522003904437412385435585222199080198896648633168683 3577298326938144588837183581050494380356655456542185985823085471752432695587938320920
4979956094756952 839385046862105469972
638159287387437602335678220995110428449193265005106800606653638487843 541430486235928420355550234919488003638905774334007392920430937379478317039819356950
25832438756607098830826045647799116000304115314644876871733885705 470486395230108601039940719665685566015783782827530867481984127299318116
34430022554907873052172967841930910317110648788602424337979076826144570505552182381292296591 1454671290229329862350260300767409189383117849578703246692172234949634778033698735944733778520
46448601319338652379307790813711551497423707 652510507041973660506153002676031725966019666560790612774926341735022896
3203956118948892852257583396687396299777458638706045362358652914771062454 386557503508315874086996987520498486441151524721736572079069393752730569454784
4540996531799442641501380 5729231517477544103363919228
9596592272666627129993796138914238688046130520594 559292133687265106224746396242366548552365560365108940256244093954658047
2956625729304402793961650682849559512 211568402722265052877293668728473032671558558846278535
8399458134954892036850179852548419798314581756 2862764958650394315549535822821145842880876149427885537939897291969738731833771461710594257579
836423195 710575317264377552556632932035360745078678337053866722140
12285672059180714294928307033688271886067439 64819069851803489312586286994453423809447590782521031219562947638688844389782654802762
98373724867726399976847893478840337414297549475 421306199206947765869793186362666539729881521934707237096266072702
233356226318329965919695851736636531281226189793111807341422 51704717368580925430556511761304070625708925231188134644260268167550796065090927266273
3179237856351897705702421361716955742408399773305666685841315570209253163623219662013802512018728 60378600074822851842871378407800028129291579852445978067002080956075222305468724279857076008678819
2435 8762494097673112453439663925712
8757141195230778731989881382786413871229637802725033959916457587408046772590743 465331026475305698570218208929288255110294973183311629706552711628257795073772997311
366547697584912365997010379179967 38463463646296622041921081247262838511842768040554123485453229698293
84958740367132467570414031538010474190440501472050692441192153860954156063580518 411572368375678305666156113758844102723447947512282396737212798346292519306208127407840248
9389031372643751358693296070242103847794559957867971298347106999 2101459696042781762258744235024487296595099420754235547291188879012732984
18796357318381400271079950945549230502517191124219 65670703215091076362035476722363553327883848703389179688013702173977569239001185968938206358281
6929869820881543522986681902314319410265556862176608117175868584466400 8010916149254295355693482338903950631802073324535286216493061120134352387050328
3992657143226501812013 303704049207017226634689048270319066920203335164614796124236671448671265785564706360
45081992433066881159279606829957047174237218579519738508858452828878769 371174313409209563143396719071475808410687587332164846476420844745649247222444070260339
7857194221567429530379071041640578615273044607924949967966033086408 99368052057726608885772304508745141450401981559985217448110712009298836729706342095202550565272
9499446545166549130497901802332553152911 99604777244728840585821155505160573060914509766866926950351324655126318050709823873256739
18841562224833306318547438928925951680702016745424764816 315506797612846926582562575053719810917624190781139717138638674895017542892051140
7392861281900911029693445323587564598486205328897279881179045 174881957080001023466326050369420526219429127031096966434521273527656629099012359
702895606592280791169802903555117381 5146869575163911211125843774476617849914
1134108811151613425450262177306 85880245680548186163068648880472358244323462391491727806908
96498679396450434301711862754227571647169149681127786864521 106551664188217277250446467625282585189608065611757808540950589117279527986807075834830408472436
564412006280184 190837873408780808846320755331648325501941482899405013441322326777596426008655343152690739378508
95677237697760167926 1369157319622836223283927028076758819722137739757196
96674214126323869118021413691033634656307320218146085 986189850339538026796915400231146125113371705163675800343507751095
438925403235188435045571249568468153412796963866716956306787294 820028237927986150161756832743843504892096625407563384784208004356697031031085622
20621474920583486699951404528581042046756603 9511993458908413601440350721340827630988460049206
6033852730043912114943332681789499388589377697 3665437334880172845821697112700134600582685353115448651981974414173818259877979
870187567978892734409176261467382072331331590564768795530885547634642731186436361665 64139051920342482371277830429743947875171848393637897371707951638922380923713879301318600
74821532956353870040319859685632796987025343697820870 136863349748791602274847644499343176317369762208805937330912078929747154265223902427608593
704897379696630356433871815556997668860805029479333503189721542904320410762923629360967 5728309973986332288105326928934320350588836993563032474659665206465999859974713643451473254371577
62087076 6951559164850063922829544317763856072505608140474629784134200
5728795973340435870050479640428553500634238820524420459366759995254216536045 40856611532933708392889693597578350467177073065449282462829940044395135046582909225321
5417436227313088590616003149586887223836512612628688870381464117130584696014531 7673512367217510869254739039139207543114359590290449729845616919636135852563901076848699033487
848235 3873235559431320507
4651413721695154577510540099371978982137226425717288256023897505179459691872405186133 933322634420970263695927563532407792118349198287445314995651360925814038244423515216696282824
633679715576576482813766172473435101669704936946246298576879432815198573963862658682962 42596058456840078226216360699831763381324909841430429294309117047218942728711298029139390766479626
93 60999824823709216909129052464481810780220143588111851532918866066555359814121452222
56138493243453225890594202353805921 3196339617251090568050358040523761047149580398783379037264400247995822807
676728783473126624751238571165599742697781917277704210547977540630798648203463916491476180284998 60300742435252078246627430838859965404355830324054608465576000956001946150380087940797145486500951
14954781489495650617512222733454857225455411675423838628998 4628933820804337730552416803685937387303515171352050253762533215131158690994708600614
6569540930420336240180402277959735047016824508556650787334026552743934478255929278989 33696440969560889657177628406743148335273648115931928436696442158541500066178644163529
612961561936242626467215669826288594784382390007353183895946621 80228051225249280617468307757365388298254700011928132532871847866921168139276877452732674175850
1442515234457697935047524274296689076711307631 6141573057498349249362391593973310490416946481073112064682307128
720450822 498155857091669960345988240041545637903304191452365618126221
61090610523341776336166436011673739310 1478233494606179802914595133330127036120748180627178917585982345086936104128
7668782 7724714889199301442756552534109083287682623176967724656428430920793026422433779381830
49279989824296474601966297041738093677996590293683708559797 117932521109804773859667739219946364548529984000325214120610875685
6802220052031662863668009404050538110834458068 4690790862862755101368894770295863639788833784493123426050885449656333291079617991519871
798429281197647197166903714016654938739603687996624211380975651887143546875152431295459 78334072659759955954211736135698875173431804849531672593466162298150080733065495405891828938542
45361465 5093281286844718463688683342314784933934088980882050232726248506760202540937564959532860
450759936604431199768955824141387230 744670501042738732713299201611955474005035655398728683590429255371755123481931924237998
40243948612399 39617097575204999477950312051358213
6582486653571249326513 69882179676497356009931872378117927690461831497405942350035178
76589774182292845543787 47197807696323735378320451057067706854642942208353687083848208608097664096925361410477
9942297452050613370342514086 769821332898875171229916068356075865502552735511893634825126762066578258654205645810018
361885195166949292846755848313891851452831917527244060656778751413195661296509214373 17215478211317939103546402026118951752195602577396709611135041564783854789352265660507224463
5401946872891752551999579151268304193171877069173 96734246052507267871864654649272332286561241922799242430895464774159152280563529857
638305464603697395705658087694715643940419340917920162624 42851404377385967177588311739786411534060438835472224114462524936401
1419216529085197135265207124938845931049414704671625148717 11396713367391110677570684023014882082770237713755064525137634135984247175889023964967
6692249879980867930792061182806 81958359432793130542236985995257410361096553
96690870179081906566103982686591450580409844 392850125123395149228556423411102118306771081762889490534899827
317780681588359 813283057057801346477419
90847 64377737210970
14530907561971665603155089420126172072323334275159742636777564459590018301180739669 162210588039181191470471417832946262075061611767786001312932854624790532366767878300413796480041403
7846245307530113680036404038655147074186 4214550253394344915604631635059972678039899394490328
534168638027278059227049895126368595510 706322554325594337082127157328190291977325744986624636327727888663792737039448264425697841576888
330825083765180 41403530298762829808201449
4159163208240742091258980675963809945 90392366417091099811382157238796922138861344573119074
60 9999399932595167565665545708127571077336804218937275801129332888776099825005731628406262909
6455 314843370198191942356870476531844
249006378586018069898812939589426920011021337 495412740589827258333415205300201876543476094226955888011359201540
8500655353519260561440445880851714974437030 95198779040034515606501283828178817729049949421195746118270882227987410167715
734056798 213130878535450994370243961
91997681310960235208945759349644256914430847373333719926096755557653080356523695 88650639826627140667169971929360313224000640516395998828492511753955154351818055285732201133633792
111822796995432031557346381162394724232383640 714668936269768390235468662117157813831495879079327472481426277560732251400743667
930851357451979204600542129935375720269696495637917834537074115488724841513298016233835709928194 13463399609414113093725341579497636193512688679570326199981010569404776221672459093038267310542929
4903986310 52369576654668830
0 0
