2
3
5
7
11
13
17
23
25
29
37
41
43
47
53
61
67
71
77
83
89
91
97
107
115
119
121
127
131
143
149
157
161
173
175
179
181
193
209
211
221
223
227
233
235
239
247
257
265
277
283
287
301
307
313
329
331
337
341
353
359
361
377
383
389
397
407
415
419
421
431
433
437
445
463
467
475
481
493
497
503
509
517
527
535
541
553
565
577
581
593
595
607
613
617
625
643
647
653
659
667
673
685
691
697
703
707
727
733
749
751
757
775
787
791
797
803
805
811
835
839
841
851
853
857
863
865
881
893
913
929
931
937
941
943
959
961
967
973
991
997
1007
1015
1021
1043
1045
1049
1061
1063
1093
1097
1103
1105
1111
1123
1133
1141
1147
1151
1177
1193
1201
1207
1217
1223
1225
1229
1231
1237
1247
1255
1271
1277
1283
1297
1303
1313
1315
1333
1351
1361
1363
1367
1375
1379
1381
1391
1403
1427
1435
1439
1441
1465
1481
1487
1493
1507
1511
1517
1525
1531
1537
1541
1553
1559
1567
1577
1589
1601
1627
1631
1643
1651
1657
1667
1675
1679
1691
1705
1709
1717
1721
1723
1735
1757
1769
1777
1781
1795
1799
1811
1813
1823
1829
1831
1841
1847
1853
1859
1877
1891
1901
1907
1915
1919
1931
1943
1961
1973
1987
1993
1997
2005
2017
2023
2035
2039
2047
2063
2065
2083
2093
2095
2111
2123
2129
2155
2161
2167
2189
2197
2203
2207
2215
2219
2243
2251
2257
2267
2279
2281
2297
2303
2333
2351
2353
2357
2363
2371
2377
2381
2383
2393
2411
2417
2425
2429
2443
2455
2459
2467
2477
2485
2489
2503
2507
2519
2531
2533
2537
2545
2573
2591
2603
2611
2621
2635
2641
2651
2663
2669
2677
2681
2687
2695
2707
2723
2725
2729
2731
2743
2747
2755
2777
2785
2803
2807
2813
2837
2845
2857
2861
2873
2879
2891
2903
2905
2927
2933
2939
2957
2963
2969
2981
2983
3001
3007
3011
3017
3037
3055
3067
3083
3085
3097
3101
3107
3119
3121
3133
3151
3161
3173
3191
3193
3221
3223
3227
3239
3247
3251
3253
3269
3271
3293
3299
3301
3311
3323
3337
3343
3355
3359
3361
3373
3385
3403
3413
3415
3433
3449
3479
3481
3487
3503
3505
3509
3517
3535
3539
3547
3553
3565
3571
3583
3593
3595
3599
3611
3623
3625
3631
3659
3661
3671
3673
3689
3697
3721
3731
3743
3745
3751
3757
3775
3779
3793
3797
3817
3833
3847
3851
3863
3877
3881
3883
3901
3911
3923
3925
3931
3937
3941
3973
3977
3985
3989
4013
4031
4033
4037
4045
4073
4081
4105
4109
4111
4117
4121
4123
4133
4141
4165
4187
4193
4199
4211
4213
4237
4253
4255
4261
4277
4289
4301
4303
4307
4321
4331
4361
4375
4381
4397
4405
4409
4423
4427
4433
4451
4457
4463
4487
4493
4499
4517
4525
4529
4541
4543
4571
4589
4591
4607
4615
4621
4633
4637
4645
4663
4667
4681
4691
4693
4697
4709
4717
4721
4727
4739
4753
4793
4801
4813
4817
4841
4847
4853
4867
4873
4883
4897
4901
4907
4913
4933
4945
4949
4957
4961
4973
4981
5003
5005
5023
5027
5035
5039
5041
5057
5069
5077
5083
5093
5123
5129
5137
5147
5167
5171
5173
5183
5197
5213
5221
5233
5245
5261
5263
5273
5279
5287
5291
5311
5323
5339
5353
5357
5365
5371
5381
5395
5401
5417
5431
5453
5459
5461
5471
5473
5501
5503
5521
5531
5533
5537
5549
5561
5563
5575
5581
5593
5627
5633
5635
5653
5657
5663
5669
5671
5693
5699
5723
5725
5741
5753
5759
5771
5789
5791
5801
5815
5819
5837
5843
5849
5851
5857
5867
5873
5903
5909
5917
5933
5935
5947
5963
5969
5987
5995
5999
6011
6023
6059
6061
6067
6077
6089
6103
6107
6113
6115
6127
6137
6145
6161
6173
6179
6181
6187
6193
6233
6247
6277
6283
6293
6295
6299
6311
6337
6343
6353
6355
6373
6403
6415
6421
6431
6433
6445
6449
6467
6473
6479
6487
6503
6509
6527
6533
6539
6557
6563
6577
6583
6587
6593
6617
6629
6631
6643
6655
6659
6685
6691
6703
6713
6715
6721
6743
6757
6761
6787
6797
6803
6809
6823
6853
6865
6877
6901
6907
6913
6917
6923
6929
6931
6943
6947
6953
6967
6983
6991
7007
7031
7037
7049
7051
7061
7063
7073
7075
7087
7109
7123
7127
7139
7151
7157
7163
7169
7177
7183
7201
7211
7213
7223
7231
7237
7259
7261
7271
7289
7291
7301
7307
7327
7349
7361
7379
7391
7411
7417
7433
7439
7441
7451
7465
7483
7495
7499
7511
7525
7555
7559
7571
7585
7589
7597
7601
7603
7607
7621
7649
7657
7675
7681
7703
7717
7733
7741
7763
7765
7781
7783
7795
7799
7811
7817
7837
7843
7847
7859
7871
7873
7885
7897
7913
7927
7937
7943
7945
7967
7973
7993
8003
8009
8017
8023
8027
8035
8053
8057
8083
8099
8101
8111
8123
8129
8131
8153
8155
8183
8185
8201
8203
8215
8227
8231
8245
8261
8263
8293
8317
8321
8339
8341
8357
8363
8365
8387
8393
8411
8425
8447
8453
8467
8471
8473
8489
8491
8497
8501
8507
8531
8543
8545
8549
8557
8587
8603
8627
8633
8635
8639
8651
8657
8677
8683
8713
8729
8731
8741
8743
8753
8755
8783
8821
8831
8837
8843
8845
8861
8867
8887
8891
8897
8909
8917
8921
8923
8947
8951
8965
8977
8993
8999
9013
9017
9031
9043
9059
9071
9077
9085
9097
9107
9121
9131
9149
9157
9161
9175
9179
9181
9191
9197
9205
9211
9227
9241
9253
9263
9277
9281
9287
9341
9347
9355
9361
9367
9383
9385
9389
9421
9449
9467
9475
9479
9487
9493
9503
9523
9547
9551
9557
9565
9577
9599
9601
9617
9623
9625
9653
9659
9677
9685
9689
9697
9703
9715
9727
9751
9781
9803
9805
9817
9833
9839
9841
9847
9863
9869
9881
9883
9899
9907
9911
9913
9937
9961
9973
9977
9985
9989
9997
10013
10027
10037
10045
10049
10051
10057
10075
10097
10105
10123
10127
10133
10151
10157
10177
10181
10183
10187
10199
10223
10231
10241
10253
10261
10267
10277
10285
10313
10315
10331
10351
10363
10367
10373
10379
10391
10397
10409
10411
10421
10433
10447
10477
10493
10511
10513
10537
10543
10571
10573
10577
10603
10615
10619
10633
10643
10657
10667
10673
10681
10697
10703
10723
10747
10753
10757
10763
10765
10793
10807
10817
10829
10843
10859
10861
10871
10889
10903
10907
10921
10937
10943
10957
10963
10975
10993
11009
11011
11017
11041
11051
11053
11063
11069
11071
11093
11107
11113
11143
11159
11171
11191
11197
11201
11203
11213
11227
11233
11249
11251
11257
11261
11281
11287
11291
11303
11305
11311
11333
11369
11383
11387
11417
11423
11429
11431
11441
11447
11467
11473
11483
11489
11497
11507
11519
11527
11533
11543
11545
11549
11551
11563
11591
11603
11617
11627
11639
11651
11657
11669
11671
11677
11693
11699
11731
11761
11771
11777
11783
11785
11813
11827
11831
11851
11857
11861
11879
11881
11909
11911
11917
11947
11957
11969
11971
11999
12007
12011
12013
12043
12059
12061
12073
12091
12101
12103
12113
12115
12121
12127
12145
12167
12173
12193
12197
12205
12223
12227
12235
12241
12253
12257
12277
12287
12299
12301
12311
12313
12347
12353
12359
12389
12391
12413
12431
12433
12437
12451
12463
12479
12491
12493
12533
12539
12547
12551
12563
12577
12583
12593
12595
12601
12637
12641
12643
12653
12661
12673
12677
12697
12703
12719
12745
12749
12805
12811
12823
12827
12833
12851
12853
12871
12877
12893
12913
12917
12925
12931
12937
12941
12989
12991
13015
13031
13037
13045
13063
13067
13081
13091
13103
13109
13111
13121
13135
13153
13163
13165
13169
13177
13181
13207
13225
13229
13231
13247
13255
13259
13271
13297
13301
13313
13321
13327
13357
13361
13363
13373
13375
13409
13411
13423
13441
13457
13493
13501
13507
13511
13513
13537
13541
13547
13555
13561
13573
13585
13591
13597
13607
13637
13661
13691
13693
13697
13703
13705
13717
13733
13747
13753
13757
13765
13783
13793
13795
13799
13801
13811
13853
13855
13861
13873
13877
13883
13885
13927
13949
13957
13967
13987
13993
14003
14005
14021
14039
14047
14069
14071
14081
14083
14093
14095
14099
14113
14117
14143
14153
14171
14173
14201
14219
14221
14249
14257
14279
14305
14309
14317
14323
14327
14341
14347
14363
14381
14383
14395
14407
14411
14423
14431
14473
14483
14485
14489
14503
14513
14519
14533
14557
14561
14563
14605
14611
14623
14647
14663
14671
14677
14683
14693
14699
14701
14711
14723
14729
14741
14771
14777
14801
14803
14819
14827
14849
14851
14857
14867
14873
14893
14909
14939
14947
14951
14953
14965
14987
15001
15007
15037
15059
15067
15085
15107
15113
15121
15131
15133
15137
15143
15145
15157
15161
15175
15187
15193
15197
15203
15221
15227
15247
15251
15263
15269
15271
15293
15317
15329
15331
15355
15367
15383
15385
15391
15403
15413
15449
15461
15475
15491
15503
15517
15533
15535
15539
15541
15557
15569
15595
15611
15617
15631
15637
15643
15661
15671
15673
15689
15707
15713
15719
15721
15737
15749
15761
15767
15773
15787
15805
15811
15823
15833
15847
15851
15853
15857
15865
15895
15923
15925
15929
15953
15955
15973
15977
15989
15997
16007
16031
16037
16043
16063
16075
16079
16105
16127
16139
16171
16183
16193
16211
16217
16223
16231
16243
16259
16261
16267
16285
16289
16313
16315
16331
16363
16367
16375
16393
16397
16405
16417
16423
16427
16433
16441
16495
16501
16537
16547
16553
16555
16559
16567
16573
16583
16601
16603
16607
16627
16633
16645
16657
16663
16681
16687
16691
16697
16711
16741
16747
16763
16783
16787
16793
16795
16799
16811
16843
16847
16861
16871
16889
16891
16921
16927
16933
16945
16951
16973
16979
16981
16987
17009
17035
17051
17053
17063
17071
17081
17099
17129
17159
17161
17177
17183
17185
17197
17203
17213
17233
17263
17267
17273
17281
17309
17317
17321
17323
17327
17351
17369
17371
17377
17393
17407
17423
17425
17431
17441
17443
17447
17455
17459
17503
17507
17533
17545
17549
17557
17581
17611
17627
17635
17639
17641
17657
17663
17681
17687
17707
17711
17723
17731
17743
17747
17759
17785
17789
17791
17797
17801
17807
17813
17837
17845
17849
17879
17887
17891
17893
17897
17917
17927
17939
17941
17947
17953
17977
17999
18011
18017
18031
18037
18061
18071
18073
18077
18107
18115
18127
18133
18137
18179
18187
18221
18239
18241
18253
18257
18271
18283
18299
18311
18317
18323
18325
18347
18359
18377
18397
18415
18431
18437
18445
18463
18481
18497
18521
18533
18551
18557
18571
18577
18581
18601
18607
18623
18629
18637
18653
18661
18673
18689
18707
18737
18767
18773
18787
18791
18809
18817
18821
18847
18851
18863
18865
18887
18895
18899
18911
18913
18929
18953
18955
18961
18973
18997
19007
19015
19033
19043
19049
19061
19075
19097
19103
19109
19121
19123
19135
19151
19165
19177
19181
19183
19187
19201
19229
19231
19253
19261
19271
19285
19297
19303
19315
19331
19337
19363
19367
19373
19391
19393
19397
19411
19435
19439
19453
19463
19465
19471
19487
19523
19525
19541
19553
19555
19571
19573
19585
19601
19607
19613
19621
19627
19631
19661
19663
19681
19703
19705
19711
19727
19735
19751
19757
19765
19783
19793
19801
19807
19813
19817
19829
19847
19861
19871
19873
19901
19919
19921
19943
19949
19961
19973
19975
19987
20005
20011
20023
20051
20065
20069
20081
20083
20123
20153
20171
20197
20201
20203
20207
20213
20233
20237
20251
20257
20261
20287
20333
20335
20339
20347
20357
20363
20383
20411
20425
20441
20453
20459
20467
20497
20501
20503
20515
20519
20537
20545
20551
20567
20597
20617
20621
20633
20635
20677
20681
20683
20687
20699
20707
20713
20729
20731
20741
20759
20767
20777
20789
20813
20815
20863
20881
20887
20897
20905
20917
20921
20923
20935
20947
20957
20963
20995
20999
21025
21037
21047
21055
21073
21101
21115
21119
21121
21127
21143
21145
21173
21179
21187
21203
21211
21223
21227
21239
21247
21257
21263
21271
21277
21311
21313
21317
21325
21331
21341
21353
21367
21385
21389
21391
21403
21431
21449
21457
21475
21481
21487
21493
21503
21511
21523
21553
21581
21607
21625
21629
21643
21659
21671
21673
21683
21697
21703
21745
21751
21763
21773
21779
21791
21811
21823
21835
21839
21851
21863
21869
21917
21923
21929
21947
21959
21961
21967
21973
21983
21989
21997
22015
22019
22043
22051
22063
22073
22075
22087
22091
22103
22123
22133
22141
22151
22181
22199
22211
22225
22229
22231
22247
22277
22327
22331
22361
22363
22367
22375
22379
22391
22393
22417
22427
22447
22457
22471
22481
22495
22499
22507
22525
22541
22547
22553
22561
22571
22573
22585
22591
22621
22631
22637
22643
22645
22663
22697
22709
22717
22727
22741
22747
22753
22757
22769
22787
22799
22801
22811
22829
22831
22841
22853
22859
22861
22873
22885
22901
22931
22943
22979
22981
22991
22997
23005
23009
23017
23021
23033
23041
23051
23069
23071
23087
23093
23101
23113
23125
23129
23147
23171
23173
23189
23207
23215
23219
23227
23231
23261
23293
23305
23309
23311
23335
23357
23371
23381
23393
23407
23417
23431
23437
23441
23485
23489
23515
23519
23545
23549
23557
23561
23603
23611
23617
23627
23665
23695
23701
23707
23729
23741
23743
23747
23755
23771
23773
23777
23797
23827
23851
23861
23863
23875
23887
23891
23897
23903
23911
23917
23923
23933
23935
23951
23953
23963
23983
23995
24001
24017
24029
24043
24047
24059
24061
24073
24085
24107
24115
24127
24143
24145
24173
24179
24187
24191
24203
24211
24233
24241
24247
24253
24257
24271
24277
24293
24317
24329
24343
24355
24361
24383
24389
24397
24415
24431
24433
24443
24449
24493
24503
24521
24527
24539
24541
24563
24569
24583
24613
24617
24623
24625
24641
24667
24673
24685
24691
24701
24703
24715
24749
24757
24773
24797
24803
24809
24821
24823
24847
24857
24883
24899
24913
24929
24931
24947
24955
24959
24961
24967
24977
25003
25015
25019
25051
25057
25079
25087
25109
25121
25123
25135
25139
25147
25157
25171
25195
25199
25241
25247
25255
25261
25277
25283
25297
25307
25319
25331
25333
25345
25381
25403
25423
25433
25435
25457
25463
25481
25483
25487
25493
25517
25525
25529
25531
25577
25583
25589
25607
25615
25619
25649
25667
25673
25703
25721
25741
25747
25777
25795
25813
25817
25823
25825
25831
25843
25867
25873
25897
25907
25931
25937
25957
25961
25963
25973
25987
26011
26017
26023
26027
26033
26039
26051
26053
26077
26083
26107
26113
26117
26123
26137
26143
26155
26173
26183
26197
26201
26233
26243
26245
26251
26261
26275
26293
26311
26321
26323
26341
26357
26365
26371
26383
26395
26399
26407
26417
26437
26447
26455
26461
26471
26485
26501
26503
26521
26531
26533
26543
26549
26551
26557
26563
26579
26581
26587
26591
26617
26633
26665
26695
26699
26737
26741
26743
26759
26773
26797
26813
26821
26827
26831
26837
26845
26851
26857
26867
26875
26903
26905
26921
26927
26935
26941
26971
26983
27001
27013
27029
27053
27059
27061
27067
27077
27083
27085
27091
27113
27143
27161
27173
27179
27187
27209
27211
27251
27263
27265
27271
27283
27329
27337
27341
27347
27361
27367
27371
27373
27389
27427
27449
27457
27461
27473
27503
27505
27521
27527
27551
27553
27571
27581
27587
27611
27629
27637
27643
27653
27671
27689
27691
27697
27703
27713
27719
27737
27787
27797
27809
27835
27847
27877
27887
27893
27901
27925
27943
27953
27967
27983
27991
28001
28003
28013
28031
28045
28061
28073
28075
28079
28087
28091
28097
28117
28139
28141
28153
28157
28169
28183
28193
28207
28237
28241
28261
28267
28271
28273
28283
28313
28315
28319
28367
28373
28387
28397
28411
28421
28423
28439
28483
28493
28507
28517
28525
28553
28561
28571
28583
28589
28601
28613
28621
28627
28631
28633
28651
28657
28661
28667
28675
28679
28705
28709
28717
28753
28763
28765
28771
28781
28783
28795
28807
28823
28825
28841
28861
28873
28877
28919
28937
28945
28949
28951
28957
28963
28981
29017
29021
29047
29051
29069
29081
29099
29107
29111
29113
29129
29131
29147
29155
29159
29183
29203
29227
29245
29273
29279
29281
29297
29305
29309
29311
29323
29369
29377
29393
29395
29399
29423
29425
29437
29443
29455
29489
29501
29503
29519
29531
29533
29573
29593
29609
29627
29633
29635
29647
29663
29671
29677
29687
29717
29731
29737
29741
29759
29771
29783
29803
29807
29815
29819
29821
29833
29837
29861
29873
29909
29911
29921
29923
29927
29947
29971
29981
29987
29999
30013
30023
30047
30053
30071
30091
30101
30107
30121
30151
30161
30175
30179
30187
30191
30203
30205
30217
30241
30251
30253
30263
30269
30283
30301
30343
30347
30359
30361
30383
30385
30391
30401
30407
30419
30449
30467
30475
30487
30493
30497
30511
30517
30527
30553
30577
30581
30583
30611
30625
30631
30653
30655
30659
30673
30677
30685
30727
30733
30737
30743
30749
30763
30779
30817
30821
30827
30839
30847
30869
30881
30895
30913
30925
30937
30947
30959
30967
30971
30985
31015
31019
31027
31045
31067
31093
31109
31117
31127
31133
31141
31181
31183
31187
31201
31213
31225
31247
31259
31273
31277
31313
31319
31327
31331
31345
31351
31367
31381
31397
31405
31441
31451
31465
31469
31499
31511
31517
31523
31525
31537
31553
31561
31573
31601
31619
31631
31643
31649
31679
31703
31709
31753
31757
31763
31765
31777
31781
31783
31799
31801
31807
31829
31843
31853
31883
31885
31891
31897
31907
31931
31943
31949
31961
31967
31973
31987
32003
32035
32053
32069
32077
32087
32093
32113
32117
32123
32167
32177
32197
32201
32219
32221
32237
32257
32261
32263
32273
32279
32281
32311
32317
32323
32327
32333
32339
32341
32353
32369
32377
32401
32407
32423
32429
32437
32459
32461
32467
32471
32473
32485
32489
32497
32501
32519
32521
32527
32561
32567
32579
32587
32617
32647
32665
32695
32699
32701
32707
32711
32723
32753
32755
32771
32773
32777
32785
32801
32813
32815
32833
32837
32867
32891
32903
32905
32909
32933
32947
32963
32965
32999
33011
33025
33041
33047
33053
33061
33067
33077
33091
33113
33115
33127
33149
33163
33181
33191
33193
33197
33209
33221
33227
33253
33281
33283
33301
33325
33329
33331
33347
33361
33383
33389
33415
33443
33445
33451
33461
33473
33491
33497
33511
33533
33535
33539
33563
33577
33587
33629
33637
33641
33643
33655
33673
33677
33715
33719
33743
33757
33761
33767
33781
33805
33809
33809
33805
33781
33767
33761
33757
33743
33719
33715
33677
33673
33655
33643
33641
33637
33629
33587
33577
33563
33539
33535
33533
33511
33497
33491
33473
33461
33451
33445
33443
33415
33389
33383
33361
33347
33331
33329
33325
33301
33283
33281
33253
33227
33221
33209
33197
33193
33191
33181
33163
33149
33127
33115
33113
33091
33077
33067
33061
33053
33047
33041
33025
33011
32999
32965
32963
32947
32933
32909
32905
32903
32891
32867
32837
32833
32815
32813
32801
32785
32777
32773
32771
32755
32753
32723
32711
32707
32701
32699
32695
32665
32647
32617
32587
32579
32567
32561
32527
32521
32519
32501
32497
32489
32485
32473
32471
32467
32461
32459
32437
32429
32423
32407
32401
32377
32369
32353
32341
32339
32333
32327
32323
32317
32311
32281
32279
32273
32263
32261
32257
32237
32221
32219
32201
32197
32177
32167
32123
32117
32113
32093
32087
32077
32069
32053
32035
32003
31987
31973
31967
31961
31949
31943
31931
31907
31897
31891
31885
31883
31853
31843
31829
31807
31801
31799
31783
31781
31777
31765
31763
31757
31753
31709
31703
31679
31649
31643
31631
31619
31601
31573
31561
31553
31537
31525
31523
31517
31511
31499
31469
31465
31451
31441
31405
31397
31381
31367
31351
31345
31331
31327
31319
31313
31277
31273
31259
31247
31225
31213
31201
31187
31183
31181
31141
31133
31127
31117
31109
31093
31067
31045
31027
31019
31015
30985
30971
30967
30959
30947
30937
30925
30913
30895
30881
30869
30847
30839
30827
30821
30817
30779
30763
30749
30743
30737
30733
30727
30685
30677
30673
30659
30655
30653
30631
30625
30611
30583
30581
30577
30553
30527
30517
30511
30497
30493
30487
30475
30467
30449
30419
30407
30401
30391
30385
30383
30361
30359
30347
30343
30301
30283
30269
30263
30253
30251
30241
30217
30205
30203
30191
30187
30179
30175
30161
30151
30121
30107
30101
30091
30071
30053
30047
30023
30013
29999
29987
29981
29971
29947
29927
29923
29921
29911
29909
29873
29861
29837
29833
29821
29819
29815
29807
29803
29783
29771
29759
29741
29737
29731
29717
29687
29677
29671
29663
29647
29635
29633
29627
29609
29593
29573
29533
29531
29519
29503
29501
29489
29455
29443
29437
29425
29423
29399
29395
29393
29377
29369
29323
29311
29309
29305
29297
29281
29279
29273
29245
29227
29203
29183
29159
29155
29147
29131
29129
29113
29111
29107
29099
29081
29069
29051
29047
29021
29017
28981
28963
28957
28951
28949
28945
28937
28919
28877
28873
28861
28841
28825
28823
28807
28795
28783
28781
28771
28765
28763
28753
28717
28709
28705
28679
28675
28667
28661
28657
28651
28633
28631
28627
28621
28613
28601
28589
28583
28571
28561
28553
28525
28517
28507
28493
28483
28439
28423
28421
28411
28397
28387
28373
28367
28319
28315
28313
28283
28273
28271
28267
28261
28241
28237
28207
28193
28183
28169
28157
28153
28141
28139
28117
28097
28091
28087
28079
28075
28073
28061
28045
28031
28013
28003
28001
27991
27983
27967
27953
27943
27925
27901
27893
27887
27877
27847
27835
27809
27797
27787
27737
27719
27713
27703
27697
27691
27689
27671
27653
27643
27637
27629
27611
27587
27581
27571
27553
27551
27527
27521
27505
27503
27473
27461
27457
27449
27427
27389
27373
27371
27367
27361
27347
27341
27337
27329
27283
27271
27265
27263
27251
27211
27209
27187
27179
27173
27161
27143
27113
27091
27085
27083
27077
27067
27061
27059
27053
27029
27013
27001
26983
26971
26941
26935
26927
26921
26905
26903
26875
26867
26857
26851
26845
26837
26831
26827
26821
26813
26797
26773
26759
26743
26741
26737
26699
26695
26665
26633
26617
26591
26587
26581
26579
26563
26557
26551
26549
26543
26533
26531
26521
26503
26501
26485
26471
26461
26455
26447
26437
26417
26407
26399
26395
26383
26371
26365
26357
26341
26323
26321
26311
26293
26275
26261
26251
26245
26243
26233
26201
26197
26183
26173
26155
26143
26137
26123
26117
26113
26107
26083
26077
26053
26051
26039
26033
26027
26023
26017
26011
25987
25973
25963
25961
25957
25937
25931
25907
25897
25873
25867
25843
25831
25825
25823
25817
25813
25795
25777
25747
25741
25721
25703
25673
25667
25649
25619
25615
25607
25589
25583
25577
25531
25529
25525
25517
25493
25487
25483
25481
25463
25457
25435
25433
25423
25403
25381
25345
25333
25331
25319
25307
25297
25283
25277
25261
25255
25247
25241
25199
25195
25171
25157
25147
25139
25135
25123
25121
25109
25087
25079
25057
25051
25019
25015
25003
24977
24967
24961
24959
24955
24947
24931
24929
24913
24899
24883
24857
24847
24823
24821
24809
24803
24797
24773
24757
24749
24715
24703
24701
24691
24685
24673
24667
24641
24625
24623
24617
24613
24583
24569
24563
24541
24539
24527
24521
24503
24493
24449
24443
24433
24431
24415
24397
24389
24383
24361
24355
24343
24329
24317
24293
24277
24271
24257
24253
24247
24241
24233
24211
24203
24191
24187
24179
24173
24145
24143
24127
24115
24107
24085
24073
24061
24059
24047
24043
24029
24017
24001
23995
23983
23963
23953
23951
23935
23933
23923
23917
23911
23903
23897
23891
23887
23875
23863
23861
23851
23827
23797
23777
23773
23771
23755
23747
23743
23741
23729
23707
23701
23695
23665
23627
23617
23611
23603
23561
23557
23549
23545
23519
23515
23489
23485
23441
23437
23431
23417
23407
23393
23381
23371
23357
23335
23311
23309
23305
23293
23261
23231
23227
23219
23215
23207
23189
23173
23171
23147
23129
23125
23113
23101
23093
23087
23071
23069
23051
23041
23033
23021
23017
23009
23005
22997
22991
22981
22979
22943
22931
22901
22885
22873
22861
22859
22853
22841
22831
22829
22811
22801
22799
22787
22769
22757
22753
22747
22741
22727
22717
22709
22697
22663
22645
22643
22637
22631
22621
22591
22585
22573
22571
22561
22553
22547
22541
22525
22507
22499
22495
22481
22471
22457
22447
22427
22417
22393
22391
22379
22375
22367
22363
22361
22331
22327
22277
22247
22231
22229
22225
22211
22199
22181
22151
22141
22133
22123
22103
22091
22087
22075
22073
22063
22051
22043
22019
22015
21997
21989
21983
21973
21967
21961
21959
21947
21929
21923
21917
21869
21863
21851
21839
21835
21823
21811
21791
21779
21773
21763
21751
21745
21703
21697
21683
21673
21671
21659
21643
21629
21625
21607
21581
21553
21523
21511
21503
21493
21487
21481
21475
21457
21449
21431
21403
21391
21389
21385
21367
21353
21341
21331
21325
21317
21313
21311
21277
21271
21263
21257
21247
21239
21227
21223
21211
21203
21187
21179
21173
21145
21143
21127
21121
21119
21115
21101
21073
21055
21047
21037
21025
20999
20995
20963
20957
20947
20935
20923
20921
20917
20905
20897
20887
20881
20863
20815
20813
20789
20777
20767
20759
20741
20731
20729
20713
20707
20699
20687
20683
20681
20677
20635
20633
20621
20617
20597
20567
20551
20545
20537
20519
20515
20503
20501
20497
20467
20459
20453
20441
20425
20411
20383
20363
20357
20347
20339
20335
20333
20287
20261
20257
20251
20237
20233
20213
20207
20203
20201
20197
20171
20153
20123
20083
20081
20069
20065
20051
20023
20011
20005
19987
19975
19973
19961
19949
19943
19921
19919
19901
19873
19871
19861
19847
19829
19817
19813
19807
19801
19793
19783
19765
19757
19751
19735
19727
19711
19705
19703
19681
19663
19661
19631
19627
19621
19613
19607
19601
19585
19573
19571
19555
19553
19541
19525
19523
19487
19471
19465
19463
19453
19439
19435
19411
19397
19393
19391
19373
19367
19363
19337
19331
19315
19303
19297
19285
19271
19261
19253
19231
19229
19201
19187
19183
19181
19177
19165
19151
19135
19123
19121
19109
19103
19097
19075
19061
19049
19043
19033
19015
19007
18997
18973
18961
18955
18953
18929
18913
18911
18899
18895
18887
18865
18863
18851
18847
18821
18817
18809
18791
18787
18773
18767
18737
18707
18689
18673
18661
18653
18637
18629
18623
18607
18601
18581
18577
18571
18557
18551
18533
18521
18497
18481
18463
18445
18437
18431
18415
18397
18377
18359
18347
18325
18323
18317
18311
18299
18283
18271
18257
18253
18241
18239
18221
18187
18179
18137
18133
18127
18115
18107
18077
18073
18071
18061
18037
18031
18017
18011
17999
17977
17953
17947
17941
17939
17927
17917
17897
17893
17891
17887
17879
17849
17845
17837
17813
17807
17801
17797
17791
17789
17785
17759
17747
17743
17731
17723
17711
17707
17687
17681
17663
17657
17641
17639
17635
17627
17611
17581
17557
17549
17545
17533
17507
17503
17459
17455
17447
17443
17441
17431
17425
17423
17407
17393
17377
17371
17369
17351
17327
17323
17321
17317
17309
17281
17273
17267
17263
17233
17213
17203
17197
17185
17183
17177
17161
17159
17129
17099
17081
17071
17063
17053
17051
17035
17009
16987
16981
16979
16973
16951
16945
16933
16927
16921
16891
16889
16871
16861
16847
16843
16811
16799
16795
16793
16787
16783
16763
16747
16741
16711
16697
16691
16687
16681
16663
16657
16645
16633
16627
16607
16603
16601
16583
16573
16567
16559
16555
16553
16547
16537
16501
16495
16441
16433
16427
16423
16417
16405
16397
16393
16375
16367
16363
16331
16315
16313
16289
16285
16267
16261
16259
16243
16231
16223
16217
16211
16193
16183
16171
16139
16127
16105
16079
16075
16063
16043
16037
16031
16007
15997
15989
15977
15973
15955
15953
15929
15925
15923
15895
15865
15857
15853
15851
15847
15833
15823
15811
15805
15787
15773
15767
15761
15749
15737
15721
15719
15713
15707
15689
15673
15671
15661
15643
15637
15631
15617
15611
15595
15569
15557
15541
15539
15535
15533
15517
15503
15491
15475
15461
15449
15413
15403
15391
15385
15383
15367
15355
15331
15329
15317
15293
15271
15269
15263
15251
15247
15227
15221
15203
15197
15193
15187
15175
15161
15157
15145
15143
15137
15133
15131
15121
15113
15107
15085
15067
15059
15037
15007
15001
14987
14965
14953
14951
14947
14939
14909
14893
14873
14867
14857
14851
14849
14827
14819
14803
14801
14777
14771
14741
14729
14723
14711
14701
14699
14693
14683
14677
14671
14663
14647
14623
14611
14605
14563
14561
14557
14533
14519
14513
14503
14489
14485
14483
14473
14431
14423
14411
14407
14395
14383
14381
14363
14347
14341
14327
14323
14317
14309
14305
14279
14257
14249
14221
14219
14201
14173
14171
14153
14143
14117
14113
14099
14095
14093
14083
14081
14071
14069
14047
14039
14021
14005
14003
13993
13987
13967
13957
13949
13927
13885
13883
13877
13873
13861
13855
13853
13811
13801
13799
13795
13793
13783
13765
13757
13753
13747
13733
13717
13705
13703
13697
13693
13691
13661
13637
13607
13597
13591
13585
13573
13561
13555
13547
13541
13537
13513
13511
13507
13501
13493
13457
13441
13423
13411
13409
13375
13373
13363
13361
13357
13327
13321
13313
13301
13297
13271
13259
13255
13247
13231
13229
13225
13207
13181
13177
13169
13165
13163
13153
13135
13121
13111
13109
13103
13091
13081
13067
13063
13045
13037
13031
13015
12991
12989
12941
12937
12931
12925
12917
12913
12893
12877
12871
12853
12851
12833
12827
12823
12811
12805
12749
12745
12719
12703
12697
12677
12673
12661
12653
12643
12641
12637
12601
12595
12593
12583
12577
12563
12551
12547
12539
12533
12493
12491
12479
12463
12451
12437
12433
12431
12413
12391
12389
12359
12353
12347
12313
12311
12301
12299
12287
12277
12257
12253
12241
12235
12227
12223
12205
12197
12193
12173
12167
12145
12127
12121
12115
12113
12103
12101
12091
12073
12061
12059
12043
12013
12011
12007
11999
11971
11969
11957
11947
11917
11911
11909
11881
11879
11861
11857
11851
11831
11827
11813
11785
11783
11777
11771
11761
11731
11699
11693
11677
11671
11669
11657
11651
11639
11627
11617
11603
11591
11563
11551
11549
11545
11543
11533
11527
11519
11507
11497
11489
11483
11473
11467
11447
11441
11431
11429
11423
11417
11387
11383
11369
11333
11311
11305
11303
11291
11287
11281
11261
11257
11251
11249
11233
11227
11213
11203
11201
11197
11191
11171
11159
11143
11113
11107
11093
11071
11069
11063
11053
11051
11041
11017
11011
11009
10993
10975
10963
10957
10943
10937
10921
10907
10903
10889
10871
10861
10859
10843
10829
10817
10807
10793
10765
10763
10757
10753
10747
10723
10703
10697
10681
10673
10667
10657
10643
10633
10619
10615
10603
10577
10573
10571
10543
10537
10513
10511
10493
10477
10447
10433
10421
10411
10409
10397
10391
10379
10373
10367
10363
10351
10331
10315
10313
10285
10277
10267
10261
10253
10241
10231
10223
10199
10187
10183
10181
10177
10157
10151
10133
10127
10123
10105
10097
10075
10057
10051
10049
10045
10037
10027
10013
9997
9989
9985
9977
9973
9961
9937
9913
9911
9907
9899
9883
9881
9869
9863
9847
9841
9839
9833
9817
9805
9803
9781
9751
9727
9715
9703
9697
9689
9685
9677
9659
9653
9625
9623
9617
9601
9599
9577
9565
9557
9551
9547
9523
9503
9493
9487
9479
9475
9467
9449
9421
9389
9385
9383
9367
9361
9355
9347
9341
9287
9281
9277
9263
9253
9241
9227
9211
9205
9197
9191
9181
9179
9175
9161
9157
9149
9131
9121
9107
9097
9085
9077
9071
9059
9043
9031
9017
9013
8999
8993
8977
8965
8951
8947
8923
8921
8917
8909
8897
8891
8887
8867
8861
8845
8843
8837
8831
8821
8783
8755
8753
8743
8741
8731
8729
8713
8683
8677
8657
8651
8639
8635
8633
8627
8603
8587
8557
8549
8545
8543
8531
8507
8501
8497
8491
8489
8473
8471
8467
8453
8447
8425
8411
8393
8387
8365
8363
8357
8341
8339
8321
8317
8293
8263
8261
8245
8231
8227
8215
8203
8201
8185
8183
8155
8153
8131
8129
8123
8111
8101
8099
8083
8057
8053
8035
8027
8023
8017
8009
8003
7993
7973
7967
7945
7943
7937
7927
7913
7897
7885
7873
7871
7859
7847
7843
7837
7817
7811
7799
7795
7783
7781
7765
7763
7741
7733
7717
7703
7681
7675
7657
7649
7621
7607
7603
7601
7597
7589
7585
7571
7559
7555
7525
7511
7499
7495
7483
7465
7451
7441
7439
7433
7417
7411
7391
7379
7361
7349
7327
7307
7301
7291
7289
7271
7261
7259
7237
7231
7223
7213
7211
7201
7183
7177
7169
7163
7157
7151
7139
7127
7123
7109
7087
7075
7073
7063
7061
7051
7049
7037
7031
7007
6991
6983
6967
6953
6947
6943
6931
6929
6923
6917
6913
6907
6901
6877
6865
6853
6823
6809
6803
6797
6787
6761
6757
6743
6721
6715
6713
6703
6691
6685
6659
6655
6643
6631
6629
6617
6593
6587
6583
6577
6563
6557
6539
6533
6527
6509
6503
6487
6479
6473
6467
6449
6445
6433
6431
6421
6415
6403
6373
6355
6353
6343
6337
6311
6299
6295
6293
6283
6277
6247
6233
6193
6187
6181
6179
6173
6161
6145
6137
6127
6115
6113
6107
6103
6089
6077
6067
6061
6059
6023
6011
5999
5995
5987
5969
5963
5947
5935
5933
5917
5909
5903
5873
5867
5857
5851
5849
5843
5837
5819
5815
5801
5791
5789
5771
5759
5753
5741
5725
5723
5699
5693
5671
5669
5663
5657
5653
5635
5633
5627
5593
5581
5575
5563
5561
5549
5537
5533
5531
5521
5503
5501
5473
5471
5461
5459
5453
5431
5417
5401
5395
5381
5371
5365
5357
5353
5339
5323
5311
5291
5287
5279
5273
5263
5261
5245
5233
5221
5213
5197
5183
5173
5171
5167
5147
5137
5129
5123
5093
5083
5077
5069
5057
5041
5039
5035
5027
5023
5005
5003
4981
4973
4961
4957
4949
4945
4933
4913
4907
4901
4897
4883
4873
4867
4853
4847
4841
4817
4813
4801
4793
4753
4739
4727
4721
4717
4709
4697
4693
4691
4681
4667
4663
4645
4637
4633
4621
4615
4607
4591
4589
4571
4543
4541
4529
4525
4517
4499
4493
4487
4463
4457
4451
4433
4427
4423
4409
4405
4397
4381
4375
4361
4331
4321
4307
4303
4301
4289
4277
4261
4255
4253
4237
4213
4211
4199
4193
4187
4165
4141
4133
4123
4121
4117
4111
4109
4105
4081
4073
4045
4037
4033
4031
4013
3989
3985
3977
3973
3941
3937
3931
3925
3923
3911
3901
3883
3881
3877
3863
3851
3847
3833
3817
3797
3793
3779
3775
3757
3751
3745
3743
3731
3721
3697
3689
3673
3671
3661
3659
3631
3625
3623
3611
3599
3595
3593
3583
3571
3565
3553
3547
3539
3535
3517
3509
3505
3503
3487
3481
3479
3449
3433
3415
3413
3403
3385
3373
3361
3359
3355
3343
3337
3323
3311
3301
3299
3293
3271
3269
3253
3251
3247
3239
3227
3223
3221
3193
3191
3173
3161
3151
3133
3121
3119
3107
3101
3097
3085
3083
3067
3055
3037
3017
3011
3007
3001
2983
2981
2969
2963
2957
2939
2933
2927
2905
2903
2891
2879
2873
2861
2857
2845
2837
2813
2807
2803
2785
2777
2755
2747
2743
2731
2729
2725
2723
2707
2695
2687
2681
2677
2669
2663
2651
2641
2635
2621
2611
2603
2591
2573
2545
2537
2533
2531
2519
2507
2503
2489
2485
2477
2467
2459
2455
2443
2429
2425
2417
2411
2393
2383
2381
2377
2371
2363
2357
2353
2351
2333
2303
2297
2281
2279
2267
2257
2251
2243
2219
2215
2207
2203
2197
2189
2167
2161
2155
2129
2123
2111
2095
2093
2083
2065
2063
2047
2039
2035
2023
2017
2005
1997
1993
1987
1973
1961
1943
1931
1919
1915
1907
1901
1891
1877
1859
1853
1847
1841
1831
1829
1823
1813
1811
1799
1795
1781
1777
1769
1757
1735
1723
1721
1717
1709
1705
1691
1679
1675
1667
1657
1651
1643
1631
1627
1601
1589
1577
1567
1559
1553
1541
1537
1531
1525
1517
1511
1507
1493
1487
1481
1465
1441
1439
1435
1427
1403
1391
1381
1379
1375
1367
1363
1361
1351
1333
1315
1313
1303
1297
1283
1277
1271
1255
1247
1237
1231
1229
1225
1223
1217
1207
1201
1193
1177
1151
1147
1141
1133
1123
1111
1105
1103
1097
1093
1063
1061
1049
1045
1043
1021
1015
1007
997
991
973
967
961
959
943
941
937
931
929
913
893
881
865
863
857
853
851
841
839
835
811
805
803
797
791
787
775
757
751
749
733
727
707
703
697
691
685
673
667
659
653
647
643
625
617
613
607
595
593
581
577
565
553
541
535
527
517
509
503
497
493
481
475
467
463
445
437
433
431
421
419
415
407
397
389
383
377
361
359
353
341
337
331
329
313
307
301
287
283
277
265
257
247
239
235
233
227
223
221
211
209
193
181
179
175
173
161
157
149
143
131
127
121
119
115
107
97
91
89
83
77
71
67
61
53
47
43
41
37
29
25
23
17
13
11
7
5
3
2
