63782273
3022785
931425
66929
3417
957
71
61782273
2822785
911425
64929
3217
937
69
59782273
2622785
891425
62929
3017
917
67
57782273
2422785
871425
60929
2817
897
65
55782273
2222785
851425
58929
2617
877
63
53782273
2022785
831425
56929
2417
857
61
51782273
1822785
811425
54929
2217
837
59
49782273
1622785
791425
52929
2017
817
57
47782273
1422785
771425
50929
1817
797
55
45782273
1222785
751425
48929
1617
777
53
43782273
1022785
731425
46929
1417
757
51
41782273
822785
711425
44929
1217
737
49
39782273
622785
691425
42929
1017
717
47
37782273
422785
671425
40929
817
697
45
35782273
222785
651425
38929
617
677
43
33782273
22785
631425
36929
417
657
41
31782273
8211393
611425
34929
217
637
39
29782273
8011393
591425
32929
17
617
37
27782273
7811393
571425
30929
8009
597
35
25782273
7611393
551425
28929
7809
577
33
23782273
7411393
531425
26929
7609
557
31
21782273
7211393
511425
24929
7409
537
29
19782273
7011393
491425
22929
7209
517
27
17782273
6811393
471425
20929
7009
497
25
15782273
6611393
451425
18929
6809
477
23
13782273
6411393
431425
16929
6609
457
21
11782273
6211393
411425
14929
6409
437
19
9782273
6011393
391425
12929
6209
417
17
7782273
5811393
371425
10929
6009
397
15
5782273
5611393
351425
8929
5809
377
13
3782273
5411393
331425
6929
5609
357
11
1782273
5211393
311425
4929
5409
337
9
66891137
5011393
291425
2929
5209
317
7
64891137
4811393
271425
929
5009
297
5
62891137
4611393
251425
64465
4809
277
3
60891137
4411393
231425
62465
4609
257
1
58891137
4211393
211425
60465
4409
237
63
56891137
4011393
191425
58465
4209
217
61
54891137
3811393
171425
56465
4009
197
59
52891137
3611393
151425
54465
3809
177
57
50891137
3411393
131425
52465
3609
157
55
48891137
3211393
111425
50465
3409
137
53
46891137
3011393
91425
48465
3209
117
51
44891137
2811393
71425
46465
3009
97
49
42891137
2611393
51425
44465
2809
77
47
40891137
2411393
31425
42465
2609
57
45
38891137
2211393
11425
40465
2409
37
43
36891137
2011393
515713
38465
2209
17
41
34891137
1811393
495713
36465
2009
509
39
32891137
1611393
475713
34465
1809
489
37
30891137
1411393
455713
32465
1609
469
35
28891137
1211393
435713
30465
1409
449
33
26891137
1011393
415713
28465
1209
429
31
24891137
811393
395713
26465
1009
409
29
22891137
611393
375713
24465
809
389
27
20891137
411393
355713
22465
609
369
25
18891137
211393
335713
20465
409
349
23
16891137
11393
315713
18465
209
329
21
14891137
4005697
295713
16465
9
309
19
12891137
3805697
275713
14465
3905
289
17
10891137
3605697
255713
12465
3705
269
15
8891137
3405697
235713
10465
3505
249
13
6891137
3205697
215713
8465
3305
229
11
4891137
3005697
195713
6465
3105
209
9
2891137
2805697
175713
4465
2905
189
7
891137
2605697
155713
2465
2705
169
5
32445569
2405697
135713
465
2505
149
3
30445569
2205697
115713
31233
2305
129
1
28445569
2005697
95713
29233
2105
109
31
26445569
1805697
75713
27233
1905
89
29
24445569
1605697
55713
25233
1705
69
27
22445569
1405697
35713
23233
1505
49
25
20445569
1205697
15713
21233
1305
29
23
18445569
1005697
257857
19233
1105
9
21
16445569
805697
237857
17233
905
245
19
14445569
605697
217857
15233
705
225
17
12445569
405697
197857
13233
505
205
15
10445569
205697
177857
11233
305
185
13
8445569
5697
157857
9233
105
165
11
6445569
1902849
137857
7233
1953
145
9
4445569
1702849
117857
5233
1753
125
7
2445569
1502849
97857
3233
1553
105
5
445569
1302849
77857
1233
1353
85
3
15222785
1102849
57857
15617
1153
65
1
13222785
902849
37857
13617
953
45
15
11222785
702849
17857
11617
753
25
13
9222785
502849
128929
9617
553
5
11
7222785
302849
108929
7617
353
113
9
5222785
102849
88929
5617
153
93
7
3222785
951425
68929
3617
977
73
5
1222785
751425
48929
1617
777
53
3
7611393
551425
28929
7809
577
33
1
5611393
351425
8929
5809
377
13
7
3611393
151425
54465
3809
177
57
5
1611393
475713
34465
1809
489
37
3
3805697
275713
14465
3905
289
17
1
1805697
75713
27233
1905
89
29
3
1902849
137857
7233
1953
145
9
1
951425
68929
3617
977
73
5
1
