1
2
3
2
4
3
9
987433
1000000
1000000
1000000
1150
1150
1200
1200
1150
1150
1170306
1499998
1499998
1200
13637
5512540
5512542
5512547
1000000
2000000
2565498
1599210
1920345
1985966
3171879
1693985
1485640
2454421
1932759
478542
424867
3175357
592596
971169
1067861
675954
203006
1701249
2031418
3253400
274476
41571
6193
1060740
1447005
2309138
1891783
1505039
862207
920531
1045269
775064
138786
595871
713470
1925485
183420
1059078
3093188
2232420
3575538
3079664
3459512
2194192
658305
612189
3233944
230308
1282138
3146384
2627070
3077673
191073
2237815
785010
2261444
311413
2786118
120817
2838164
1710631
2692079
1825100
2331971
1467598
619196
3257428
2531068
1354988
1360063
2108796
1330475
1107563
384785
2991775
1195610
2456753
3177134
3315620
3054231
3236983
371885
1318758
3300506
3560451
298234
1617630
2329030
2898511
3107645
1453611
1281602
2482929
3333146
2600859
835705
1220560
3080572
2634905
1768070
