1 1
99
1 33 10
1 1
99
1 99 10
1 1
99
2 33 10 99 20
1 1
99
2 33 10 100 20
1 1
99
10 11 10 22 20 33 30 34 40 45 50 56 60 66 70 88 50 100 40 111 11
1 2
88
3 10 100 80 80 1000 10
4 87 500 88 70 89 60 90 50
2 1
88 99
2 88 100 99 50
2 1
88 99
2 88 50 99 100
2 1
88 99
2 89 10 99 50
2 1
88 99
1 90 50
2 1
88 99
1 80 50
2 1
99 88
2 88 100 99 50
2 1
99 88
2 88 50 99 100
2 1
99 88
2 89 10 99 50
2 1
99 88
1 90 50
2 1
99 88
1 80 50
2 4
40 60
1 35 4
1 20 3
1 40 10
1 60 7
3 5
10 20 30
2 10 50 12 30
2 10 100 20 25
1 25 19
1 19 41
2 10 18 30 42
1 7
49
5 49 13 149 20 206 14 277 68 356 9
10 47 38 48 29 114 94 209 17 235 37 285 64 364 34 388 37 437 95 444 84
8 49 53 96 100 167 16 247 73 273 73 295 63 380 20 394 82
10 49 34 77 71 161 7 246 2 312 78 333 69 414 80 513 56 583 40 590 86
9 49 24 110 62 200 56 250 45 312 87 336 74 374 16 423 72 432 57
6 42 79 93 30 176 29 205 99 220 95 287 92
9 48 33 100 66 147 70 213 35 282 96 349 50 405 40 447 7 531 5
2 4
127 350
6 97 3 186 82 248 39 311 24 396 75 427 80
9 73 97 143 8 167 73 212 53 222 61 241 60 280 90 299 2 330 59
8 67 33 92 89 166 22 221 7 293 19 381 53 469 56 521 18
3 62 4 72 94 170 70
2 9
299 126
3 31 19 131 62 231 63
8 45 76 101 80 167 38 201 4 212 35 219 51 223 13 297 92
9 79 98 179 30 268 47 287 85 305 42 335 4 361 81 448 59 525 64
1 61 13
10 20 82 105 94 192 85 247 77 280 20 375 26 429 85 432 3 496 64 522 12
3 3 58 41 3 81 74
9 22 29 101 82 196 68 256 11 257 80 334 77 340 95 381 60 425 62
4 37 62 79 29 166 63 193 44
1 20 50
2 5
126 101
2 97 51 125 61
8 1 55 40 41 84 7 154 96 162 89 178 19 254 14 270 56
1 94 16
3 5 99 72 26 108 37
10 69 74 138 9 206 12 279 76 288 45 295 49 372 64 399 53 495 44 546 70
2 4
316 42
4 48 45 143 23 226 64 265 39
4 73 17 96 93 185 96 270 1
10 8 24 88 9 103 8 127 67 216 93 308 58 391 19 446 70 508 30 512 72
5 61 33 70 17 132 68 149 93 206 83
1 8
102
10 15 81 27 91 28 37 113 29 137 46 166 92 196 69 259 94 326 83 332 99
9 66 66 151 79 238 10 328 99 341 21 385 10 484 92 567 41 591 42
7 28 58 90 34 104 63 127 56 191 81 233 10 259 19
6 94 26 194 26 215 35 230 27 247 18 302 39
9 36 64 92 86 147 17 158 78 218 66 282 50 314 97 377 47 403 12
2 9 22 51 85
10 85 68 94 32 168 70 204 64 225 83 241 30 333 14 403 34 417 56 482 91
9 41 35 101 60 186 5 226 55 307 98 323 70 331 74 395 99 458 19
2 8
343 251
3 88 52 89 32 118 92
7 75 97 83 16 121 79 185 59 237 37 241 12 285 17
3 85 6 173 3 205 24
1 40 54
8 65 73 122 97 153 90 202 34 240 78 272 12 282 25 377 2
4 39 1 59 24 142 58 186 7
2 68 69 168 29
6 21 96 113 99 128 52 159 95 212 5 253 45
3 2
8 93 31
2 1 4 36 58
1 42 96
3 5
67 291 278
1 90 39
1 87 18
4 64 58 124 36 199 13 213 33
4 98 41 145 76 238 60 266 28
8 33 53 82 41 121 54 127 36 157 83 244 27 315 28 342 43
3 8
354 357 370
3 86 81 168 24 187 23
5 63 35 67 4 161 33 166 14 266 18
9 50 8 118 3 195 90 198 36 291 32 320 70 337 92 421 44 493 99
3 62 15 125 4 167 96
4 66 49 101 62 134 60 221 30
5 17 6 112 87 126 100 206 62 291 3
3 73 35 143 74 221 72
1 22 22
3 8
84 114 382
10 75 64 142 3 237 27 293 25 335 33 352 61 384 31 469 15 545 91 599 57
10 95 31 192 45 272 41 346 33 366 49 389 64 470 86 551 67 632 81 692 21
1 34 61
7 39 13 129 61 194 72 288 15 341 39 351 31 411 55
3 91 58 151 55 233 37
1 36 53
5 75 60 149 50 189 94 239 48 281 36
7 7 86 34 100 66 51 166 22 251 65 302 31 400 79
1 4
180
6 87 48 169 51 258 1 349 51 365 88 446 95
9 96 27 182 40 274 19 284 67 311 82 375 1 437 65 438 53 504 10
5 18 68 26 1 76 97 115 74 154 1
10 19 18 69 1 169 21 175 70 196 52 246 29 334 6 380 91 424 30 501 59
3 10
351 155 216
5 22 17 86 50 131 72 188 97 277 8
9 10 92 65 55 82 81 164 34 263 9 357 38 412 23 442 30 521 76
9 27 27 61 27 106 63 118 12 130 32 167 7 195 79 224 57 268 50
9 30 59 66 94 68 99 165 84 188 77 206 39 261 19 329 13 413 41
3 33 49 66 42 100 88
6 40 21 95 54 157 55 250 48 320 99 348 7
10 83 9 119 70 215 40 217 14 243 37 312 5 324 39 342 47 345 47 442 92
1 67 2
10 97 93 174 99 250 93 282 87 288 74 374 70 385 48 458 6 513 87 541 62
10 51 91 63 66 82 81 118 28 193 45 236 71 313 59 367 37 413 82 464 46
3 1
106 252 125
4 48 87 53 51 106 100 202 88
3 4
165 148 138
4 23 100 122 74 189 99 274 91
5 19 29 95 48 149 8 243 22 326 32
8 65 76 107 61 148 77 153 79 176 66 212 12 283 25 344 7
4 84 69 141 58 225 47 303 14
2 6
11 222
6 51 39 56 78 73 58 168 30 228 83 310 80
2 18 2 110 56
3 51 26 125 27 159 28
4 63 86 123 24 223 41 224 42
3 1 24 91 25 128 7
10 99 86 123 7 199 33 289 73 309 98 321 73 342 73 418 31 504 37 580 80
3 4
108 225 63
10 80 59 92 31 140 50 182 97 183 23 257 100 331 100 365 61 374 40 376 87
7 69 10 79 51 148 91 240 16 245 29 311 73 315 95
8 2 9 87 17 94 79 193 96 200 80 300 73 348 79 413 2
6 14 88 35 48 39 19 56 96 111 67 209 46
2 4
135 226
3 29 2 31 36 128 6
5 33 79 82 18 109 36 196 56 242 37
6 86 51 109 27 130 14 223 95 227 89 232 12
9 84 91 154 70 196 90 265 34 300 12 368 82 438 90 475 40 534 75
1 10
357
4 29 66 128 32 217 19 264 49
9 83 88 116 79 127 90 165 55 246 17 250 59 254 41 347 49 381 85
4 55 68 116 55 174 46 225 62
5 25 15 110 54 206 86 260 87 282 33
9 52 41 130 18 206 51 227 47 266 28 328 91 384 55 471 75 564 40
4 25 8 120 28 126 16 132 44
8 96 99 153 61 154 93 195 75 254 66 353 53 374 81 410 93
9 52 3 96 68 179 67 200 16 201 55 243 63 339 96 417 29 487 48
4 90 11 148 96 171 85 246 31
8 45 38 122 65 126 29 162 31 220 63 299 84 326 25 330 99
2 2
60 31
5 23 82 70 46 168 19 268 35 296 66
1 9 53
1 7
359
1 7 62
7 62 57 97 64 131 81 176 85 251 86 294 38 354 45
5 34 5 83 87 146 28 177 59 271 24
5 22 5 54 56 113 58 168 9 191 38
10 16 98 60 90 148 6 153 39 219 32 306 93 307 54 380 76 425 35 465 47
1 76 37
3 92 25 97 50 131 8
2 8
128 304
10 44 78 126 31 143 80 150 37 246 90 260 95 298 59 362 95 413 9 480 21
6 88 33 114 42 153 83 225 59 290 69 298 74
10 84 84 121 10 207 30 271 4 321 57 388 43 467 72 567 91 582 20 651 2
1 37 9
2 12 55 45 14
7 41 47 125 79 194 82 270 13 342 36 373 82 463 56
1 56 44
1 43 81
2 10
229 103
4 7 12 10 86 80 7 97 2
10 99 48 104 72 118 92 182 64 236 69 325 57 384 68 454 7 470 56 543 84
8 85 29 174 29 250 60 288 6 376 63 452 48 536 14 631 85
2 22 78 43 96
4 20 83 38 11 106 93 133 33
5 32 2 40 24 66 57 117 49 214 1
9 77 40 81 58 107 15 178 29 275 67 348 88 392 16 492 38 500 92
1 38 14
2 17 4 83 42
8 86 81 152 6 175 45 197 42 235 35 309 93 385 93 389 71
3 3
264 49 176
5 53 77 56 59 66 58 121 56 148 12
3 32 89 47 29 147 29
10 64 52 160 12 171 48 226 47 293 76 307 27 406 9 432 29 527 36 552 97
2 3
133 224
1 22 64
4 9 2 87 70 160 44 167 96
9 96 40 181 38 196 17 271 84 313 97 365 79 455 79 462 38 489 41
3 10
87 51 307
3 24 36 70 93 118 95
4 49 76 123 83 132 37 164 67
9 71 33 131 93 180 49 251 35 287 71 367 81 425 28 426 44 477 46
5 43 83 110 5 129 36 140 95 176 32
7 51 29 87 74 187 40 197 78 272 96 281 86 295 38
2 11 58 64 13
10 73 47 103 38 178 6 251 65 304 23 359 15 367 56 372 76 382 45 397 95
4 61 62 66 56 68 65 80 55
1 8 27
8 67 2 101 17 179 29 237 93 303 66 309 15 401 66 463 70
3 1
312 383 24
7 16 29 94 75 142 95 167 63 204 43 219 80 251 54
1 3
342
10 66 75 85 34 113 3 148 96 205 62 222 18 305 95 354 85 442 95 464 83
3 23 57 97 52 178 38
10 62 67 143 73 181 100 250 24 342 98 418 71 495 41 551 85 613 37 698 79
2 1
175 235
4 70 23 101 54 184 69 243 24
1 5
307
8 14 9 79 26 122 60 165 37 250 69 306 51 378 55 388 31
1 84 35
6 83 80 124 8 213 61 312 98 379 91 462 80
3 3 43 102 84 147 82
5 47 12 61 57 77 54 100 45 176 29
3 4
244 235 299
3 1 80 94 2 160 92
10 36 72 92 25 172 31 174 56 240 96 289 58 330 76 420 43 445 5 490 53
1 99 97
6 36 16 107 97 206 42 247 24 316 50 331 59
1 4
348
1 56 78
10 26 38 43 55 59 74 108 73 181 52 226 46 238 4 275 31 341 38 434 17
3 29 85 79 45 172 51
7 57 99 81 28 154 25 219 65 283 61 307 78 320 29
3 10
137 297 390
7 16 31 105 95 117 43 147 32 234 65 321 84 331 47
2 34 8 90 28
6 97 43 152 58 247 25 338 28 358 37 392 61
8 23 68 83 11 85 68 110 23 156 73 201 70 235 99 298 23
3 37 65 100 57 150 84
6 22 37 89 56 140 62 145 34 211 53 228 3
10 44 7 69 58 135 21 184 49 185 98 225 94 277 46 347 60 434 7 478 78
3 1 24 92 51 153 62
6 77 22 172 40 181 43 222 3 248 73 345 33
7 18 67 69 9 134 86 156 88 200 94 256 60 350 59
1 3
63
2 55 62 142 45
3 63 27 91 25 156 59
6 25 84 96 78 117 99 153 63 216 86 293 27
2 8
132 36
4 26 65 100 16 157 60 243 58
9 85 45 147 29 226 88 278 37 337 47 427 83 466 98 557 49 617 86
4 43 98 102 46 192 100 221 7
7 86 51 95 19 169 98 251 53 281 51 330 85 378 11
8 100 87 137 16 186 58 274 14 352 52 419 24 502 68 527 79
5 94 56 178 63 229 2 268 98 312 34
6 53 44 146 52 183 52 266 25 288 81 314 16
5 51 84 96 30 177 89 185 81 264 61
2 10
171 111
8 86 82 140 53 180 77 272 40 370 86 469 77 497 95 515 100
10 71 37 157 80 193 19 275 32 309 73 380 15 428 65 447 71 462 7 520 95
3 53 74 108 80 203 10
1 87 31
5 30 38 49 97 107 71 121 8 172 78
4 19 73 45 66 87 33 160 71
6 30 57 82 69 151 36 179 99 214 21 215 36
4 68 2 143 46 203 7 274 90
8 81 39 114 79 121 60 155 88 223 62 295 24 322 13 366 5
8 12 30 39 85 94 69 170 26 174 56 268 12 353 10 428 16
1 10
185
10 29 86 67 6 142 10 180 36 250 90 340 26 420 16 504 86 565 6 630 72
4 93 67 141 86 160 98 165 64
9 52 14 137 8 171 47 261 94 300 13 325 55 407 66 428 89 493 91
5 44 56 84 49 107 39 194 8 294 46
8 60 97 63 77 150 24 209 29 228 9 262 14 291 13 389 58
3 100 42 174 66 207 81
9 83 87 133 47 165 83 261 80 349 22 417 57 467 88 468 26 548 62
5 37 1 129 86 164 78 197 73 218 44
7 77 76 98 66 138 100 234 99 309 61 394 44 466 90
4 45 74 131 84 173 5 205 32
2 2
175 96
10 75 58 119 94 160 72 214 50 244 17 282 5 344 11 443 100 468 5 534 93
8 78 69 132 89 199 100 271 93 307 18 394 64 434 61 460 66
2 6
132 376
8 22 93 105 81 117 57 147 16 246 40 290 76 297 80 322 37
1 94 69
7 63 3 138 29 216 7 240 61 306 27 344 36 380 60
3 23 63 62 16 147 38
10 93 64 150 93 161 97 222 100 282 86 334 16 411 35 479 62 519 61 573 36
3 84 14 113 28 181 12
3 8
392 137 56
2 12 81 19 76
5 16 44 38 29 90 13 168 5 210 78
8 37 67 126 52 216 6 307 29 362 48 402 4 462 52 524 59
2 79 65 95 32
5 9 71 19 70 43 59 118 2 203 99
6 22 33 42 14 129 85 148 33 198 62 241 49
7 5 21 70 86 84 65 162 56 222 2 302 93 367 2
6 8 98 12 94 34 77 58 64 125 27 204 40
1 4
57
8 57 26 91 76 176 55 240 34 297 16 387 91 463 75 465 56
1 29 42
2 31 63 44 75
7 57 54 116 79 159 28 201 7 285 39 383 100 462 71
2 1
240 269
7 68 62 152 60 236 47 250 40 268 58 324 74 333 24
3 3
221 121 58
7 33 66 56 38 83 18 177 68 246 24 247 11 287 82
3 53 15 81 2 100 84
3 86 65 93 35 170 83
1 1
4
8 4 85 25 25 110 52 126 84 172 29 260 71 278 31 349 89
1 8
334
1 9 4
9 11 26 105 26 197 14 249 79 345 89 401 24 449 49 508 98 587 88
7 77 4 83 24 91 82 100 95 159 66 160 77 219 25
3 31 10 91 45 157 90
3 42 26 113 99 199 57
1 75 63
1 85 68
9 86 12 179 4 208 23 256 40 310 5 393 79 461 23 508 95 551 2
3 7
302 148 53
2 22 46 75 34
4 97 62 160 39 258 22 309 80
3 80 24 170 80 224 79
5 16 14 116 56 146 34 154 71 233 88
4 14 96 96 93 182 89 199 39
3 80 85 148 46 161 36
8 20 22 41 99 106 40 183 90 190 29 264 26 324 2 364 36
2 10
383 71
7 48 58 126 58 208 71 258 3 339 1 385 61 460 74
6 93 1 164 49 201 9 249 62 306 39 338 17
3 61 48 136 54 175 6
7 100 82 159 79 160 21 180 84 204 1 294 97 319 98
9 85 24 144 56 159 13 168 27 262 42 361 77 395 15 480 35 517 18
7 25 99 98 3 160 54 215 25 289 11 308 67 336 85
6 71 76 169 58 175 80 209 73 287 30 381 93
4 13 13 47 53 84 61 145 51
8 69 92 144 60 228 43 326 13 352 35 413 55 509 95 580 4
1 38 75
1 8
394
10 70 72 103 87 144 66 184 50 252 34 314 47 383 23 477 69 543 24 573 10
2 94 23 110 9
2 30 42 106 28
3 85 35 167 52 187 12
5 29 71 98 82 105 42 108 57 161 47
3 40 44 121 56 169 58
3 27 96 95 100 182 28
4 82 49 165 45 256 60 339 76
1 4
253
8 16 32 41 47 104 72 159 72 160 43 178 46 188 34 207 54
9 6 18 10 49 87 47 103 97 107 45 154 4 210 2 230 41 310 23
6 6 63 100 24 150 46 163 13 262 27 281 51
9 64 8 163 58 204 16 264 70 267 66 306 54 391 10 448 19 538 45
1 6
305
3 31 65 115 37 186 57
8 82 31 89 54 158 65 227 13 287 63 305 20 344 80 403 82
5 50 13 57 30 136 25 173 49 221 74
5 76 57 96 28 122 84 146 40 245 68
4 75 29 89 23 168 98 256 32
7 23 99 44 51 60 99 95 6 157 23 159 84 173 21
2 1
304 354
5 10 28 58 86 123 24 129 91 165 85
1 4
51
4 51 23 121 44 158 80 214 12
6 51 69 143 31 173 98 241 5 320 8 341 44
2 7 39 93 50
8 51 42 108 56 199 96 256 80 337 65 415 99 487 15 510 99
2 5
287 76
1 70 94
10 26 11 34 12 80 59 176 69 267 61 272 41 293 76 381 19 458 61 487 21
9 78 46 128 29 164 57 165 23 207 49 294 72 315 93 378 53 472 51
10 93 49 122 9 196 51 245 21 281 59 338 44 416 23 510 13 528 88 610 81
10 7 15 34 72 65 26 160 86 207 51 299 13 387 76 481 70 512 60 592 32
3 4
339 53 197
1 7 29
2 6 78 105 91
1 100 50
6 45 94 67 31 71 55 75 25 135 19 210 19
1 2
98
5 30 11 122 62 181 65 260 5 337 7
3 12 58 21 100 34 1
3 4
274 111 31
4 51 41 127 61 201 23 230 35
4 53 58 89 34 113 78 196 83
9 41 86 120 1 151 35 241 93 258 77 353 70 441 84 443 14 481 80
3 12 74 44 96 119 80
2 10
89 136
10 1 1 14 13 102 56 196 62 286 98 322 87 349 3 412 36 470 87 492 85
8 29 64 127 22 226 82 290 96 374 24 384 89 473 20 527 43
6 29 24 123 82 189 67 270 19 369 8 397 39
5 40 14 134 50 147 8 177 64 233 56
7 81 69 105 18 185 69 251 2 340 16 358 80 373 73
9 65 83 119 83 166 44 231 64 276 8 279 86 289 19 297 96 313 69
5 99 28 151 46 178 92 237 40 295 57
10 31 43 118 26 158 33 241 95 244 33 341 52 349 64 381 13 462 5 485 2
4 38 27 80 59 119 53 145 85
3 13 67 62 96 101 4
1 2
86
1 17 36
4 54 23 88 81 168 8 228 5
1 9
87
8 36 100 128 22 193 52 271 17 321 33 348 30 410 58 420 17
2 26 6 37 33
1 40 78
5 4 43 100 21 106 71 107 14 187 29
7 67 34 112 64 197 92 206 44 293 26 372 1 407 16
1 62 67
3 3 25 7 40 46 31
2 69 46 132 12
8 87 62 106 28 151 26 189 63 258 80 270 46 320 90 388 72
1 7
232
8 85 56 141 70 191 79 193 65 224 64 233 72 290 48 347 1
2 91 92 118 42
4 2 68 67 86 156 13 173 57
3 78 95 141 8 211 82
10 96 57 172 4 221 74 233 74 276 22 310 80 339 19 425 57 499 94 556 15
8 33 89 92 8 178 88 230 82 276 54 302 82 332 86 418 73
8 67 93 102 72 113 12 193 45 224 19 256 49 261 100 286 2
2 7
143 69
5 39 35 131 67 202 19 294 3 371 20
8 54 82 55 86 98 16 108 67 189 74 241 84 314 31 352 24
7 44 90 88 69 138 80 203 50 226 7 308 48 349 75
6 69 49 162 23 204 73 225 25 249 49 299 46
8 6 24 72 5 112 32 211 69 298 79 379 58 456 18 548 46
3 13 55 83 80 129 27
6 35 8 73 76 172 9 243 14 246 47 261 65
1 6
320
9 68 15 123 30 199 33 201 50 243 65 249 79 348 24 395 96 440 91
7 72 95 133 66 138 36 172 2 261 67 309 5 391 99
4 63 90 65 57 92 6 143 78
3 63 70 70 83 151 89
8 76 22 112 1 156 52 166 90 242 43 300 13 342 18 392 51
5 7 13 98 90 111 60 166 100 257 86
1 2
306
5 46 82 61 17 67 72 86 24 91 4
3 93 82 177 40 244 72
3 8
18 268 147
5 26 6 121 53 147 1 169 58 228 3
7 54 29 126 29 167 83 267 49 367 100 410 49 472 52
6 14 68 81 58 124 94 139 31 147 49 242 76
1 13 85
3 32 36 62 60 114 34
6 23 95 41 18 135 99 201 2 247 71 324 71
5 50 72 79 88 169 44 176 60 265 60
3 12 11 72 60 132 2
1 7
19
6 19 39 25 63 31 99 45 45 97 1 192 71
7 19 67 89 97 118 64 212 53 217 38 271 11 304 28
7 19 54 38 21 104 37 117 84 124 56 129 76 134 92
3 19 90 98 39 126 57
8 19 98 76 59 85 20 168 88 214 17 270 62 295 30 324 42
4 19 33 22 65 56 16 139 52
8 19 35 107 92 136 83 229 26 282 98 342 15 411 88 419 74
1 1
51
7 51 48 104 44 129 48 208 69 255 86 268 69 305 16
2 1
267 300
10 78 65 89 27 172 44 240 98 266 67 319 90 347 60 409 27 469 76 527 10
2 8
44 394
9 19 1 113 19 185 69 214 43 226 99 232 80 322 12 340 31 439 72
8 15 40 103 66 137 81 203 78 249 83 347 52 350 12 428 53
3 89 100 116 9 169 20
5 9 62 61 79 99 100 125 86 186 18
9 20 96 27 5 122 14 136 7 162 97 228 94 265 48 312 53 344 21
6 82 80 133 70 174 56 270 83 318 82 380 28
6 33 30 115 84 210 73 236 73 333 86 418 11
8 91 8 141 59 161 72 211 88 299 14 398 60 475 4 564 8
1 2
37
3 37 44 106 66 138 26
1 37 8
2 10
175 100
1 56 26
3 18 100 66 30 158 19
8 6 36 23 1 119 68 212 65 274 47 305 41 364 30 384 27
4 55 26 131 64 183 65 247 23
1 91 99
2 26 35 84 94
1 71 2
9 99 55 162 2 224 55 323 24 351 84 361 76 460 17 476 64 569 85
3 98 4 137 56 193 51
2 76 37 159 14
1 5
247
9 65 100 119 80 174 19 244 34 342 20 362 23 376 12 390 25 441 85
4 72 77 119 49 195 65 259 18
9 44 98 141 20 189 32 230 17 245 31 292 11 296 88 386 15 399 17
2 67 18 103 47
6 43 56 52 22 115 25 128 78 205 31 215 65
2 9
333 12
3 44 57 113 82 119 57
9 19 90 86 13 148 38 150 65 233 63 278 88 364 82 366 49 446 21
6 83 30 124 44 156 22 193 49 258 21 289 98
5 97 19 175 21 251 85 257 69 350 6
6 91 100 156 48 256 86 325 72 419 38 514 63
6 7 48 38 49 77 5 95 79 111 18 194 66
8 59 45 85 27 161 56 237 13 301 47 377 17 438 92 451 49
7 83 14 94 25 169 71 259 68 347 64 395 54 417 14
1 62 52
1 7
255
5 19 90 103 21 119 79 142 74 222 27
1 45 49
5 61 78 122 26 176 25 260 28 314 81
2 87 99 150 10
1 62 53
2 12 75 70 71
1 81 52
1 10
235
1 60 81
2 16 77 45 80
6 24 73 115 81 179 85 180 79 182 75 237 82
5 89 37 92 48 100 86 146 72 171 49
7 15 96 67 64 117 49 129 21 135 7 203 21 290 1
9 44 15 140 2 223 34 298 83 376 37 419 2 501 76 590 4 671 9
9 44 67 83 30 93 74 152 59 190 39 204 68 253 88 285 21 342 60
2 100 46 117 41
3 83 97 176 44 183 57
2 37 42 86 17
1 3
141
3 66 80 142 77 201 93
5 27 63 32 6 120 64 173 56 210 45
2 60 27 126 95
3 4
383 133 288
9 53 2 142 21 183 98 240 64 318 78 341 40 421 70 513 74 584 63
2 70 75 161 28
2 34 70 127 16
8 39 18 133 70 162 21 249 35 311 24 340 35 362 85 400 94
3 1
95 335 40
8 70 75 123 90 209 19 300 76 329 30 348 39 427 76 460 96
2 8
52 371
7 54 28 152 61 219 80 268 23 282 41 293 28 354 31
4 90 62 190 18 201 81 210 29
5 11 35 74 97 93 3 133 33 196 37
7 51 61 87 6 167 32 189 7 214 15 304 19 352 66
9 59 91 146 61 157 85 255 90 307 6 340 31 431 57 468 85 476 22
8 100 61 192 15 246 43 251 4 273 32 285 20 334 64 347 24
2 17 35 55 78
8 9 53 29 70 60 66 132 51 215 4 225 34 274 39 331 5
3 6
63 26 372
6 64 49 110 36 198 93 224 56 270 3 310 24
6 15 87 102 48 141 54 149 50 204 58 284 11
5 91 54 158 90 206 68 291 19 347 34
2 25 78 122 67
7 34 85 101 70 181 13 243 100 300 61 331 5 393 78
8 30 94 72 87 95 10 98 29 182 30 215 72 311 27 391 94
3 2
215 30 60
7 19 77 75 67 165 33 188 77 232 34 314 49 347 52
5 84 100 109 2 208 65 270 24 328 42
3 6
278 123 122
9 47 77 129 43 150 4 231 10 234 44 265 54 328 66 422 78 429 40
1 33 12
9 54 69 76 30 121 9 149 5 210 28 227 49 299 49 392 26 399 56
4 47 87 117 70 211 96 305 58
5 1 43 52 28 137 54 222 15 223 48
1 49 69
2 7
254 28
4 91 54 111 14 202 98 239 48
9 98 4 188 44 200 34 263 7 279 44 327 9 363 52 364 73 386 14
5 2 90 31 75 93 32 94 95 184 83
7 4 5 51 97 76 9 139 47 200 62 209 33 248 87
3 79 40 82 10 130 38
2 24 15 36 49
5 36 34 74 27 144 82 159 78 243 100
3 10
136 344 347
6 81 94 114 79 194 69 291 72 325 65 391 60
4 73 33 110 41 198 84 207 17
3 86 48 142 89 169 13
10 72 12 87 25 159 10 160 11 195 49 256 9 261 55 351 24 413 88 471 40
4 16 15 74 48 121 81 188 54
10 87 19 184 77 229 42 243 47 255 77 291 86 309 90 332 59 432 87 503 79
8 100 86 133 89 211 5 228 85 307 51 369 76 469 72 550 81
3 75 35 119 48 121 92
8 65 23 127 16 174 62 251 34 333 28 342 75 370 40 403 19
4 11 55 108 10 164 68 208 80
3 8
376 211 208
4 9 87 92 57 149 42 224 63
5 62 46 86 74 121 11 132 82 194 43
7 36 70 50 61 113 55 183 46 194 33 289 10 346 18
3 9 37 55 21 103 88
4 77 11 98 76 170 81 207 4
3 91 73 135 38 226 42
9 75 58 89 71 101 87 150 89 183 94 223 63 259 71 341 92 415 36
2 73 8 151 91
1 7
149
9 94 27 115 31 202 5 301 26 336 72 353 37 438 73 531 32 539 18
2 85 66 88 7
8 71 43 158 24 172 56 208 24 307 56 377 40 429 38 516 76
1 41 4
2 92 84 149 92
9 54 61 92 28 171 93 232 98 313 75 314 21 365 38 407 40 472 100
9 24 9 105 74 110 13 141 69 224 68 257 36 299 95 373 45 460 74
1 7
6
3 6 80 56 89 97 79
5 6 50 97 94 130 43 165 18 240 67
2 6 32 75 97
7 6 27 14 82 97 3 151 91 183 72 219 36 225 93
3 6 80 91 98 119 97
5 6 14 61 50 84 68 138 27 162 34
1 6 50
3 7
32 346 205
10 40 89 119 72 124 48 206 99 279 40 355 93 419 95 483 61 519 5 553 60
5 31 34 119 79 130 82 148 53 206 51
10 99 79 162 61 250 85 313 9 400 1 456 5 484 95 533 76 632 33 665 34
1 38 17
10 78 29 98 60 146 27 245 3 295 31 325 3 367 17 377 73 444 30 535 27
7 24 91 63 70 66 91 135 79 195 77 224 87 261 4
10 74 36 171 84 240 31 280 26 307 82 394 14 402 57 434 30 497 95 525 87
1 5
131
3 2 31 53 10 110 83
9 34 65 129 97 168 56 233 37 236 33 259 50 339 44 406 57 502 65
6 27 5 92 41 162 56 254 96 346 87 406 96
8 44 74 57 39 123 48 157 47 212 12 255 73 290 29 346 43
8 20 53 97 78 106 59 174 25 182 89 254 6 325 65 386 100
1 6
230
10 14 63 56 85 108 8 112 69 148 94 169 25 258 30 357 54 403 41 436 19
8 64 39 147 57 217 9 291 21 345 1 401 67 411 82 427 45
5 80 50 150 23 249 77 334 43 345 35
3 2 8 80 42 83 2
8 30 87 108 91 161 95 241 31 280 42 290 46 330 60 415 74
1 55 1
3 10
274 163 19
5 26 82 77 59 110 53 117 8 181 31
3 38 82 120 25 124 54
5 44 21 50 49 109 93 144 65 211 74
10 95 97 149 29 207 45 229 12 294 59 333 69 340 48 398 3 440 1 526 59
7 18 18 77 32 100 91 132 36 212 5 299 38 396 29
9 97 61 188 31 241 91 313 54 392 82 427 58 430 47 497 72 517 79
1 71 37
7 53 48 98 98 124 84 152 50 214 27 300 24 392 99
1 7 48
4 93 54 110 34 162 10 204 64
3 3
397 16 362
3 25 53 60 24 80 81
1 55 45
8 49 31 114 23 140 72 179 11 210 9 291 87 348 94 351 64
2 1
26 130
2 44 94 99 81
3 9
318 104 118
4 83 32 149 58 161 28 223 14
7 28 82 94 86 179 89 258 7 289 84 308 42 370 42
2 71 15 103 3
9 47 69 141 66 145 14 190 54 224 20 300 69 372 36 424 16 448 31
8 23 16 94 52 112 8 201 68 295 23 354 42 427 39 523 8
10 11 35 110 27 118 74 178 45 211 12 230 49 263 51 356 54 452 9 476 94
5 43 94 119 22 210 84 260 53 327 12
10 17 93 79 33 147 19 182 59 271 52 301 53 370 40 462 10 479 5 552 66
5 89 61 188 95 191 38 227 47 308 80
1 9
184
9 23 35 76 2 110 85 187 31 213 34 271 52 331 100 374 37 386 33
1 56 9
9 51 48 115 57 133 50 151 37 222 29 240 69 338 51 357 58 406 58
8 51 17 57 53 98 2 99 96 197 36 268 17 365 77 447 96
3 18 40 93 27 121 62
3 54 79 67 71 89 81
3 59 70 62 25 94 87
8 57 7 112 19 187 92 229 60 325 67 421 13 502 79 532 48
6 13 87 79 17 112 39 203 32 236 33 264 26
1 5
178
3 3 98 83 7 108 65
7 93 54 193 23 269 55 337 38 397 40 418 43 420 72
10 30 17 43 83 82 46 182 18 275 84 300 84 380 47 422 55 458 15 502 92
6 64 51 80 32 145 3 238 24 295 89 312 42
4 81 25 127 48 172 25 203 55
2 3
57 272
7 91 67 112 89 139 86 165 46 254 90 315 35 348 63
10 75 14 134 59 211 69 264 78 326 42 414 30 498 19 532 77 600 64 615 79
5 76 40 118 35 177 15 181 20 243 64
3 1
188 377 157
7 94 49 163 26 211 62 241 97 329 54 404 64 494 75
2 4
92 335
2 52 14 146 86
8 32 91 100 37 189 67 217 69 274 86 344 89 366 98 431 29
3 51 95 121 9 172 85
6 61 81 104 6 107 80 188 28 210 61 235 18
2 7
30 275
10 95 82 131 11 205 63 243 38 326 16 365 23 406 92 412 100 497 44 514 48
1 42 30
3 93 50 128 5 221 15
8 6 49 78 22 95 86 190 45 220 72 250 90 321 13 340 21
9 8 30 99 15 132 100 167 95 169 71 237 63 282 80 373 64 400 64
9 100 38 161 1 254 98 351 81 376 41 465 27 497 74 501 100 524 16
10 5 98 17 23 117 5 171 25 218 63 267 43 355 17 444 18 452 78 542 8
1 1
65
5 37 52 121 84 139 12 153 84 205 14
0 0
