100 20 50 -10
100 22 0  0
100 35 25 -10.5
10  90 25 -28
0 100 50 0
0 100 0  0
0 100 50 -10
0 100 0  -10
100 0 90 0
100 0 0  0
100 0 90 -10
100 0 0  -10
100 10 90 0
100 10 90 -10
100 10 90 -20
100 112   90 0
100 112.6 90 0
100 10000 90 0
100 10000 90 -1
100 10000 90 -2
100 10000 90 -3
100 10000 90 -4
100 10000 90 -5
100 100   90 -28
100 100   80 -28
100 100   70 -28
100 100   60 -28
100 100   50 -28
100 100   40 -28
100 100   30 -28
100 100   20 -28
100 100   10 -28
100 100    0 -28
100 1000   0 -28
100 10000  0 -28
100 10000 10 -28
0 0 0 0
