20 30 5
0.800 0.806 0.972 0.840 0.854 0.934 0.863 0.832 0.874 0.885 0.816 0.894 0.814 0.968 0.811 0.858 0.983 0.873 0.954 0.865 0.939 0.968 0.943 0.861 0.832 0.865 0.893 0.849 0.965 0.855 
0.896 0.829 0.974 0.857 0.954 0.995 0.898 0.977 0.965 0.804 0.828 0.828 0.900 0.804 0.918 0.801 0.954 0.930 0.954 0.941 0.911 0.841 0.936 0.918 0.991 0.928 0.999 0.848 0.935 0.859 
0.817 0.954 0.899 0.976 0.901 0.914 0.990 0.936 0.867 0.801 0.941 0.997 0.954 0.949 0.839 0.828 0.982 0.956 0.917 0.972 0.937 0.857 0.818 0.925 0.856 0.975 0.832 0.854 0.908 0.992 
0.834 0.831 0.853 0.835 0.915 0.899 0.857 0.831 0.921 0.947 0.949 0.816 0.815 0.811 0.821 0.959 0.961 0.876 0.922 0.887 0.948 0.898 0.868 0.963 0.963 0.828 0.818 0.813 0.812 0.838 
0.934 0.845 0.914 0.850 0.873 0.967 0.862 0.862 0.931 0.938 0.980 0.863 0.895 0.859 0.953 0.948 0.910 0.944 0.882 0.908 0.919 0.976 0.933 0.822 0.894 0.880 0.822 0.810 0.909 0.934 
0.816 0.984 0.967 0.936 0.985 0.855 0.940 0.946 0.899 0.932 0.831 0.846 0.989 0.872 0.825 0.997 0.861 0.810 0.820 0.973 0.910 0.939 0.820 0.933 0.803 0.861 0.980 0.907 0.865 0.888 
0.980 0.869 0.870 0.897 0.814 0.970 0.952 0.836 0.984 0.898 0.825 0.978 0.880 0.841 0.961 0.917 0.821 0.924 0.985 0.908 0.865 0.889 0.845 0.836 0.938 0.999 0.925 0.938 0.908 0.819 
0.949 0.829 0.846 0.976 0.942 0.887 0.996 0.830 0.807 0.836 0.801 0.875 0.878 0.872 0.816 0.890 0.900 0.892 0.935 0.963 0.913 0.850 0.874 0.916 0.974 0.921 0.851 0.939 0.911 0.975 
0.872 0.872 0.924 0.956 0.891 0.841 0.939 0.967 0.950 0.980 0.837 0.955 0.853 0.859 0.940 0.891 0.992 0.837 0.802 0.844 0.979 0.864 0.972 0.952 0.993 0.854 0.879 0.967 0.804 0.849 
0.810 0.901 0.884 0.800 0.830 0.941 0.862 0.879 0.909 0.852 0.830 0.858 0.815 0.941 0.866 0.957 0.931 0.913 0.979 0.804 0.851 0.976 0.936 0.806 0.831 0.831 0.882 0.883 0.828 0.800 
0.905 0.952 0.914 0.846 0.972 0.812 0.897 0.815 0.873 0.932 0.841 0.960 0.904 0.883 0.807 0.998 0.832 0.809 0.811 0.820 0.960 0.990 0.823 0.842 0.952 0.996 0.899 0.806 0.918 0.960 
0.984 0.902 0.932 0.999 0.953 0.943 0.978 0.998 0.946 0.956 0.803 0.873 0.863 0.814 0.956 0.852 0.971 0.983 0.809 0.978 0.984 0.897 0.937 0.875 0.884 0.949 0.939 0.868 0.925 0.901 
0.993 0.820 0.998 0.804 0.923 0.871 0.902 0.929 0.962 0.927 0.990 0.899 0.897 0.999 0.847 0.839 0.887 0.937 0.951 0.806 0.922 0.960 0.892 0.833 0.926 0.814 0.992 0.957 0.974 0.886 
0.801 0.844 0.915 0.976 0.811 0.894 0.986 0.973 0.971 0.944 0.996 0.842 0.830 0.932 0.965 0.837 0.803 0.963 0.912 0.893 0.887 0.829 0.959 0.974 0.819 0.919 0.959 0.843 0.894 0.880 
0.900 0.940 0.956 0.863 0.807 0.920 0.858 0.811 0.893 0.843 0.816 0.931 0.971 0.868 0.861 0.894 0.983 0.944 0.882 0.816 0.961 0.850 0.807 0.869 0.976 0.972 0.887 0.850 0.884 0.873 
0.930 0.885 0.927 0.951 0.962 0.891 0.907 0.923 0.861 0.848 0.881 0.944 0.931 0.835 0.992 0.807 0.864 0.978 0.893 0.902 0.975 0.934 0.882 0.916 0.828 0.995 0.894 0.830 0.862 0.922 
0.963 0.896 0.827 0.893 0.828 0.866 0.932 0.964 0.971 0.831 0.835 0.949 0.855 0.868 0.849 0.807 0.980 0.937 0.816 0.932 0.802 0.923 0.916 0.954 0.838 0.978 0.962 0.928 0.897 0.956 
0.949 0.838 0.875 0.981 0.905 0.974 0.945 0.859 0.918 0.821 0.868 0.870 0.884 0.914 0.982 0.935 0.947 0.999 0.871 0.819 0.880 0.855 0.984 0.847 0.877 0.816 0.905 0.902 0.907 0.844 
0.839 0.883 0.993 0.900 0.915 0.874 0.875 0.957 0.982 0.936 0.914 0.905 0.985 0.845 0.804 0.995 0.899 0.994 0.841 0.965 0.819 0.886 0.812 0.999 0.876 0.940 0.973 0.964 0.878 0.931 
0.855 0.973 0.836 0.873 0.882 0.816 0.993 0.801 0.837 0.820 0.812 0.927 0.854 0.960 0.823 0.938 0.881 0.897 0.904 0.820 0.987 0.864 0.990 0.854 0.958 0.971 0.884 0.900 0.857 0.945 
