20 30 10
0.843 0.938 0.950 0.856 0.902 0.835 0.998 0.974 0.996 0.873 0.949 0.826 0.826 0.951 0.958 0.849 0.872 0.895 0.838 0.891 0.844 0.907 0.851 0.844 0.858 0.851 0.863 0.911 0.842 0.857 
0.893 0.838 0.910 0.969 0.926 0.852 0.901 0.844 0.903 0.926 0.934 0.911 0.877 0.823 0.875 0.888 0.941 0.836 0.861 0.997 0.810 0.972 0.879 0.837 0.971 0.808 0.848 0.987 0.979 0.850 
0.896 0.979 0.922 0.938 0.987 0.823 0.918 0.828 0.888 0.820 0.974 0.979 0.926 0.939 0.980 0.990 0.828 0.820 0.849 0.810 0.802 0.933 0.889 0.874 0.837 0.899 0.918 0.966 0.889 0.991 
0.900 0.888 0.836 0.898 0.919 0.826 0.956 0.894 0.970 0.981 0.916 0.801 0.885 0.872 0.937 0.964 0.954 0.976 0.809 0.933 0.894 0.803 0.920 0.992 0.996 0.974 0.886 0.902 0.818 0.914 
0.837 0.915 0.946 0.808 0.851 0.919 0.895 0.940 0.879 0.867 0.981 0.971 0.965 0.869 0.911 0.959 0.812 0.978 0.848 0.998 0.968 0.956 0.988 0.958 0.815 0.954 0.905 0.917 0.920 0.897 
0.996 0.863 0.825 0.998 0.992 0.957 0.955 0.891 0.967 0.833 0.996 0.917 0.901 0.925 0.946 0.944 0.930 0.809 0.872 0.968 0.861 0.834 0.883 0.956 0.949 0.937 0.866 0.889 0.842 0.811 
0.963 0.974 0.983 0.842 0.863 0.870 0.867 0.849 0.990 0.803 0.954 0.973 0.926 0.909 0.932 0.835 0.895 0.988 0.826 0.807 0.917 0.910 0.948 0.833 0.962 0.944 0.898 0.915 0.830 0.958 
0.888 0.833 0.965 0.865 0.914 0.891 0.842 0.953 0.950 0.964 0.827 0.985 0.977 0.945 0.865 0.800 0.932 0.960 0.978 0.802 0.882 0.954 0.826 0.968 0.817 0.905 0.839 0.868 0.858 0.986 
0.843 0.814 0.975 0.824 0.808 0.944 0.925 0.871 0.927 0.859 0.976 0.945 0.965 0.906 0.861 0.848 0.987 0.837 0.810 0.824 0.888 0.829 0.988 0.866 0.956 0.902 0.928 0.929 0.977 0.819 
0.955 0.957 0.819 0.998 0.891 0.889 0.897 0.821 0.954 0.855 0.965 0.989 0.832 0.803 0.932 0.976 0.935 0.898 0.845 0.957 0.929 0.815 0.847 0.952 0.834 0.976 0.940 0.858 0.894 0.948 
0.867 0.828 0.819 0.950 0.848 0.943 0.874 0.802 0.969 0.952 0.947 0.932 0.880 0.937 0.957 0.915 0.882 0.948 0.829 0.826 0.969 0.989 0.905 0.989 0.804 0.895 0.915 0.929 0.892 0.975 
0.884 0.970 0.829 0.867 0.983 0.806 0.800 0.972 0.817 0.999 0.888 0.831 0.848 0.809 0.873 0.886 0.946 0.822 0.800 0.913 0.878 0.879 0.868 0.851 0.807 0.866 0.839 0.824 0.929 0.991 
0.801 0.982 0.815 0.970 0.811 0.847 0.883 0.878 0.924 0.900 0.865 0.984 0.845 0.992 0.806 0.806 0.823 0.812 0.945 0.832 0.896 0.903 0.920 0.819 0.830 0.953 0.958 0.833 0.955 0.942 
0.977 0.839 0.939 0.998 0.962 0.888 0.987 0.822 0.857 0.837 0.845 0.832 0.819 0.926 0.961 0.810 0.975 0.860 0.890 0.878 0.853 0.817 0.810 0.892 0.894 0.924 0.918 0.994 0.933 0.941 
0.889 0.896 0.962 0.967 0.850 0.934 0.951 0.830 0.962 0.985 0.949 0.868 0.967 0.963 0.928 0.860 0.885 0.903 0.909 0.922 0.908 0.840 0.924 0.815 0.809 0.993 0.846 0.988 0.976 0.967 
0.960 0.908 0.902 0.972 0.991 0.887 0.960 0.891 0.961 0.868 0.967 0.869 0.903 0.873 0.873 0.978 0.900 0.887 0.991 0.926 0.968 0.962 0.993 0.845 0.962 0.832 0.991 0.861 0.921 0.920 
0.826 0.951 0.921 0.916 0.984 0.898 0.975 0.923 0.974 0.960 0.924 0.837 0.863 0.950 0.967 0.870 0.923 0.856 0.891 0.971 0.985 0.976 0.912 0.961 0.937 0.829 0.927 0.836 0.878 0.890 
0.969 0.945 0.866 0.919 0.951 0.816 0.854 0.840 0.827 0.817 0.871 0.822 0.926 0.942 0.936 0.843 0.894 0.990 0.855 0.862 0.912 0.945 0.899 0.993 0.907 0.921 0.809 0.920 0.932 0.964 
0.823 0.817 0.944 0.804 0.875 0.934 0.837 0.919 0.959 0.807 0.863 0.926 0.912 0.952 0.805 0.949 0.904 0.904 0.938 0.882 0.986 0.954 0.830 0.905 0.894 0.954 0.920 0.854 0.960 0.835 
0.840 0.916 0.807 0.918 0.902 0.952 0.808 0.948 0.821 0.808 0.873 0.848 0.802 0.823 0.835 0.812 0.953 0.993 0.911 0.830 0.856 0.911 0.810 0.982 0.960 0.815 0.860 0.879 0.923 0.991 
