50 50 5
0.900 0.903 0.986 0.920 0.927 0.967 0.931 0.916 0.937 0.942 0.908 0.947 0.907 0.984 0.905 0.929 0.991 0.936 0.977 0.932 0.969 0.984 0.971 0.930 0.916 0.932 0.946 0.924 0.982 0.927 0.948 0.914 0.987 0.928 0.977 0.997 0.949 0.988 0.982 0.902 0.914 0.914 0.950 0.902 0.959 0.900 0.977 0.965 0.977 0.970 
0.955 0.920 0.968 0.959 0.995 0.964 0.999 0.924 0.967 0.929 0.908 0.977 0.949 0.988 0.950 0.957 0.995 0.968 0.933 0.900 0.970 0.998 0.977 0.974 0.919 0.914 0.991 0.978 0.958 0.986 0.968 0.928 0.909 0.962 0.928 0.987 0.916 0.927 0.954 0.996 0.917 0.915 0.926 0.917 0.957 0.949 0.928 0.915 0.960 0.973 
0.974 0.908 0.907 0.905 0.910 0.979 0.980 0.938 0.961 0.943 0.974 0.949 0.934 0.981 0.981 0.914 0.909 0.906 0.906 0.919 0.967 0.922 0.957 0.925 0.936 0.983 0.931 0.931 0.965 0.969 0.990 0.931 0.947 0.929 0.976 0.974 0.955 0.972 0.941 0.954 0.959 0.988 0.966 0.911 0.947 0.940 0.911 0.905 0.954 0.967 
0.908 0.992 0.983 0.968 0.992 0.927 0.970 0.973 0.949 0.966 0.915 0.923 0.994 0.936 0.912 0.998 0.930 0.905 0.910 0.986 0.955 0.969 0.910 0.966 0.901 0.930 0.990 0.953 0.932 0.944 0.990 0.934 0.935 0.948 0.907 0.985 0.976 0.918 0.992 0.949 0.912 0.989 0.940 0.920 0.980 0.958 0.910 0.962 0.992 0.954 
0.932 0.944 0.922 0.918 0.969 0.999 0.962 0.969 0.954 0.909 0.974 0.914 0.923 0.988 0.971 0.943 0.998 0.915 0.903 0.918 0.900 0.937 0.939 0.936 0.908 0.945 0.950 0.946 0.967 0.981 0.956 0.925 0.937 0.958 0.987 0.960 0.925 0.969 0.955 0.987 0.936 0.936 0.962 0.978 0.945 0.920 0.969 0.983 0.975 0.990 
0.918 0.977 0.926 0.929 0.970 0.945 0.996 0.918 0.901 0.922 0.989 0.932 0.986 0.976 0.996 0.927 0.939 0.983 0.902 0.924 0.905 0.950 0.942 0.900 0.915 0.970 0.931 0.939 0.954 0.926 0.915 0.929 0.907 0.970 0.933 0.978 0.965 0.956 0.989 0.902 0.925 0.988 0.968 0.903 0.915 0.915 0.941 0.941 0.914 0.900 
0.952 0.976 0.957 0.923 0.986 0.906 0.948 0.907 0.936 0.966 0.920 0.980 0.952 0.941 0.903 0.999 0.916 0.904 0.905 0.910 0.980 0.995 0.911 0.921 0.976 0.998 0.949 0.903 0.959 0.980 0.992 0.951 0.966 0.999 0.976 0.971 0.989 0.999 0.973 0.978 0.901 0.936 0.931 0.907 0.978 0.926 0.985 0.991 0.904 0.989 
0.992 0.948 0.968 0.937 0.942 0.974 0.969 0.934 0.962 0.950 0.996 0.910 0.999 0.902 0.961 0.935 0.951 0.964 0.981 0.963 0.995 0.949 0.948 0.999 0.923 0.919 0.943 0.968 0.975 0.903 0.961 0.980 0.946 0.916 0.963 0.907 0.996 0.978 0.987 0.943 0.900 0.922 0.957 0.988 0.905 0.947 0.993 0.986 0.985 0.972 
0.998 0.921 0.915 0.966 0.982 0.918 0.901 0.981 0.956 0.946 0.943 0.914 0.979 0.987 0.909 0.959 0.979 0.921 0.947 0.940 0.950 0.970 0.978 0.931 0.903 0.960 0.929 0.905 0.946 0.921 0.908 0.965 0.985 0.934 0.930 0.947 0.991 0.972 0.941 0.908 0.980 0.925 0.903 0.934 0.988 0.986 0.943 0.925 0.942 0.936 
0.965 0.942 0.963 0.975 0.981 0.945 0.953 0.961 0.930 0.924 0.940 0.972 0.965 0.917 0.996 0.903 0.932 0.989 0.946 0.951 0.987 0.967 0.941 0.958 0.914 0.997 0.947 0.915 0.931 0.961 0.981 0.948 0.913 0.946 0.914 0.933 0.966 0.982 0.985 0.915 0.917 0.974 0.927 0.934 0.924 0.903 0.990 0.968 0.908 0.966 
0.901 0.961 0.958 0.977 0.919 0.989 0.981 0.964 0.948 0.978 0.974 0.919 0.937 0.990 0.952 0.987 0.972 0.929 0.959 0.910 0.934 0.935 0.942 0.957 0.991 0.967 0.973 0.999 0.935 0.909 0.940 0.927 0.992 0.923 0.938 0.908 0.952 0.951 0.953 0.922 0.919 0.941 0.996 0.950 0.957 0.937 0.937 0.978 0.991 0.968 
0.957 0.952 0.992 0.922 0.902 0.997 0.949 0.997 0.920 0.982 0.909 0.943 0.906 0.999 0.938 0.970 0.986 0.982 0.939 0.965 0.927 0.986 0.918 0.936 0.941 0.908 0.996 0.900 0.918 0.910 0.906 0.963 0.927 0.980 0.911 0.969 0.940 0.948 0.952 0.910 0.993 0.932 0.995 0.927 0.979 0.985 0.942 0.950 0.928 0.972 
0.933 0.942 0.943 0.997 0.936 0.958 0.970 0.948 0.917 0.932 0.941 0.948 0.935 0.946 0.906 0.918 0.999 0.955 0.945 0.989 0.982 0.959 0.941 0.929 0.984 0.957 0.928 0.964 0.988 0.925 0.962 0.904 0.947 0.982 0.986 0.922 0.997 0.966 0.970 0.926 0.990 0.923 0.947 0.935 0.980 0.960 0.902 0.941 0.922 0.949 
0.951 0.925 0.955 0.960 0.933 0.957 0.976 0.970 0.916 0.992 0.944 0.971 0.955 0.954 0.951 0.973 0.989 0.954 0.960 0.984 0.942 0.902 0.994 0.903 0.973 0.990 0.925 0.964 0.993 0.978 0.905 0.909 0.935 0.988 0.920 0.994 0.958 0.998 0.979 0.938 0.902 0.902 0.960 0.978 0.946 0.950 0.973 0.993 0.927 0.916 
0.913 0.999 0.913 0.933 0.915 0.941 0.949 0.910 0.938 0.929 0.927 0.906 0.929 0.984 0.924 0.937 0.958 0.905 0.926 0.939 0.907 0.976 0.941 0.903 0.971 0.951 0.944 0.972 0.900 0.909 0.924 0.952 0.980 0.962 0.926 0.983 0.947 0.945 0.904 0.966 0.966 0.942 0.923 0.957 0.935 0.909 0.985 0.958 0.983 0.902 
0.966 0.966 0.984 0.936 0.982 0.980 0.991 0.907 0.926 0.951 0.974 0.977 0.945 0.938 0.916 0.989 0.947 0.914 0.992 0.962 0.959 0.908 0.944 0.903 0.969 0.913 0.919 0.909 0.934 0.962 0.943 0.957 0.930 0.969 0.941 0.909 0.971 0.996 0.921 0.980 0.942 0.970 0.998 0.942 0.903 0.973 0.910 0.959 0.961 0.989 
0.960 0.977 0.931 0.962 0.987 0.927 0.926 0.907 0.937 0.901 0.932 0.988 0.917 0.907 0.987 0.937 0.915 0.925 0.947 0.991 0.942 0.915 0.912 0.963 0.930 0.939 0.957 0.985 0.983 0.916 0.974 0.976 0.969 0.916 0.935 0.929 0.992 0.941 0.921 0.924 0.903 0.986 0.983 0.901 0.918 0.952 0.928 0.962 0.954 0.956 
0.946 0.978 0.917 0.972 0.924 0.916 0.988 0.989 0.909 0.925 0.989 0.969 0.912 0.941 0.943 0.943 0.978 0.988 0.941 0.989 0.956 0.901 0.988 0.958 0.939 0.992 0.991 0.957 0.964 0.938 0.912 0.908 0.999 0.951 0.996 0.927 0.940 0.967 0.946 0.906 0.908 0.975 0.914 0.987 0.921 0.955 0.915 0.961 0.963 0.995 
0.997 0.926 0.901 0.926 0.919 0.998 0.995 0.981 0.914 0.952 0.928 0.960 0.950 0.931 0.932 0.977 0.908 0.968 0.989 0.904 0.939 0.990 0.948 0.941 0.979 0.909 0.967 0.986 0.928 0.912 0.990 0.981 0.908 0.924 0.995 0.939 0.985 0.977 0.994 0.910 0.900 0.928 0.971 0.923 0.940 0.910 0.967 0.903 0.966 0.997 
0.971 0.969 0.955 0.933 0.967 0.955 0.936 0.932 0.939 0.909 0.929 0.979 0.953 0.954 0.902 0.967 0.950 0.931 0.929 0.956 0.921 0.952 0.990 0.943 0.964 0.927 0.957 0.972 0.921 0.949 0.965 0.932 0.959 0.953 0.943 0.913 0.951 0.978 0.970 0.922 0.943 0.996 0.975 0.980 0.941 0.900 0.993 0.954 0.946 0.946 
0.954 0.982 0.909 0.905 0.963 0.917 0.900 0.970 0.988 0.981 0.905 0.914 0.985 0.902 0.993 0.900 0.910 0.998 0.928 0.995 0.900 0.906 0.906 0.924 0.930 0.977 0.939 0.980 0.974 0.997 0.936 0.978 0.920 0.995 0.936 0.992 0.927 0.937 0.993 0.954 0.926 0.942 0.927 0.972 0.987 0.953 0.985 0.906 0.920 0.947 
0.975 0.919 0.975 0.976 0.977 0.968 0.967 0.966 0.927 0.933 0.924 0.924 0.940 0.972 0.944 0.920 0.923 0.965 0.926 0.950 0.975 0.981 0.973 0.997 0.990 0.975 0.916 0.944 0.916 0.917 0.993 0.906 0.911 0.989 0.981 0.989 0.923 0.908 0.966 0.986 0.981 0.972 0.903 0.975 0.952 0.928 0.903 0.974 0.940 0.902 
0.933 0.970 0.999 0.956 0.936 0.929 0.993 0.951 0.998 0.947 0.938 0.932 0.911 0.910 0.902 0.971 0.933 0.964 0.934 0.923 0.914 0.913 0.970 0.989 0.955 0.905 0.932 0.993 0.930 0.963 0.999 0.906 0.958 0.975 0.939 0.985 0.934 0.959 0.927 0.904 0.943 0.950 0.976 0.901 0.911 0.985 0.959 0.958 0.981 0.986 
0.918 0.995 0.907 0.964 0.963 0.952 0.907 0.984 0.915 0.969 0.916 0.980 0.958 0.908 0.940 0.905 0.989 0.975 0.990 0.947 0.983 0.916 0.943 0.953 0.920 0.925 0.987 0.943 0.938 0.968 0.907 0.904 0.904 0.908 0.949 0.993 0.919 0.905 0.967 0.994 0.902 0.908 0.911 0.908 0.923 0.966 0.954 0.966 0.964 0.934 
0.936 0.993 0.944 0.944 0.976 0.973 0.934 0.958 0.993 0.989 0.941 0.947 0.926 0.929 0.941 0.945 0.951 0.993 0.995 0.969 0.927 0.933 0.968 0.913 0.921 0.921 0.942 0.963 0.906 0.928 0.998 0.975 0.914 0.934 0.989 0.922 0.998 0.937 0.952 0.903 0.939 0.912 0.915 0.967 0.986 0.939 0.900 0.994 0.932 0.997 
0.943 0.941 0.962 0.911 0.955 0.941 0.912 0.980 0.909 0.909 0.934 0.923 0.945 0.908 0.970 0.948 0.994 0.960 0.951 0.989 0.977 0.918 0.995 0.996 0.951 0.926 0.967 0.973 0.971 0.943 0.919 0.979 0.912 0.996 0.930 0.955 0.977 0.998 0.905 0.934 0.965 0.941 0.912 0.950 0.982 0.947 0.961 0.952 0.927 0.947 
0.960 0.987 0.984 0.910 0.986 0.909 0.988 0.951 0.983 0.936 0.963 0.980 0.946 0.948 0.942 0.984 0.971 0.902 0.920 0.943 0.982 0.924 0.995 0.923 0.943 0.970 0.903 0.908 0.951 0.902 0.955 0.946 0.929 0.901 0.917 0.939 0.998 0.911 0.909 0.992 0.979 0.997 0.908 0.997 0.956 0.954 0.973 0.932 0.908 0.908 
0.937 0.986 0.980 0.978 0.929 0.946 0.966 0.908 0.925 0.907 0.910 0.991 0.938 0.997 0.951 0.918 0.990 0.915 0.972 0.950 0.941 0.927 0.937 0.988 0.957 0.986 0.900 0.988 0.938 0.944 0.947 0.939 0.953 0.989 0.995 0.913 0.943 0.924 0.951 0.955 0.983 0.963 0.918 0.954 0.931 0.918 0.996 0.937 0.988 0.901 
0.908 0.962 0.958 0.962 0.965 0.907 0.980 0.941 0.935 0.976 0.964 0.900 0.977 0.977 0.963 0.965 0.982 0.938 0.958 0.902 0.901 0.964 0.935 0.995 0.963 0.963 0.987 0.901 0.919 0.971 0.968 0.911 0.965 0.975 0.979 0.929 0.911 0.914 0.970 0.959 0.928 0.987 0.976 0.957 0.969 0.917 0.933 0.978 0.952 0.946 
0.941 0.949 0.952 0.954 0.957 0.925 0.938 0.930 0.951 0.918 0.960 0.948 0.953 0.910 0.956 0.904 0.968 0.984 0.951 0.934 0.938 0.936 0.952 0.927 0.993 0.948 0.979 0.970 0.999 0.946 0.974 0.924 0.904 0.962 0.973 0.905 0.946 0.977 0.947 0.906 0.965 0.915 0.939 0.910 0.941 0.916 0.957 0.952 0.934 0.914 
0.995 0.956 0.918 0.971 0.988 0.940 0.930 0.984 0.943 0.958 0.967 0.936 0.977 0.945 0.902 0.964 0.966 0.964 0.919 0.974 0.999 0.981 0.967 0.914 0.958 0.912 0.998 0.998 0.998 0.914 0.932 0.928 0.986 0.933 0.960 0.965 0.927 0.912 0.996 0.950 0.981 0.920 0.912 0.968 0.944 0.971 0.940 0.903 0.966 0.941 
0.915 0.943 0.914 0.984 0.989 0.916 0.906 0.924 0.960 0.976 0.967 0.972 0.962 0.964 0.901 0.982 0.939 0.919 0.966 0.966 0.997 0.910 0.997 0.907 0.983 0.912 0.918 0.956 0.965 0.956 0.939 0.910 0.990 0.911 0.918 0.983 0.959 0.997 0.951 0.931 0.934 0.921 0.913 0.997 0.969 0.987 0.948 0.984 0.947 0.937 
0.909 0.965 0.932 0.904 0.975 0.985 0.995 0.992 0.902 0.940 0.968 0.925 0.986 0.910 0.925 0.908 0.944 0.985 0.900 0.910 0.945 0.929 0.997 0.957 0.939 0.950 0.945 0.988 0.968 0.985 0.998 0.924 0.969 0.910 0.998 0.947 0.984 0.935 0.936 0.982 0.952 0.954 0.990 0.940 0.939 0.942 0.917 0.965 0.934 0.936 
0.930 0.985 0.924 0.932 0.997 0.960 0.908 0.982 0.924 0.983 0.937 0.993 0.926 0.987 0.967 0.942 0.986 0.933 0.977 0.950 0.965 0.907 0.986 0.915 0.914 0.955 0.965 0.973 0.985 0.914 0.938 0.922 0.962 0.927 0.904 0.964 0.951 0.955 0.941 0.929 0.989 0.918 0.961 0.983 0.985 0.934 0.931 0.940 0.981 0.930 
0.986 0.938 0.908 0.944 0.977 0.934 0.967 0.954 0.962 0.933 0.968 0.990 0.913 0.966 0.907 0.920 0.987 0.967 0.948 0.920 0.914 0.922 0.966 0.961 0.979 0.991 0.949 0.975 0.998 0.924 0.967 0.985 0.928 0.922 0.964 0.924 0.958 0.907 0.926 0.945 0.962 0.917 0.927 0.926 0.924 0.933 0.968 0.921 0.955 0.994 
0.946 0.987 0.965 0.975 0.927 0.912 0.966 0.918 0.913 0.920 0.912 0.952 0.919 0.921 0.904 0.938 0.902 0.925 0.918 0.921 0.909 0.963 0.928 0.983 0.941 0.962 0.944 0.924 0.945 0.968 0.975 0.914 0.974 0.934 0.987 0.996 0.988 0.992 0.927 0.931 0.992 0.983 0.925 0.920 0.910 0.935 0.997 0.936 0.960 0.981 
0.904 0.950 0.980 0.971 0.958 0.954 0.910 0.934 0.954 0.981 0.933 0.972 0.996 0.909 0.931 0.997 0.931 0.979 0.914 0.952 0.999 0.959 0.922 0.979 0.996 0.965 0.908 0.904 0.970 0.980 0.948 0.974 0.924 0.961 0.952 0.956 0.981 0.915 0.956 0.985 0.943 0.985 0.922 0.923 0.950 0.975 0.986 0.958 0.906 0.908 
0.911 0.969 0.954 0.995 0.959 0.922 0.992 0.961 0.975 0.980 0.973 0.949 0.945 0.940 0.938 0.905 0.978 0.934 0.960 0.919 0.918 0.955 0.907 0.955 0.998 0.984 0.951 0.924 0.978 0.953 0.981 0.957 0.932 0.947 0.997 0.998 0.977 0.932 0.990 0.923 0.970 0.992 0.937 0.935 0.902 0.965 0.969 0.927 0.960 0.947 
0.991 0.979 0.957 0.987 0.950 0.950 0.941 0.900 0.996 0.978 0.919 0.971 0.979 0.987 0.976 0.914 0.964 0.989 0.974 0.927 0.972 0.903 0.947 0.944 0.975 0.945 0.938 0.989 0.996 0.957 0.943 0.962 0.902 0.975 0.957 0.927 0.984 0.968 0.929 0.988 0.966 0.977 0.988 0.951 0.984 0.950 0.988 0.928 0.924 0.954 
0.967 0.927 0.929 0.995 0.954 0.919 0.984 0.900 0.944 0.900 0.954 0.916 0.920 0.974 0.953 0.949 0.917 0.921 0.930 0.945 0.932 0.942 0.925 0.974 0.936 0.982 0.935 0.986 0.955 0.972 0.981 0.942 0.991 0.955 0.961 0.930 0.935 0.975 0.943 0.934 0.980 0.940 0.939 0.915 0.927 0.904 0.940 0.909 0.961 0.917 
0.914 0.957 0.916 0.936 0.916 0.935 0.984 0.907 0.933 0.925 0.913 0.955 0.969 0.968 0.905 0.935 0.973 0.977 0.930 0.946 0.915 0.995 0.978 0.902 0.903 0.952 0.946 0.901 0.988 0.924 0.930 0.965 0.973 0.920 0.946 0.917 0.970 0.940 0.923 0.920 0.931 0.985 0.940 0.912 0.957 0.910 0.986 0.992 0.980 0.947 
0.973 0.946 0.945 0.947 0.939 0.930 0.956 0.915 0.905 0.939 0.956 0.931 0.988 0.916 0.950 0.987 0.977 0.910 0.998 0.986 0.915 0.966 0.946 0.974 0.963 0.908 0.946 0.910 0.932 0.953 0.904 0.987 0.996 0.960 0.960 0.966 0.934 0.922 0.966 0.981 0.975 0.918 0.938 0.928 0.917 0.923 0.995 0.951 0.963 0.916 
0.994 0.980 0.991 0.943 0.947 0.988 0.952 0.931 0.968 0.973 0.962 0.946 0.975 0.986 0.922 0.955 0.971 0.944 0.907 0.923 0.958 0.917 0.976 0.967 0.959 0.979 0.922 0.939 0.967 0.945 0.951 0.913 0.935 0.945 0.953 0.997 0.966 0.912 0.921 0.997 0.992 0.971 0.912 0.903 0.932 0.971 0.974 0.972 0.973 0.985 
0.968 0.934 0.916 0.977 0.970 0.939 0.976 0.911 0.924 0.921 0.935 0.939 0.985 0.956 0.981 0.920 0.975 0.930 0.990 0.922 0.933 0.948 0.915 0.937 0.944 0.953 0.919 0.906 0.966 0.927 0.940 0.908 0.902 0.905 0.981 0.906 0.966 0.915 0.980 0.914 0.970 0.926 0.971 0.944 0.905 0.976 0.975 0.953 0.999 0.993 
0.963 0.981 0.993 0.954 0.971 0.970 0.934 0.931 0.990 0.996 0.911 0.916 0.932 0.947 0.960 0.938 0.953 0.936 0.919 0.902 0.994 0.945 0.922 0.914 0.958 0.910 0.943 0.980 0.942 0.912 0.938 0.989 0.988 0.942 0.953 0.909 0.924 0.932 0.984 0.971 0.907 0.986 0.915 0.909 0.992 0.948 0.966 0.988 0.989 0.991 
0.926 0.934 0.976 0.923 0.965 0.944 0.987 0.923 0.929 0.952 0.991 0.974 0.975 0.972 0.928 0.947 0.910 0.936 0.973 0.950 0.913 0.909 0.938 0.959 0.980 0.954 0.943 0.973 0.914 0.960 0.903 0.982 0.934 0.971 0.914 0.931 0.905 0.978 0.955 0.913 0.988 0.954 0.913 0.934 0.965 0.950 0.900 0.927 0.906 0.984 
0.947 0.914 0.961 0.984 0.961 0.935 0.904 0.975 0.994 0.997 0.967 0.911 0.967 0.909 0.931 0.901 0.930 0.917 0.966 0.981 0.969 0.945 0.939 0.922 0.981 0.998 0.931 0.979 0.981 0.901 0.929 0.927 0.910 0.978 0.988 0.935 0.959 0.978 0.978 0.972 0.935 0.909 0.960 0.949 0.913 0.962 0.953 0.936 0.980 0.993 
0.995 0.918 0.942 0.925 0.999 0.971 0.953 0.987 0.968 0.970 0.905 0.980 0.911 0.967 0.958 0.962 0.975 0.903 0.927 0.985 0.991 0.923 0.938 0.913 0.997 0.935 0.929 0.919 0.981 0.917 0.950 0.934 0.956 0.955 0.994 0.998 0.977 0.990 0.968 0.939 0.940 0.982 0.964 0.960 0.931 0.933 0.921 0.948 0.923 0.930 
0.963 0.997 0.927 0.981 0.961 0.927 0.954 0.980 0.960 0.948 0.940 0.910 0.961 0.980 0.936 0.961 0.957 0.947 0.980 0.947 0.948 0.900 0.983 0.929 0.908 0.930 0.912 0.980 0.960 0.983 0.953 0.960 0.976 0.992 0.963 0.976 0.941 0.981 0.975 0.948 0.911 0.906 0.901 0.909 0.967 0.934 0.942 0.906 0.966 0.995 
0.908 0.986 0.999 0.937 0.901 0.975 0.946 0.965 0.924 0.989 0.970 0.977 0.907 0.940 0.983 0.987 0.973 0.916 0.901 0.922 0.975 0.954 0.942 0.938 0.981 0.933 0.954 0.965 0.901 0.961 0.966 0.904 0.959 0.926 0.909 0.925 0.971 0.934 0.942 0.932 0.979 0.967 0.978 0.906 0.947 0.916 0.906 0.938 0.928 0.984 
