50 50 1
0.999 0.998 0.997 0.996 0.995 0.994 0.993 0.992 0.991 0.990 0.989 0.988 0.987 0.986 0.985 0.984 0.983 0.982 0.981 0.980 0.979 0.978 0.977 0.976 0.975 0.974 0.973 0.972 0.971 0.970 0.969 0.968 0.967 0.966 0.965 0.964 0.963 0.962 0.961 0.960 0.959 0.958 0.957 0.956 0.955 0.954 0.953 0.952 0.951 0.950 
0.998 0.997 0.996 0.995 0.994 0.993 0.992 0.991 0.990 0.989 0.988 0.987 0.986 0.985 0.984 0.983 0.982 0.981 0.980 0.979 0.978 0.977 0.976 0.975 0.974 0.973 0.972 0.971 0.970 0.969 0.968 0.967 0.966 0.965 0.964 0.963 0.962 0.961 0.960 0.959 0.958 0.957 0.956 0.955 0.954 0.953 0.952 0.951 0.950 0.949 
0.997 0.996 0.995 0.994 0.993 0.992 0.991 0.990 0.989 0.988 0.987 0.986 0.985 0.984 0.983 0.982 0.981 0.980 0.979 0.978 0.977 0.976 0.975 0.974 0.973 0.972 0.971 0.970 0.969 0.968 0.967 0.966 0.965 0.964 0.963 0.962 0.961 0.960 0.959 0.958 0.957 0.956 0.955 0.954 0.953 0.952 0.951 0.950 0.949 0.948 
0.996 0.995 0.994 0.993 0.992 0.991 0.990 0.989 0.988 0.987 0.986 0.985 0.984 0.983 0.982 0.981 0.980 0.979 0.978 0.977 0.976 0.975 0.974 0.973 0.972 0.971 0.970 0.969 0.968 0.967 0.966 0.965 0.964 0.963 0.962 0.961 0.960 0.959 0.958 0.957 0.956 0.955 0.954 0.953 0.952 0.951 0.950 0.949 0.948 0.947 
0.995 0.994 0.993 0.992 0.991 0.990 0.989 0.988 0.987 0.986 0.985 0.984 0.983 0.982 0.981 0.980 0.979 0.978 0.977 0.976 0.975 0.974 0.973 0.972 0.971 0.970 0.969 0.968 0.967 0.966 0.965 0.964 0.963 0.962 0.961 0.960 0.959 0.958 0.957 0.956 0.955 0.954 0.953 0.952 0.951 0.950 0.949 0.948 0.947 0.946 
0.994 0.993 0.992 0.991 0.990 0.989 0.988 0.987 0.986 0.985 0.984 0.983 0.982 0.981 0.980 0.979 0.978 0.977 0.976 0.975 0.974 0.973 0.972 0.971 0.970 0.969 0.968 0.967 0.966 0.965 0.964 0.963 0.962 0.961 0.960 0.959 0.958 0.957 0.956 0.955 0.954 0.953 0.952 0.951 0.950 0.949 0.948 0.947 0.946 0.945 
0.993 0.992 0.991 0.990 0.989 0.988 0.987 0.986 0.985 0.984 0.983 0.982 0.981 0.980 0.979 0.978 0.977 0.976 0.975 0.974 0.973 0.972 0.971 0.970 0.969 0.968 0.967 0.966 0.965 0.964 0.963 0.962 0.961 0.960 0.959 0.958 0.957 0.956 0.955 0.954 0.953 0.952 0.951 0.950 0.949 0.948 0.947 0.946 0.945 0.944 
0.992 0.991 0.990 0.989 0.988 0.987 0.986 0.985 0.984 0.983 0.982 0.981 0.980 0.979 0.978 0.977 0.976 0.975 0.974 0.973 0.972 0.971 0.970 0.969 0.968 0.967 0.966 0.965 0.964 0.963 0.962 0.961 0.960 0.959 0.958 0.957 0.956 0.955 0.954 0.953 0.952 0.951 0.950 0.949 0.948 0.947 0.946 0.945 0.944 0.943 
0.991 0.990 0.989 0.988 0.987 0.986 0.985 0.984 0.983 0.982 0.981 0.980 0.979 0.978 0.977 0.976 0.975 0.974 0.973 0.972 0.971 0.970 0.969 0.968 0.967 0.966 0.965 0.964 0.963 0.962 0.961 0.960 0.959 0.958 0.957 0.956 0.955 0.954 0.953 0.952 0.951 0.950 0.949 0.948 0.947 0.946 0.945 0.944 0.943 0.942 
0.990 0.989 0.988 0.987 0.986 0.985 0.984 0.983 0.982 0.981 0.980 0.979 0.978 0.977 0.976 0.975 0.974 0.973 0.972 0.971 0.970 0.969 0.968 0.967 0.966 0.965 0.964 0.963 0.962 0.961 0.960 0.959 0.958 0.957 0.956 0.955 0.954 0.953 0.952 0.951 0.950 0.949 0.948 0.947 0.946 0.945 0.944 0.943 0.942 0.941 
0.989 0.988 0.987 0.986 0.985 0.984 0.983 0.982 0.981 0.980 0.979 0.978 0.977 0.976 0.975 0.974 0.973 0.972 0.971 0.970 0.969 0.968 0.967 0.966 0.965 0.964 0.963 0.962 0.961 0.960 0.959 0.958 0.957 0.956 0.955 0.954 0.953 0.952 0.951 0.950 0.949 0.948 0.947 0.946 0.945 0.944 0.943 0.942 0.941 0.940 
0.988 0.987 0.986 0.985 0.984 0.983 0.982 0.981 0.980 0.979 0.978 0.977 0.976 0.975 0.974 0.973 0.972 0.971 0.970 0.969 0.968 0.967 0.966 0.965 0.964 0.963 0.962 0.961 0.960 0.959 0.958 0.957 0.956 0.955 0.954 0.953 0.952 0.951 0.950 0.949 0.948 0.947 0.946 0.945 0.944 0.943 0.942 0.941 0.940 0.939 
0.987 0.986 0.985 0.984 0.983 0.982 0.981 0.980 0.979 0.978 0.977 0.976 0.975 0.974 0.973 0.972 0.971 0.970 0.969 0.968 0.967 0.966 0.965 0.964 0.963 0.962 0.961 0.960 0.959 0.958 0.957 0.956 0.955 0.954 0.953 0.952 0.951 0.950 0.949 0.948 0.947 0.946 0.945 0.944 0.943 0.942 0.941 0.940 0.939 0.938 
0.986 0.985 0.984 0.983 0.982 0.981 0.980 0.979 0.978 0.977 0.976 0.975 0.974 0.973 0.972 0.971 0.970 0.969 0.968 0.967 0.966 0.965 0.964 0.963 0.962 0.961 0.960 0.959 0.958 0.957 0.956 0.955 0.954 0.953 0.952 0.951 0.950 0.949 0.948 0.947 0.946 0.945 0.944 0.943 0.942 0.941 0.940 0.939 0.938 0.937 
0.985 0.984 0.983 0.982 0.981 0.980 0.979 0.978 0.977 0.976 0.975 0.974 0.973 0.972 0.971 0.970 0.969 0.968 0.967 0.966 0.965 0.964 0.963 0.962 0.961 0.960 0.959 0.958 0.957 0.956 0.955 0.954 0.953 0.952 0.951 0.950 0.949 0.948 0.947 0.946 0.945 0.944 0.943 0.942 0.941 0.940 0.939 0.938 0.937 0.936 
0.984 0.983 0.982 0.981 0.980 0.979 0.978 0.977 0.976 0.975 0.974 0.973 0.972 0.971 0.970 0.969 0.968 0.967 0.966 0.965 0.964 0.963 0.962 0.961 0.960 0.959 0.958 0.957 0.956 0.955 0.954 0.953 0.952 0.951 0.950 0.949 0.948 0.947 0.946 0.945 0.944 0.943 0.942 0.941 0.940 0.939 0.938 0.937 0.936 0.935 
0.983 0.982 0.981 0.980 0.979 0.978 0.977 0.976 0.975 0.974 0.973 0.972 0.971 0.970 0.969 0.968 0.967 0.966 0.965 0.964 0.963 0.962 0.961 0.960 0.959 0.958 0.957 0.956 0.955 0.954 0.953 0.952 0.951 0.950 0.949 0.948 0.947 0.946 0.945 0.944 0.943 0.942 0.941 0.940 0.939 0.938 0.937 0.936 0.935 0.934 
0.982 0.981 0.980 0.979 0.978 0.977 0.976 0.975 0.974 0.973 0.972 0.971 0.970 0.969 0.968 0.967 0.966 0.965 0.964 0.963 0.962 0.961 0.960 0.959 0.958 0.957 0.956 0.955 0.954 0.953 0.952 0.951 0.950 0.949 0.948 0.947 0.946 0.945 0.944 0.943 0.942 0.941 0.940 0.939 0.938 0.937 0.936 0.935 0.934 0.933 
0.981 0.980 0.979 0.978 0.977 0.976 0.975 0.974 0.973 0.972 0.971 0.970 0.969 0.968 0.967 0.966 0.965 0.964 0.963 0.962 0.961 0.960 0.959 0.958 0.957 0.956 0.955 0.954 0.953 0.952 0.951 0.950 0.949 0.948 0.947 0.946 0.945 0.944 0.943 0.942 0.941 0.940 0.939 0.938 0.937 0.936 0.935 0.934 0.933 0.932 
0.980 0.979 0.978 0.977 0.976 0.975 0.974 0.973 0.972 0.971 0.970 0.969 0.968 0.967 0.966 0.965 0.964 0.963 0.962 0.961 0.960 0.959 0.958 0.957 0.956 0.955 0.954 0.953 0.952 0.951 0.950 0.949 0.948 0.947 0.946 0.945 0.944 0.943 0.942 0.941 0.940 0.939 0.938 0.937 0.936 0.935 0.934 0.933 0.932 0.931 
0.979 0.978 0.977 0.976 0.975 0.974 0.973 0.972 0.971 0.970 0.969 0.968 0.967 0.966 0.965 0.964 0.963 0.962 0.961 0.960 0.959 0.958 0.957 0.956 0.955 0.954 0.953 0.952 0.951 0.950 0.949 0.948 0.947 0.946 0.945 0.944 0.943 0.942 0.941 0.940 0.939 0.938 0.937 0.936 0.935 0.934 0.933 0.932 0.931 0.930 
0.978 0.977 0.976 0.975 0.974 0.973 0.972 0.971 0.970 0.969 0.968 0.967 0.966 0.965 0.964 0.963 0.962 0.961 0.960 0.959 0.958 0.957 0.956 0.955 0.954 0.953 0.952 0.951 0.950 0.949 0.948 0.947 0.946 0.945 0.944 0.943 0.942 0.941 0.940 0.939 0.938 0.937 0.936 0.935 0.934 0.933 0.932 0.931 0.930 0.929 
0.977 0.976 0.975 0.974 0.973 0.972 0.971 0.970 0.969 0.968 0.967 0.966 0.965 0.964 0.963 0.962 0.961 0.960 0.959 0.958 0.957 0.956 0.955 0.954 0.953 0.952 0.951 0.950 0.949 0.948 0.947 0.946 0.945 0.944 0.943 0.942 0.941 0.940 0.939 0.938 0.937 0.936 0.935 0.934 0.933 0.932 0.931 0.930 0.929 0.928 
0.976 0.975 0.974 0.973 0.972 0.971 0.970 0.969 0.968 0.967 0.966 0.965 0.964 0.963 0.962 0.961 0.960 0.959 0.958 0.957 0.956 0.955 0.954 0.953 0.952 0.951 0.950 0.949 0.948 0.947 0.946 0.945 0.944 0.943 0.942 0.941 0.940 0.939 0.938 0.937 0.936 0.935 0.934 0.933 0.932 0.931 0.930 0.929 0.928 0.927 
0.975 0.974 0.973 0.972 0.971 0.970 0.969 0.968 0.967 0.966 0.965 0.964 0.963 0.962 0.961 0.960 0.959 0.958 0.957 0.956 0.955 0.954 0.953 0.952 0.951 0.950 0.949 0.948 0.947 0.946 0.945 0.944 0.943 0.942 0.941 0.940 0.939 0.938 0.937 0.936 0.935 0.934 0.933 0.932 0.931 0.930 0.929 0.928 0.927 0.926 
0.974 0.973 0.972 0.971 0.970 0.969 0.968 0.967 0.966 0.965 0.964 0.963 0.962 0.961 0.960 0.959 0.958 0.957 0.956 0.955 0.954 0.953 0.952 0.951 0.950 0.949 0.948 0.947 0.946 0.945 0.944 0.943 0.942 0.941 0.940 0.939 0.938 0.937 0.936 0.935 0.934 0.933 0.932 0.931 0.930 0.929 0.928 0.927 0.926 0.925 
0.973 0.972 0.971 0.970 0.969 0.968 0.967 0.966 0.965 0.964 0.963 0.962 0.961 0.960 0.959 0.958 0.957 0.956 0.955 0.954 0.953 0.952 0.951 0.950 0.949 0.948 0.947 0.946 0.945 0.944 0.943 0.942 0.941 0.940 0.939 0.938 0.937 0.936 0.935 0.934 0.933 0.932 0.931 0.930 0.929 0.928 0.927 0.926 0.925 0.924 
0.972 0.971 0.970 0.969 0.968 0.967 0.966 0.965 0.964 0.963 0.962 0.961 0.960 0.959 0.958 0.957 0.956 0.955 0.954 0.953 0.952 0.951 0.950 0.949 0.948 0.947 0.946 0.945 0.944 0.943 0.942 0.941 0.940 0.939 0.938 0.937 0.936 0.935 0.934 0.933 0.932 0.931 0.930 0.929 0.928 0.927 0.926 0.925 0.924 0.923 
0.971 0.970 0.969 0.968 0.967 0.966 0.965 0.964 0.963 0.962 0.961 0.960 0.959 0.958 0.957 0.956 0.955 0.954 0.953 0.952 0.951 0.950 0.949 0.948 0.947 0.946 0.945 0.944 0.943 0.942 0.941 0.940 0.939 0.938 0.937 0.936 0.935 0.934 0.933 0.932 0.931 0.930 0.929 0.928 0.927 0.926 0.925 0.924 0.923 0.922 
0.970 0.969 0.968 0.967 0.966 0.965 0.964 0.963 0.962 0.961 0.960 0.959 0.958 0.957 0.956 0.955 0.954 0.953 0.952 0.951 0.950 0.949 0.948 0.947 0.946 0.945 0.944 0.943 0.942 0.941 0.940 0.939 0.938 0.937 0.936 0.935 0.934 0.933 0.932 0.931 0.930 0.929 0.928 0.927 0.926 0.925 0.924 0.923 0.922 0.921 
0.969 0.968 0.967 0.966 0.965 0.964 0.963 0.962 0.961 0.960 0.959 0.958 0.957 0.956 0.955 0.954 0.953 0.952 0.951 0.950 0.949 0.948 0.947 0.946 0.945 0.944 0.943 0.942 0.941 0.940 0.939 0.938 0.937 0.936 0.935 0.934 0.933 0.932 0.931 0.930 0.929 0.928 0.927 0.926 0.925 0.924 0.923 0.922 0.921 0.920 
0.968 0.967 0.966 0.965 0.964 0.963 0.962 0.961 0.960 0.959 0.958 0.957 0.956 0.955 0.954 0.953 0.952 0.951 0.950 0.949 0.948 0.947 0.946 0.945 0.944 0.943 0.942 0.941 0.940 0.939 0.938 0.937 0.936 0.935 0.934 0.933 0.932 0.931 0.930 0.929 0.928 0.927 0.926 0.925 0.924 0.923 0.922 0.921 0.920 0.919 
0.967 0.966 0.965 0.964 0.963 0.962 0.961 0.960 0.959 0.958 0.957 0.956 0.955 0.954 0.953 0.952 0.951 0.950 0.949 0.948 0.947 0.946 0.945 0.944 0.943 0.942 0.941 0.940 0.939 0.938 0.937 0.936 0.935 0.934 0.933 0.932 0.931 0.930 0.929 0.928 0.927 0.926 0.925 0.924 0.923 0.922 0.921 0.920 0.919 0.918 
0.966 0.965 0.964 0.963 0.962 0.961 0.960 0.959 0.958 0.957 0.956 0.955 0.954 0.953 0.952 0.951 0.950 0.949 0.948 0.947 0.946 0.945 0.944 0.943 0.942 0.941 0.940 0.939 0.938 0.937 0.936 0.935 0.934 0.933 0.932 0.931 0.930 0.929 0.928 0.927 0.926 0.925 0.924 0.923 0.922 0.921 0.920 0.919 0.918 0.917 
0.965 0.964 0.963 0.962 0.961 0.960 0.959 0.958 0.957 0.956 0.955 0.954 0.953 0.952 0.951 0.950 0.949 0.948 0.947 0.946 0.945 0.944 0.943 0.942 0.941 0.940 0.939 0.938 0.937 0.936 0.935 0.934 0.933 0.932 0.931 0.930 0.929 0.928 0.927 0.926 0.925 0.924 0.923 0.922 0.921 0.920 0.919 0.918 0.917 0.916 
0.964 0.963 0.962 0.961 0.960 0.959 0.958 0.957 0.956 0.955 0.954 0.953 0.952 0.951 0.950 0.949 0.948 0.947 0.946 0.945 0.944 0.943 0.942 0.941 0.940 0.939 0.938 0.937 0.936 0.935 0.934 0.933 0.932 0.931 0.930 0.929 0.928 0.927 0.926 0.925 0.924 0.923 0.922 0.921 0.920 0.919 0.918 0.917 0.916 0.915 
0.963 0.962 0.961 0.960 0.959 0.958 0.957 0.956 0.955 0.954 0.953 0.952 0.951 0.950 0.949 0.948 0.947 0.946 0.945 0.944 0.943 0.942 0.941 0.940 0.939 0.938 0.937 0.936 0.935 0.934 0.933 0.932 0.931 0.930 0.929 0.928 0.927 0.926 0.925 0.924 0.923 0.922 0.921 0.920 0.919 0.918 0.917 0.916 0.915 0.914 
0.962 0.961 0.960 0.959 0.958 0.957 0.956 0.955 0.954 0.953 0.952 0.951 0.950 0.949 0.948 0.947 0.946 0.945 0.944 0.943 0.942 0.941 0.940 0.939 0.938 0.937 0.936 0.935 0.934 0.933 0.932 0.931 0.930 0.929 0.928 0.927 0.926 0.925 0.924 0.923 0.922 0.921 0.920 0.919 0.918 0.917 0.916 0.915 0.914 0.913 
0.961 0.960 0.959 0.958 0.957 0.956 0.955 0.954 0.953 0.952 0.951 0.950 0.949 0.948 0.947 0.946 0.945 0.944 0.943 0.942 0.941 0.940 0.939 0.938 0.937 0.936 0.935 0.934 0.933 0.932 0.931 0.930 0.929 0.928 0.927 0.926 0.925 0.924 0.923 0.922 0.921 0.920 0.919 0.918 0.917 0.916 0.915 0.914 0.913 0.912 
0.960 0.959 0.958 0.957 0.956 0.955 0.954 0.953 0.952 0.951 0.950 0.949 0.948 0.947 0.946 0.945 0.944 0.943 0.942 0.941 0.940 0.939 0.938 0.937 0.936 0.935 0.934 0.933 0.932 0.931 0.930 0.929 0.928 0.927 0.926 0.925 0.924 0.923 0.922 0.921 0.920 0.919 0.918 0.917 0.916 0.915 0.914 0.913 0.912 0.911 
0.959 0.958 0.957 0.956 0.955 0.954 0.953 0.952 0.951 0.950 0.949 0.948 0.947 0.946 0.945 0.944 0.943 0.942 0.941 0.940 0.939 0.938 0.937 0.936 0.935 0.934 0.933 0.932 0.931 0.930 0.929 0.928 0.927 0.926 0.925 0.924 0.923 0.922 0.921 0.920 0.919 0.918 0.917 0.916 0.915 0.914 0.913 0.912 0.911 0.910 
0.958 0.957 0.956 0.955 0.954 0.953 0.952 0.951 0.950 0.949 0.948 0.947 0.946 0.945 0.944 0.943 0.942 0.941 0.940 0.939 0.938 0.937 0.936 0.935 0.934 0.933 0.932 0.931 0.930 0.929 0.928 0.927 0.926 0.925 0.924 0.923 0.922 0.921 0.920 0.919 0.918 0.917 0.916 0.915 0.914 0.913 0.912 0.911 0.910 0.909 
0.957 0.956 0.955 0.954 0.953 0.952 0.951 0.950 0.949 0.948 0.947 0.946 0.945 0.944 0.943 0.942 0.941 0.940 0.939 0.938 0.937 0.936 0.935 0.934 0.933 0.932 0.931 0.930 0.929 0.928 0.927 0.926 0.925 0.924 0.923 0.922 0.921 0.920 0.919 0.918 0.917 0.916 0.915 0.914 0.913 0.912 0.911 0.910 0.909 0.908 
0.956 0.955 0.954 0.953 0.952 0.951 0.950 0.949 0.948 0.947 0.946 0.945 0.944 0.943 0.942 0.941 0.940 0.939 0.938 0.937 0.936 0.935 0.934 0.933 0.932 0.931 0.930 0.929 0.928 0.927 0.926 0.925 0.924 0.923 0.922 0.921 0.920 0.919 0.918 0.917 0.916 0.915 0.914 0.913 0.912 0.911 0.910 0.909 0.908 0.907 
0.955 0.954 0.953 0.952 0.951 0.950 0.949 0.948 0.947 0.946 0.945 0.944 0.943 0.942 0.941 0.940 0.939 0.938 0.937 0.936 0.935 0.934 0.933 0.932 0.931 0.930 0.929 0.928 0.927 0.926 0.925 0.924 0.923 0.922 0.921 0.920 0.919 0.918 0.917 0.916 0.915 0.914 0.913 0.912 0.911 0.910 0.909 0.908 0.907 0.906 
0.954 0.953 0.952 0.951 0.950 0.949 0.948 0.947 0.946 0.945 0.944 0.943 0.942 0.941 0.940 0.939 0.938 0.937 0.936 0.935 0.934 0.933 0.932 0.931 0.930 0.929 0.928 0.927 0.926 0.925 0.924 0.923 0.922 0.921 0.920 0.919 0.918 0.917 0.916 0.915 0.914 0.913 0.912 0.911 0.910 0.909 0.908 0.907 0.906 0.905 
0.953 0.952 0.951 0.950 0.949 0.948 0.947 0.946 0.945 0.944 0.943 0.942 0.941 0.940 0.939 0.938 0.937 0.936 0.935 0.934 0.933 0.932 0.931 0.930 0.929 0.928 0.927 0.926 0.925 0.924 0.923 0.922 0.921 0.920 0.919 0.918 0.917 0.916 0.915 0.914 0.913 0.912 0.911 0.910 0.909 0.908 0.907 0.906 0.905 0.904 
0.952 0.951 0.950 0.949 0.948 0.947 0.946 0.945 0.944 0.943 0.942 0.941 0.940 0.939 0.938 0.937 0.936 0.935 0.934 0.933 0.932 0.931 0.930 0.929 0.928 0.927 0.926 0.925 0.924 0.923 0.922 0.921 0.920 0.919 0.918 0.917 0.916 0.915 0.914 0.913 0.912 0.911 0.910 0.909 0.908 0.907 0.906 0.905 0.904 0.903 
0.951 0.950 0.949 0.948 0.947 0.946 0.945 0.944 0.943 0.942 0.941 0.940 0.939 0.938 0.937 0.936 0.935 0.934 0.933 0.932 0.931 0.930 0.929 0.928 0.927 0.926 0.925 0.924 0.923 0.922 0.921 0.920 0.919 0.918 0.917 0.916 0.915 0.914 0.913 0.912 0.911 0.910 0.909 0.908 0.907 0.906 0.905 0.904 0.903 0.902 
0.950 0.949 0.948 0.947 0.946 0.945 0.944 0.943 0.942 0.941 0.940 0.939 0.938 0.937 0.936 0.935 0.934 0.933 0.932 0.931 0.930 0.929 0.928 0.927 0.926 0.925 0.924 0.923 0.922 0.921 0.920 0.919 0.918 0.917 0.916 0.915 0.914 0.913 0.912 0.911 0.910 0.909 0.908 0.907 0.906 0.905 0.904 0.903 0.902 0.901 
