20 128
13 3 180
9 1 180
17 9 242
7 3 318
18 10 766
17 7 227
19 12 474
7 6 515
6 19 246
11 16 175
20 9 332
4 15 411
4 13 129
20 10 322
18 1 965
14 4 259
14 20 984
7 12 796
20 15 777
5 8 25
10 16 823
5 4 593
14 13 714
6 18 258
5 10 371
19 15 991
20 8 453
13 16 964
15 2 497
13 12 333
8 4 112
14 3 60
8 13 798
18 16 860
20 7 93
1 11 951
17 13 726
6 16 218
20 18 604
10 2 124
2 1 300
20 12 891
8 9 345
16 19 582
11 14 813
15 1 403
3 12 176
10 17 268
8 18 377
19 3 669
6 14 928
15 5 246
12 1 761
14 15 711
6 20 330
14 7 692
1 20 346
19 1 80
18 11 323
19 20 532
2 8 547
8 17 920
10 9 335
5 1 614
6 8 549
10 1 685
14 19 510
5 19 427
4 7 872
12 10 601
12 16 145
17 11 83
12 14 449
19 9 183
12 2 910
9 11 787
10 19 733
1 17 350
13 9 44
13 19 725
3 16 683
13 2 624
5 16 1000
6 17 451
4 18 189
7 2 86
5 11 471
18 9 974
12 11 822
2 18 141
16 14 243
9 5 200
7 11 612
1 13 380
19 17 979
5 18 181
17 5 333
7 1 101
16 4 362
11 19 33
14 2 693
4 6 88
18 19 284
18 3 925
19 4 922
20 13 969
6 1 839
15 12 159
2 16 311
15 8 16
11 3 132
15 9 500
3 5 269
16 7 206
16 20 166
16 9 202
5 12 636
2 19 130
14 5 53
10 11 517
6 10 508
17 2 212
3 9 635
3 17 172
1 4 698
7 8 354
18 14 325
5 7 923
