60 1500
48 16 3298
42 16 4140
13 43 4906
11 37 1154
4 50 326
19 48 2891
12 35 2184
46 5 3930
57 47 886
37 46 2634
4 24 1877
18 60 2325
23 12 276
37 4 1789
8 27 4409
27 60 4690
18 58 2086
17 47 3599
1 51 691
25 2 842
21 51 3303
43 21 3036
20 12 4728
12 57 4272
26 40 2572
31 33 2384
6 39 828
14 11 3695
35 6 1052
37 20 2131
29 27 475
58 44 3703
50 10 1586
35 20 81
40 41 213
7 27 1098
38 5 2896
34 7 2810
38 7 4088
4 17 4362
44 47 2879
58 38 3243
31 49 518
36 14 2434
9 17 4588
27 42 3591
33 25 1307
35 1 3379
9 11 3827
13 54 1240
10 7 1984
7 41 1431
15 27 3192
56 10 1698
17 35 2743
38 32 1659
32 27 1508
55 12 1572
43 17 568
45 2 3753
50 20 839
14 47 3101
56 51 1997
54 58 833
18 40 3364
33 56 260
16 47 600
56 55 987
18 27 419
19 25 4478
14 26 1798
1 25 671
10 55 3723
26 35 3008
50 41 3998
18 56 3306
13 17 1227
9 46 3198
56 57 4046
6 38 3941
12 24 2147
27 20 1573
7 37 2678
50 21 3577
44 22 2604
60 57 1322
36 44 2310
51 38 2908
18 38 1886
12 16 2460
53 39 838
12 48 2168
40 9 1744
1 39 2137
41 59 2748
49 7 3165
50 45 4262
29 16 4192
48 38 954
27 39 2241
40 2 2525
55 54 3444
41 19 63
57 7 2079
39 32 406
14 39 726
47 51 3025
59 56 1473
24 41 4071
1 2 937
60 32 4373
24 52 3470
38 39 4001
10 40 2614
24 9 4497
29 8 3510
7 12 2637
3 12 3804
37 27 671
5 6 471
32 58 3953
37 45 248
7 13 1762
22 31 4736
21 60 2554
8 2 3131
28 4 4854
33 12 3704
9 23 1116
60 22 4515
39 52 2469
17 1 1077
15 49 3841
38 42 2695
6 58 4163
19 15 2755
25 39 3859
40 44 1767
48 40 3284
6 32 147
37 30 2064
53 7 26
49 42 325
16 8 4258
19 2 21
35 4 4557
39 7 2499
37 23 4738
33 37 3724
49 20 2197
55 38 4703
3 52 2762
53 42 3256
5 55 2667
44 49 1923
30 42 4951
4 14 2074
35 15 2078
15 46 2825
25 17 2569
24 54 2622
33 43 714
12 45 50
58 17 4489
30 31 3530
37 36 2504
4 16 3166
27 5 3056
18 5 1828
39 50 55
57 18 3125
18 36 2003
28 50 4057
57 48 1982
37 10 1441
51 18 2863
38 23 2220
1 53 639
55 29 1802
57 11 875
10 43 1649
35 34 779
58 43 2555
5 4 3163
57 10 929
21 52 2617
59 20 3494
27 1 2186
5 9 2205
1 57 1712
38 57 3991
36 46 558
47 8 97
28 8 751
10 59 1155
14 12 2327
46 19 2849
25 48 2648
3 47 4817
21 49 2688
60 50 4359
40 12 270
57 54 3182
10 13 4696
34 28 2926
22 17 84
34 21 2535
31 37 3537
51 35 1676
48 4 2563
39 51 454
51 2 2835
49 19 4647
59 35 2031
16 59 4978
51 44 2423
32 11 2240
31 36 1921
42 47 3
43 31 374
52 31 3483
24 53 80
32 35 510
9 55 1742
23 2 4122
46 3 4179
22 29 4233
57 34 2105
42 40 479
51 5 412
11 36 1671
38 25 1588
40 53 25
37 42 309
55 25 3014
41 10 4934
8 12 4093
52 7 3763
42 41 1381
26 41 4059
29 34 1549
49 26 4480
39 20 3224
51 7 68
45 54 4718
47 37 1074
37 9 975
48 7 3291
31 48 4914
56 43 4737
23 41 1974
6 45 330
29 25 449
23 18 267
11 43 3470
40 20 4341
1 22 3863
33 59 3397
11 18 3475
27 50 3020
23 7 3495
54 20 4422
47 7 4722
22 9 3187
55 51 1745
19 18 3617
22 12 212
21 57 2879
31 55 4143
18 10 2061
45 58 2926
26 15 1144
50 8 3633
35 36 2602
25 52 2920
15 18 3033
21 24 231
23 39 4476
53 33 4801
43 4 30
8 10 2877
52 35 3304
3 18 554
8 31 2912
14 40 1143
44 34 1223
7 29 2186
43 14 3167
56 49 685
6 51 3847
33 48 3456
21 11 1194
60 20 1560
19 29 42
20 25 813
22 25 1505
46 12 58
8 52 4838
55 47 1260
28 57 2255
40 36 1663
20 26 2694
10 23 4351
28 59 3040
32 50 3054
54 1 4668
11 48 1644
53 18 1434
2 9 4010
7 19 3703
34 16 589
26 4 4299
45 18 4610
23 31 164
39 56 3004
10 60 3806
8 59 1084
22 56 4417
15 44 3572
9 49 3069
55 39 4990
11 17 1364
48 6 1112
17 2 1646
46 48 4507
1 33 3216
57 23 4139
2 10 3946
25 36 3858
24 51 1172
38 46 1379
27 22 2522
13 5 4524
5 34 4856
39 54 4738
40 39 2880
16 6 3217
5 40 1269
38 47 3870
60 19 438
44 27 4003
53 3 4378
14 52 4478
53 9 4405
60 14 301
33 9 3231
15 43 1688
42 50 4594
45 29 3107
33 3 4940
13 27 3124
27 14 2415
17 40 1024
41 25 1697
38 31 1575
55 2 59
24 14 1917
33 10 2907
30 33 2806
32 17 1095
55 48 3642
6 25 4435
17 39 16
38 37 4960
23 11 1163
18 7 845
9 21 4710
33 7 3541
36 9 1218
56 29 4396
42 23 2146
17 44 386
13 2 1931
25 31 4916
60 34 158
3 57 4897
44 56 4319
33 41 3062
13 14 1450
56 2 909
39 11 1179
30 29 1966
39 45 953
44 35 99
20 1 2857
23 29 2452
53 58 4808
18 49 3142
15 56 964
51 34 1391
18 46 180
49 47 287
26 2 4376
20 38 2299
29 50 4721
54 16 3970
50 11 4474
51 58 699
33 51 3414
22 18 2068
46 10 4801
54 44 1197
11 20 3146
33 40 4818
41 51 1870
42 28 1794
2 57 2220
24 20 4764
26 38 413
34 3 2411
20 34 250
32 48 3098
59 42 4404
53 51 4904
29 53 543
35 55 104
31 54 3308
30 22 3281
58 56 2840
34 56 4809
5 17 4337
37 53 2529
2 7 6
8 14 2874
50 56 2845
10 39 3157
30 49 2756
60 54 2126
43 3 4383
5 11 4020
9 56 2148
6 17 3368
41 28 1489
20 5 3309
30 58 3266
41 30 4874
16 19 4040
44 53 3658
2 29 3610
1 12 2916
56 13 2364
43 16 4063
5 26 1695
58 37 554
19 59 3759
52 15 1518
37 29 73
8 9 3623
47 43 4170
34 22 1662
33 54 4950
35 21 2471
30 12 2282
48 59 4892
37 54 4883
37 57 1237
50 38 1091
41 39 2705
2 44 388
7 8 3046
58 3 973
10 6 292
37 40 720
42 51 1847
20 29 3854
4 7 1266
5 7 2188
46 7 981
51 37 634
27 57 2996
22 28 1845
48 51 480
21 10 4386
52 18 1805
44 4 4884
26 39 3205
45 20 274
14 23 1996
12 25 2856
11 41 1887
53 13 1281
4 12 1833
2 54 4869
36 1 4960
55 1 697
37 21 4719
35 16 2672
26 30 4012
44 41 1622
22 57 1744
21 59 148
51 31 3193
54 52 393
48 42 479
15 20 759
44 52 4398
33 46 296
50 55 4270
25 11 2084
42 15 3966
35 50 3987
43 9 2201
59 52 597
60 56 2465
22 11 2148
11 7 4258
38 33 576
30 53 2600
32 34 3243
47 39 2186
25 4 1487
27 51 3960
2 36 1730
35 42 1544
16 3 9
23 43 4420
47 33 1622
12 44 1886
3 10 4909
35 29 3042
22 45 4535
7 22 3498
21 30 3968
14 58 3664
1 49 2761
32 19 304
5 60 1720
42 4 4255
22 16 128
19 8 3866
4 13 4040
5 3 2956
18 47 1836
1 4 3165
35 8 2717
25 23 3470
32 20 493
54 48 4418
21 39 4909
13 9 3610
5 16 232
24 55 2810
40 28 3486
46 28 2243
26 37 1470
12 6 1859
33 4 2130
18 50 2970
57 4 4686
18 20 2299
51 60 3517
31 20 3232
53 56 2586
46 45 4890
44 60 1867
29 4 4933
8 18 791
48 5 3182
22 38 1193
34 59 723
16 46 237
34 42 2007
1 8 1860
1 34 2180
23 26 3881
48 34 2125
41 57 3250
52 37 30
37 24 1679
45 5 531
14 25 3640
11 60 2136
15 11 2692
10 4 1001
43 2 3651
26 42 2131
1 40 24
47 20 2343
2 6 4252
33 49 1900
10 14 3823
35 22 3536
39 28 2598
18 29 2260
19 17 2414
25 58 465
29 41 1434
50 47 3386
21 31 1521
59 47 1469
52 4 3416
42 25 3424
43 44 2437
57 13 3805
3 26 911
41 22 4436
19 52 4328
15 22 4687
60 37 1131
16 9 4233
26 28 3153
51 13 3968
37 25 3663
19 27 489
40 49 1282
21 23 3579
8 13 425
59 32 1617
23 55 2473
33 44 849
36 58 563
5 41 1222
4 15 2852
22 4 1241
13 30 406
37 14 3905
3 60 2231
43 41 2071
34 50 183
48 60 2784
3 38 2048
30 50 4903
2 48 234
39 33 2284
47 9 4087
46 58 2404
11 27 1407
8 57 2175
13 22 3615
56 23 2982
7 16 1507
11 30 1283
7 58 1161
54 3 767
6 56 55
41 45 3255
17 52 1467
48 17 4479
40 11 2670
29 51 1890
40 23 916
22 21 1607
37 44 4642
17 31 3262
17 53 2639
40 16 2094
5 15 4449
41 2 3585
21 41 1426
25 51 4738
15 21 4324
58 55 335
9 32 2274
20 57 432
11 33 3625
49 36 1977
20 41 3781
53 25 2130
1 38 1561
49 27 316
23 35 2387
8 24 495
44 13 2578
58 40 3387
49 48 962
56 17 265
57 16 3978
2 37 1278
28 36 2966
32 21 4841
18 34 3289
16 37 4507
17 41 1637
33 58 716
56 28 2725
43 37 4510
29 52 4222
50 52 1177
41 48 1270
11 51 4563
20 10 296
32 16 890
50 59 2370
56 12 4765
32 44 3705
9 29 3171
43 39 2362
29 36 423
16 39 2487
13 15 4345
23 36 2263
23 50 4042
30 6 955
58 52 833
21 3 257
8 42 4318
32 15 4607
50 15 2976
13 59 3524
18 25 4894
20 8 4390
19 5 1593
6 34 3845
22 23 2153
27 23 4376
56 4 2188
28 12 3405
17 12 4210
13 45 1260
21 27 576
52 34 272
14 45 3766
35 33 3287
20 17 2494
1 13 1668
38 54 1506
33 16 3324
55 8 4751
60 58 1901
33 60 1656
2 14 3168
16 44 3159
43 48 4302
54 21 2070
2 58 4752
49 59 1168
2 5 1326
31 29 1510
45 32 1147
27 56 1982
37 19 4218
59 37 2584
59 45 4670
50 24 1347
36 16 1104
49 39 4076
22 59 1038
29 46 3521
27 33 4331
60 52 2392
25 47 2821
6 13 2663
20 51 1710
38 16 4617
26 57 431
4 51 1164
5 10 2036
25 21 3084
13 40 3932
57 32 2748
12 53 2613
45 25 3536
40 47 1105
42 54 2905
33 21 1852
11 42 4804
8 54 2612
27 12 4986
31 59 4978
44 5 2462
30 3 965
19 30 1969
14 48 1826
4 55 424
28 5 1874
54 47 2604
30 24 1539
54 18 2208
2 27 4621
48 52 4082
46 59 4865
26 29 529
22 47 2280
24 45 691
48 35 736
24 7 2519
41 58 2395
50 49 2354
26 10 994
23 1 1219
46 20 555
47 1 1961
6 33 573
8 48 261
38 41 1994
42 12 794
33 29 4078
38 2 4808
13 60 250
4 20 3820
35 39 1379
36 38 1680
15 34 3913
60 59 1303
59 6 2831
22 2 2298
23 34 1039
59 17 3575
7 56 3402
45 35 138
59 7 2372
48 37 3241
48 58 3365
6 20 3986
28 47 1999
31 40 2077
57 6 739
43 7 966
13 11 1727
6 50 4884
21 14 3558
46 22 3972
11 55 3147
45 21 1707
44 57 3935
31 11 2485
15 30 902
21 26 2939
44 8 4744
29 42 1729
47 29 901
38 10 507
44 7 4477
19 55 394
39 57 1518
40 45 3764
20 14 4042
53 8 2220
3 15 773
23 24 1488
38 4 2768
52 38 126
3 6 1688
47 23 1999
40 21 3304
40 19 3876
29 48 3194
26 1 1353
60 39 2882
9 18 4512
3 29 3474
11 29 645
25 28 1714
41 13 2228
1 7 3072
15 16 4388
5 52 2842
51 49 2560
31 10 4909
8 45 1633
2 42 1188
34 25 98
53 6 1302
25 50 306
7 30 495
50 36 1784
20 48 2209
59 51 3209
26 59 724
12 13 181
42 31 3760
24 25 4408
19 38 2566
5 37 4031
3 39 1834
39 12 4635
45 53 1743
24 3 4126
46 50 3215
39 22 1873
34 54 2085
12 9 3118
45 33 4884
57 59 3339
22 36 3419
45 52 922
22 32 1389
31 57 1713
7 3 2187
3 22 1905
4 27 1704
48 22 2076
51 8 1149
60 1 3870
9 44 3295
48 18 890
10 58 1940
54 12 1503
43 22 949
5 1 3736
32 8 3131
44 25 891
43 57 2996
23 33 3932
36 57 3794
31 4 4253
56 32 1042
40 52 4403
13 33 52
26 16 4880
60 16 4810
58 16 4470
26 53 4236
55 53 2391
23 48 3112
43 60 1385
14 35 10
60 31 3630
41 9 1246
14 55 1231
10 16 3282
27 34 2221
18 17 4414
53 32 3999
53 16 4914
5 24 3476
32 31 4032
44 14 1628
4 18 1584
38 35 4649
9 34 567
9 39 1931
29 5 217
23 52 2959
25 56 116
6 23 4556
32 1 2168
4 11 2451
53 36 162
17 38 4286
35 7 800
50 31 1343
41 35 293
40 8 3033
16 56 4881
47 24 4614
18 26 3364
10 24 4754
9 19 554
40 6 3012
52 16 4094
27 38 2802
1 16 4801
35 28 2416
54 59 4562
13 18 4595
48 10 4496
54 28 1283
53 34 4987
54 22 478
30 17 4313
36 34 4408
56 35 4367
36 30 731
58 57 3531
40 59 1838
16 14 1660
17 3 1317
38 43 2640
25 54 2378
2 30 842
6 44 2187
43 54 1820
49 6 548
14 15 3304
40 29 4117
57 50 809
1 19 2881
31 53 1796
23 17 4801
4 49 142
9 58 4045
26 48 4438
2 50 446
28 51 1650
43 55 3984
1 48 3012
22 53 1818
11 28 4083
56 54 213
55 28 1142
52 47 3604
34 10 1971
43 8 935
15 38 894
50 51 1154
41 55 3509
50 19 848
16 2 1328
38 11 856
36 20 3103
25 15 3762
4 36 4869
3 40 823
27 47 2026
57 17 1215
21 48 619
50 37 3264
39 5 1072
9 15 3109
34 39 3806
16 49 2986
9 52 3092
42 13 2462
18 35 3378
13 50 183
30 35 1638
33 26 3743
18 41 1934
44 59 3544
36 8 4618
26 56 344
30 39 1597
24 39 2560
45 9 2119
14 33 1255
55 44 4397
5 22 4730
16 13 2854
8 15 4901
10 52 895
7 9 4613
7 26 1403
46 52 1212
5 43 4608
19 21 2715
3 44 1586
49 52 2255
40 25 4013
52 53 3521
32 37 4757
18 12 3486
60 30 1879
4 23 3982
49 14 3923
47 4 3912
24 36 1162
59 58 2949
6 18 3244
1 24 2166
31 26 2313
58 4 1687
33 5 2255
60 23 2855
36 51 4370
4 30 3106
31 14 4733
20 30 2552
28 30 3210
20 53 1982
46 55 1764
4 3 3322
17 16 3589
52 33 3420
22 51 2510
55 16 3247
55 22 2344
2 52 2757
36 26 1229
20 28 3852
41 60 501
34 55 3509
58 31 4021
41 4 866
46 35 2886
41 31 669
54 32 2570
44 45 4456
32 26 4623
38 34 1002
58 19 1184
3 37 181
4 53 2351
17 29 3977
60 55 953
6 43 4456
15 31 4576
10 9 4465
43 27 1803
46 49 2843
35 10 165
29 57 1092
19 24 4245
52 41 3775
12 49 4700
9 3 3870
39 59 3829
2 39 471
43 20 421
25 9 2412
27 16 1860
44 11 4361
6 19 18
53 11 4911
5 59 4300
49 17 2324
58 26 2257
58 27 4647
8 39 4082
37 49 1631
40 54 16
6 4 2707
59 29 2865
23 8 4224
57 19 1796
11 3 2772
48 39 2836
59 9 3839
33 36 1642
52 32 2698
45 27 2689
42 32 1434
19 20 3197
8 6 2589
7 20 1828
35 11 4667
45 38 1985
50 58 4199
36 42 4916
14 29 2417
31 7 3973
53 28 1896
52 22 3257
59 18 3731
12 5 4852
23 20 1373
10 51 1375
6 36 361
16 30 3217
29 28 802
54 17 2354
24 11 1405
60 2 2476
5 14 772
12 41 2685
36 17 1263
10 11 791
1 45 350
53 15 3838
6 60 1729
40 34 3438
54 23 1834
20 56 87
24 17 2002
7 36 3637
13 49 1746
30 10 4949
40 30 844
1 9 4999
41 32 4128
35 24 3317
54 41 2776
12 15 3102
3 1 3991
14 42 2820
8 46 4943
11 47 1593
11 16 4976
54 46 1320
39 37 191
25 27 2719
7 40 4935
53 19 4390
30 32 3199
56 19 1869
32 10 4837
40 22 1599
55 3 1437
56 41 3288
41 37 3469
24 48 3422
31 46 4128
46 41 3175
8 3 3077
59 12 4301
21 29 2943
41 15 4989
46 51 2628
26 25 2566
56 48 3483
9 54 2439
59 38 4935
19 31 4727
59 3 2107
28 9 4470
3 42 3156
4 39 2284
18 31 2949
38 13 2632
10 47 2611
33 42 2192
16 23 3809
8 30 3281
6 52 802
43 34 3843
15 36 1275
4 34 3038
33 17 4325
8 33 4238
29 54 124
42 45 4015
59 23 621
12 34 3959
50 53 1895
11 2 2709
36 59 3703
5 8 2788
25 60 1265
55 30 1747
45 7 1810
56 24 2367
43 50 1763
45 10 2954
27 59 459
10 1 3228
24 2 3495
22 26 3473
2 33 2645
34 17 2328
18 2 2154
3 49 691
9 27 89
30 43 3210
45 51 203
43 49 2246
21 46 2489
42 9 3539
56 47 2099
28 32 1793
38 40 4389
6 7 1880
27 30 630
25 30 3851
47 19 3905
55 40 745
56 21 4089
47 41 2363
14 6 4665
56 36 3803
15 2 984
58 39 4212
54 53 2344
9 48 2296
21 58 2344
47 31 2169
4 9 2350
46 60 1953
29 39 3278
24 26 2396
28 45 2565
13 3 4653
28 33 1774
53 21 4628
46 17 3909
17 37 3395
26 45 4499
39 42 1907
57 45 664
7 50 1497
12 50 3841
22 37 1921
34 47 4482
19 13 816
51 26 4302
37 6 3625
14 32 632
15 1 4931
58 23 463
42 7 2210
43 46 3379
34 19 4445
40 43 3261
14 46 4024
55 49 1967
44 38 391
12 43 4428
12 32 1037
59 11 1989
2 46 993
10 42 277
24 33 3965
53 5 3042
6 41 2646
12 29 4726
53 35 2776
30 14 4375
51 19 4321
44 20 2478
51 16 2407
12 58 749
24 42 2016
46 57 1449
13 31 894
57 49 4222
50 9 4036
45 4 855
30 59 3705
21 13 717
57 24 1748
50 33 1213
38 21 794
56 5 3959
43 51 4196
14 51 1357
58 34 799
26 34 4390
19 39 1592
36 54 3300
38 9 2588
36 45 3437
19 12 4740
12 60 3674
28 38 3605
10 19 1759
34 49 801
54 4 4974
27 31 2679
28 23 3899
58 20 4522
1 58 1216
21 42 1079
15 37 4130
53 49 620
42 17 2485
39 13 2259
18 21 2110
17 55 200
54 27 1333
1 28 4255
44 50 2107
45 3 205
32 13 4660
9 57 4062
10 22 4474
53 27 1937
11 52 1066
15 54 364
22 6 1099
36 5 3860
3 27 1615
42 5 166
6 11 1312
38 30 3598
13 52 4916
32 40 4117
29 15 3661
6 31 4781
30 1 4887
59 55 2327
28 10 2154
32 25 4912
18 43 170
21 6 1666
43 35 3033
28 7 3539
25 13 1095
55 32 3323
28 2 4944
14 57 3336
31 2 3546
53 23 2481
5 35 893
39 31 3371
32 49 3394
42 1 4335
39 18 816
19 26 1156
2 49 1170
24 58 747
27 48 4997
50 22 1347
43 26 1778
47 2 2727
7 14 4390
42 19 2485
8 22 157
30 9 2221
13 55 3961
50 16 333
9 6 2308
47 15 1242
21 28 3746
18 24 27
43 45 1442
47 46 913
41 27 2406
60 9 4575
42 20 4193
28 60 2560
13 20 1649
21 44 3855
11 56 3349
31 35 4823
37 34 3343
7 54 3489
3 51 4716
20 3 1739
45 31 3574
27 40 4266
51 52 4230
53 38 3234
27 35 3806
33 19 1224
27 28 3501
27 6 2705
19 3 4420
28 18 2314
12 10 3041
3 32 1531
43 52 3654
48 44 769
10 15 4264
18 55 2517
47 45 2882
45 23 3523
1 29 4211
46 56 4585
10 27 4541
49 24 4344
55 21 1205
20 21 425
23 30 1909
60 4 4561
15 17 3407
34 46 2418
48 50 1490
5 21 2419
10 17 4252
16 24 2192
39 36 2683
53 2 4004
52 42 3318
51 32 1933
11 45 4673
18 37 3347
40 15 2823
35 40 4584
24 6 3338
8 49 423
37 55 3654
44 39 3808
15 23 3538
21 47 1672
16 41 1422
57 53 4183
43 53 696
58 35 4806
58 49 1515
46 24 2290
9 14 1375
50 3 4037
32 23 1131
35 47 3374
9 20 1639
33 34 3291
60 38 379
14 18 973
45 34 1626
28 6 4376
35 2 3379
40 4 2751
19 43 2320
18 33 18
32 5 4486
21 1 4656
20 33 2964
12 31 4633
43 24 2476
26 8 3008
2 34 3623
2 3 1341
9 51 3558
32 36 1717
42 22 134
29 38 2827
6 26 396
17 8 1388
47 26 13
25 10 4913
22 20 48
11 49 3762
8 56 670
52 26 4997
47 6 2120
52 36 2872
60 8 4340
44 28 3271
13 35 3864
44 24 3399
14 19 3951
17 14 4076
16 28 2093
15 39 2896
1 14 4376
1 41 3987
23 19 21
17 45 623
5 31 4301
22 19 4479
30 54 2257
