80 2888
14 46 5382
65 34 5631
59 43 1623
44 66 272
51 54 1562
79 21 3636
37 52 4045
46 78 4101
13 26 2228
46 8 1360
76 6 8094
75 42 8777
3 36 1726
34 15 4392
71 74 8369
15 45 9752
46 66 985
32 80 7967
19 17 439
33 29 5411
64 8 7730
40 28 782
2 33 6067
38 13 1485
80 76 3001
13 31 6152
51 44 7617
55 62 4153
44 75 2868
18 35 3806
48 60 1809
29 46 1351
72 78 6763
8 40 8098
38 76 5479
14 45 4331
52 21 6329
27 80 916
9 24 8490
19 20 3991
5 23 1192
40 64 65
55 13 1467
36 50 9009
32 24 564
4 70 6422
4 18 8497
41 43 5324
80 9 2077
69 80 5613
34 61 7454
47 7 8980
80 24 1771
19 31 2532
35 4 3111
32 9 6868
5 20 1619
60 2 9450
79 66 694
52 50 2406
35 38 3511
23 31 1012
47 66 21
46 35 197
9 3 5976
16 1 1311
24 23 2181
1 2 2558
28 33 1190
44 29 8064
72 10 7606
8 54 8971
67 33 853
70 60 2654
13 50 9252
35 26 6568
68 35 4940
62 45 2811
56 1 6074
42 68 2003
40 27 5814
75 39 1841
29 42 3472
33 11 3496
27 33 4831
67 24 5005
67 45 526
60 18 5683
11 1 8133
68 47 1749
2 27 6254
44 76 1491
10 31 5776
68 19 4020
68 62 7578
59 39 9575
3 34 5444
12 27 7077
47 56 1009
43 13 6840
54 1 2145
30 4 8608
17 57 709
9 22 8085
80 26 7801
31 17 4406
80 45 8086
68 51 7289
15 14 7141
16 52 1406
74 63 580
33 21 7593
66 1 8791
56 49 1357
79 20 2368
76 32 6193
24 36 5953
54 13 3537
57 74 7714
18 79 9308
44 52 4170
17 29 3664
59 17 1103
54 34 1800
16 62 6706
20 12 7140
57 8 7234
25 76 9147
49 36 3078
26 73 4158
39 71 4045
54 30 9448
56 28 49
24 39 2715
10 13 3298
53 74 1624
64 36 1218
2 19 8699
74 11 74
5 65 2052
75 33 9315
21 66 9691
14 30 1052
80 4 9101
49 12 6858
7 67 3601
56 15 8649
51 5 1034
8 36 2613
14 4 5451
2 72 4056
3 64 668
12 5 1629
18 77 5721
34 31 8042
67 11 6760
8 58 6357
18 57 132
38 20 1443
21 30 6133
22 60 3382
74 42 7659
67 77 6503
25 8 3474
21 34 1346
61 51 6619
19 1 3653
17 39 2179
18 54 7153
60 13 5405
73 40 3162
16 65 795
9 70 5534
4 2 2192
4 71 8099
29 14 4524
15 32 4913
45 79 7903
74 35 3056
73 33 4222
78 44 6878
76 13 5173
56 52 3287
21 6 3601
54 23 48
76 18 7288
19 53 8283
60 46 7527
43 7 1894
29 21 544
42 23 1349
66 59 6072
52 69 2365
33 10 1129
8 5 253
13 75 7127
55 36 37
19 32 5526
56 37 457
10 41 5706
61 44 2296
13 11 9491
7 77 355
74 66 6395
13 71 786
72 58 2720
55 63 9536
64 35 1797
33 38 6456
54 10 2513
58 16 1293
25 6 4429
3 35 5528
57 36 970
11 52 5827
3 20 2838
32 36 4023
10 67 2735
62 17 3014
80 62 5236
31 78 1006
4 22 2828
49 28 6169
51 66 6419
26 42 7337
53 3 8538
6 10 1919
51 48 6215
50 55 6937
51 40 5727
33 41 7793
5 66 9273
78 75 1487
13 73 1758
47 63 6166
61 74 6564
60 30 4592
21 59 615
79 68 9140
47 34 9164
28 60 7152
73 56 3341
6 17 8985
13 27 9278
11 30 4933
69 26 2250
31 54 4626
60 79 3343
22 8 1516
19 72 5311
41 31 8889
29 64 9134
50 8 498
49 54 8979
25 7 1646
75 59 1390
64 16 3375
8 11 253
62 28 6534
21 61 2999
12 66 2006
48 66 1244
7 8 1386
58 40 1272
14 72 7058
5 1 2037
72 76 5047
26 76 1335
43 33 6346
63 24 118
46 28 9352
10 69 1490
76 61 6961
58 66 2822
47 43 9819
14 62 6198
80 52 3225
58 18 2060
10 56 1700
55 3 205
33 54 3550
44 68 9235
60 78 5412
59 14 1035
59 6 4423
38 59 4390
29 40 8587
50 43 5494
52 73 4477
48 70 4990
20 7 2228
80 25 4953
54 27 7753
46 61 5570
31 12 4335
17 22 791
20 24 8396
76 65 624
48 10 380
10 45 5547
42 46 9449
12 67 5744
27 52 2708
15 21 1285
78 36 1375
40 39 8571
65 51 6337
28 48 1978
39 52 4813
49 8 1400
70 72 367
48 17 4235
70 43 4358
14 63 5181
16 49 6099
11 76 5522
6 1 3379
8 6 6350
71 19 3983
35 17 3867
70 6 763
37 69 6948
34 5 4231
54 71 9396
79 58 1938
15 80 5871
61 47 1608
30 31 4073
77 6 5091
38 80 4994
37 5 2099
52 28 5924
1 32 8106
55 35 290
69 18 9075
22 70 8084
10 76 2808
7 79 8626
51 10 8600
16 42 1476
20 49 2873
35 48 7366
77 38 4560
52 24 3574
80 46 2866
6 19 1325
69 15 8993
75 41 3393
12 64 7323
11 69 6421
65 33 7182
67 20 1178
36 76 5597
23 6 8421
4 12 7005
40 66 9724
42 11 5002
69 45 5937
23 15 85
32 46 1410
33 45 7423
67 43 6915
75 4 7169
9 60 8907
46 55 9121
68 16 5033
64 79 5965
25 57 3509
61 28 1234
68 67 8516
22 51 3101
45 9 1336
17 9 152
74 78 9419
20 63 8979
54 74 6829
49 55 2599
58 6 8262
22 39 996
9 14 308
46 65 1306
28 25 4336
47 21 1293
54 25 9025
15 77 6655
42 33 4846
54 77 3414
2 62 2681
47 13 6348
47 48 34
48 76 2298
73 15 1278
77 52 517
49 34 8498
75 20 9982
24 22 7933
11 40 6455
31 63 4959
26 8 8391
24 44 6126
64 68 8147
7 71 1939
24 41 3253
6 2 4833
9 25 2043
29 31 4884
25 16 177
4 62 192
21 28 4406
22 7 4740
42 32 383
12 7 5192
11 29 4712
4 38 6120
25 59 6568
24 64 2972
49 72 4393
39 72 1879
2 57 1259
34 29 8983
69 24 1368
51 18 8232
59 7 6319
58 71 1103
25 14 3521
47 32 3648
66 24 9185
54 17 9061
68 60 6339
60 44 4338
20 25 9621
41 44 138
27 56 9632
50 58 6869
1 28 2615
20 51 8312
76 71 5841
45 42 8185
61 78 7178
30 73 4933
21 37 5075
20 1 81
66 45 4698
68 36 1608
21 41 5007
41 56 3837
21 11 3420
64 69 6677
29 56 5540
69 6 9985
34 55 9445
38 34 6775
74 50 4365
18 59 2602
24 5 5378
41 19 5713
31 27 1773
7 63 6087
25 45 1615
54 20 4393
54 41 8994
28 22 5745
24 74 4809
24 25 9825
36 60 1598
41 59 7381
23 37 1728
35 37 1915
50 6 9523
74 58 4373
48 7 5499
36 14 226
35 19 6980
13 78 3113
77 40 2434
21 42 8943
20 48 8477
22 13 1200
25 74 2557
16 56 5882
44 19 9138
43 40 6160
8 30 8798
53 33 4278
42 35 7056
12 61 4661
78 52 4155
61 31 7515
67 14 8068
76 68 3330
70 8 7787
67 26 109
28 74 2820
23 48 4185
3 6 9032
79 73 8168
52 38 4175
24 77 1590
79 13 8296
5 56 471
23 41 9272
80 48 8274
71 77 7723
8 68 2119
16 78 5690
78 15 9831
76 35 5147
53 5 2461
39 14 4679
69 76 7588
26 38 516
70 3 6428
64 2 408
48 19 7345
73 1 2880
52 22 5002
58 70 3396
12 69 5295
80 16 1134
4 45 1988
37 80 5765
79 12 6717
7 13 5515
58 15 3332
1 8 9053
55 31 2625
43 12 5755
18 14 781
17 21 4576
18 24 4968
35 65 4662
75 5 4188
62 77 1537
38 29 9141
68 27 6383
10 63 5437
4 33 3604
69 31 5536
19 18 6276
15 25 9515
43 1 4883
31 11 6045
49 2 1849
67 39 9229
16 70 1320
57 24 3671
22 49 4744
11 70 3205
58 38 4849
47 77 8740
22 67 1865
5 17 3218
77 13 9295
35 2 7547
1 21 455
8 55 5907
49 45 4353
71 59 2966
70 63 8537
48 58 4661
3 56 2517
73 68 3353
37 47 8381
80 73 3738
30 61 3082
49 58 8879
37 31 6905
24 75 9660
2 52 4131
60 63 7261
53 49 5029
24 71 3660
57 78 9751
50 49 9975
46 51 1417
28 4 1943
32 27 9547
33 20 7898
44 73 7853
43 18 488
24 78 1148
18 11 5337
38 39 7817
59 50 5809
4 74 4375
71 2 1068
61 15 5409
31 22 1439
79 46 4322
21 68 6138
55 45 3424
80 18 49
37 9 1874
34 4 5117
7 1 1338
69 8 9679
75 1 9962
24 58 8495
60 73 5450
60 4 6847
30 53 4389
24 60 5676
62 7 7600
13 32 4268
62 25 9793
71 10 9871
72 16 2936
46 52 5960
57 50 3451
77 59 2140
35 1 552
47 29 8296
37 30 317
20 14 2156
76 3 2988
54 64 6642
43 32 1819
4 48 6308
41 8 2204
67 51 8715
28 54 1602
38 55 1211
37 33 6742
73 71 3401
4 68 6125
54 68 4295
51 59 7495
28 63 2752
48 41 1385
4 31 3756
26 44 9728
40 10 8937
33 49 9959
57 71 8905
1 17 7712
31 28 8737
59 10 8321
38 70 1832
73 72 9470
80 67 2006
42 51 8031
52 35 8280
70 71 7270
72 64 9501
57 68 5293
38 40 3956
18 39 1511
12 34 8647
34 23 4876
24 13 9582
80 11 6965
26 68 5363
39 48 7549
65 53 6191
17 53 3599
39 61 5106
19 30 164
11 12 336
37 55 6109
80 63 9763
28 58 2802
6 34 4231
61 40 6240
2 20 246
30 2 1762
18 55 3543
38 14 4261
30 42 3164
37 16 6843
57 58 7049
46 6 5606
22 2 5170
21 36 2444
65 21 4782
41 39 7296
16 22 2473
37 51 7226
35 8 6585
16 39 4233
15 54 6338
79 65 6724
10 79 7981
74 73 932
11 64 8461
34 59 3942
60 40 9623
63 12 7707
38 54 9008
66 22 8728
18 74 406
37 1 4404
74 79 7598
34 13 664
50 77 1471
79 80 4189
26 71 8844
10 50 372
63 50 8590
6 36 3908
46 57 6098
35 7 5707
21 39 9048
54 6 2179
69 21 922
65 25 2927
22 43 7939
71 45 9463
44 28 4128
11 45 5840
64 73 3691
17 73 632
1 9 7039
22 40 5191
70 33 1272
17 69 8320
65 68 2896
22 73 7426
58 67 6815
58 13 7532
39 20 4485
45 7 3448
13 37 9302
59 16 4203
50 9 9965
78 77 3945
51 39 1450
43 24 3065
65 54 334
70 13 5835
55 41 1900
50 75 5438
27 9 4638
70 27 189
64 15 1319
45 22 3293
77 36 6157
18 21 3376
40 75 4206
62 22 4539
9 19 5923
46 24 1305
15 42 5688
21 56 5414
65 70 5800
73 36 4942
9 30 4931
44 49 9204
72 47 5199
8 80 1550
52 63 5474
3 1 8604
62 24 9981
8 63 5370
68 3 7948
38 18 7391
56 38 6841
16 17 8359
73 28 7052
16 28 5538
68 58 6748
19 56 6565
4 11 9663
57 56 3734
51 57 1265
76 47 8467
51 31 353
76 19 1060
12 41 7797
49 52 851
23 28 6594
70 34 2285
10 29 5209
37 67 874
56 2 8190
22 47 2493
59 19 9188
42 55 2643
74 13 229
17 13 1229
9 58 9841
38 67 412
69 63 8250
54 21 8908
2 25 9291
37 26 8344
19 16 7934
14 41 347
60 11 3559
64 27 2602
64 17 2444
76 64 7977
20 18 126
80 55 9546
46 54 6783
51 71 4418
63 1 4323
47 67 9274
23 75 9000
57 61 9391
34 75 6267
74 33 6423
37 45 2354
36 48 4750
57 77 5538
77 51 7841
35 33 5318
72 69 1413
31 3 9738
47 11 5663
19 74 2232
64 31 7022
52 53 4940
31 45 2845
70 73 1105
43 2 3556
80 72 4328
66 11 3055
30 71 2753
29 51 7687
49 6 7554
45 41 9230
15 51 948
1 59 6458
28 50 1263
37 20 8119
38 68 5226
5 21 2148
40 68 6
75 11 2255
79 42 8786
76 7 4494
17 3 702
2 66 3876
56 54 4107
3 69 2354
43 80 6683
32 21 3973
73 57 7188
31 46 2575
40 65 1728
60 77 7933
77 68 3663
10 80 9016
72 18 7920
20 77 3888
51 52 2736
8 42 8257
72 61 3522
29 59 9190
6 47 7835
77 61 1057
21 38 8340
37 65 64
60 10 4462
47 51 846
68 11 6713
77 69 1047
65 7 2608
25 53 2363
43 19 2267
79 38 2808
29 23 5848
5 39 6770
78 37 1388
8 43 1249
63 46 3438
59 44 7082
68 29 7983
56 33 9585
35 50 7719
2 44 513
23 9 3675
23 16 1026
67 76 1226
45 13 4965
56 63 2630
22 76 1990
62 43 3493
52 74 3560
20 69 2107
33 58 5972
63 36 689
37 6 7719
76 46 7623
68 31 3127
1 13 8246
54 42 2512
72 7 259
63 67 2625
60 62 5462
75 26 687
52 75 8987
26 79 4505
60 53 5814
12 42 1832
44 32 7094
58 10 6163
80 21 3984
13 53 3507
19 73 8996
14 42 1077
35 67 4544
73 39 5718
27 58 6908
75 12 1361
57 65 6040
52 70 3645
23 50 9289
57 4 4571
78 69 9310
31 73 3267
27 67 1649
20 45 7109
58 61 9649
77 58 2917
52 68 4820
35 47 8352
64 28 7228
45 54 7913
71 48 9114
42 61 3368
24 38 7841
9 54 865
41 5 8369
67 59 3428
15 26 5478
65 31 705
4 36 5415
4 67 210
26 9 4388
44 5 8837
13 3 3612
31 25 6095
11 3 5397
6 53 5395
65 63 4838
42 70 16
18 8 2272
3 16 8012
35 25 5080
47 26 6522
57 64 7166
17 15 7051
62 19 7765
3 44 3978
55 9 658
17 8 2014
57 41 3708
78 55 1956
15 20 1129
67 70 2419
60 72 8486
2 34 3525
64 59 9842
2 23 1014
36 19 2938
5 36 4195
26 5 5184
47 79 396
16 44 2040
25 12 9565
57 6 9134
27 19 1655
26 27 3855
9 73 115
10 38 5252
3 41 1832
66 69 9246
68 6 1945
76 40 3491
71 72 2493
58 5 6362
75 38 7138
52 67 2839
35 13 5361
22 26 2515
46 12 7017
7 66 4379
4 58 559
16 69 2952
66 34 4683
44 1 1445
22 12 2556
49 62 3465
8 74 6895
77 26 6681
43 26 7135
14 37 3489
10 44 3656
28 35 7039
28 45 5163
76 41 8516
65 61 798
78 12 3691
10 11 9819
78 20 3756
39 64 799
55 19 2780
6 24 418
22 64 4054
19 46 2599
31 5 136
73 29 969
4 56 3960
3 40 9381
65 67 6012
24 27 4167
49 17 7114
60 51 9081
34 19 768
74 10 4137
21 75 21
53 48 5139
56 55 9584
41 11 5602
76 16 4744
45 63 4656
3 54 7940
64 56 9280
59 65 4786
27 34 729
45 64 8304
32 72 9120
19 58 6615
36 23 941
2 39 4933
56 11 1160
34 64 4767
80 71 4180
36 34 723
63 73 2047
9 57 621
19 14 7097
14 74 7226
65 9 8947
69 56 4296
54 79 9433
23 58 3339
63 3 7723
48 77 3884
45 58 3900
67 69 8203
18 26 4814
75 54 7541
55 33 8238
2 74 642
12 48 618
33 69 6318
43 44 8059
74 47 6271
44 56 4284
50 51 3237
56 80 7878
70 25 9868
28 10 3581
23 62 1918
75 9 5070
11 72 5427
10 5 4226
53 50 8008
10 16 4944
6 62 2139
67 16 4345
56 43 6694
10 75 4821
71 18 2652
69 39 2416
15 52 6299
33 66 9204
77 70 2398
79 72 7356
69 1 583
38 64 4561
68 71 1874
80 41 9501
28 12 4676
56 45 7211
73 61 9695
55 76 2679
46 3 451
70 10 5883
25 46 2375
72 41 5165
31 1 4648
31 44 8873
68 20 9452
30 18 7875
77 23 8958
6 12 2421
37 60 7399
28 79 4307
16 75 4688
18 65 4081
8 27 9587
4 25 890
64 10 628
71 75 50
6 60 2821
32 34 4386
5 59 28
15 37 3868
28 53 4698
40 2 915
77 29 2904
21 72 5932
41 77 6547
42 44 6823
4 37 8594
19 50 7482
6 72 7442
37 25 8681
76 50 9434
29 39 7214
10 43 4508
12 10 9591
4 26 5780
32 73 758
69 50 3170
6 32 1719
27 35 5297
74 56 2728
53 44 8878
41 35 2656
65 11 5916
50 78 8707
29 65 4235
12 3 1277
50 26 5721
65 52 6345
51 62 2400
1 74 3066
6 63 663
15 71 6433
53 45 7607
69 22 6598
13 61 7213
48 43 7623
20 41 8365
73 27 4901
24 54 7412
1 61 1452
59 32 272
67 6 9999
30 50 2510
11 9 9055
11 55 1225
50 32 8818
56 22 3836
3 19 1074
19 54 9356
46 73 6568
49 65 1467
15 72 9211
42 4 7057
57 31 1297
24 45 3876
32 57 785
22 5 1601
27 69 3699
64 66 2101
73 65 4094
10 3 5504
41 27 4413
43 46 4192
19 69 8234
70 47 9047
49 21 1689
33 15 9281
80 34 9976
56 62 2319
74 46 7099
37 43 54
53 79 8358
43 29 786
75 69 3537
63 39 9988
29 80 6056
55 25 9428
20 21 356
26 58 5657
21 58 5584
71 50 4365
78 43 5860
3 49 8735
17 50 8672
59 42 2210
50 15 9250
50 68 9102
14 68 240
14 22 3774
53 69 5716
14 80 4899
14 12 7135
67 73 7240
43 55 3128
10 23 3051
23 74 813
71 28 6913
64 14 2302
17 36 8588
54 29 2523
67 30 183
4 65 767
32 56 9496
46 9 2831
40 42 4093
18 45 2778
20 73 4312
32 53 5717
41 78 5242
4 50 2633
40 47 8922
37 66 5941
53 58 4945
5 67 8746
29 75 9008
79 4 1523
55 4 4766
60 39 1381
3 62 3002
47 71 3114
42 56 9630
16 47 371
12 1 705
45 8 3236
16 29 8931
16 61 2207
17 32 1832
62 70 8748
23 13 9203
38 16 3883
5 72 2433
79 40 1622
59 80 2566
66 14 4496
56 36 1239
1 57 3387
64 9 5803
38 78 7214
73 23 8523
10 65 8152
24 4 9996
72 27 1432
63 44 3391
55 32 1945
58 59 2206
11 77 6601
64 55 969
12 30 5687
69 32 562
16 30 4621
37 36 1146
9 4 4396
18 40 1731
74 5 7008
66 60 49
41 61 6557
25 39 4617
20 80 3713
8 62 841
27 76 7888
8 38 9453
26 32 1783
59 3 6461
3 43 606
35 70 6034
14 3 6122
36 43 5443
7 14 6295
32 61 3010
35 12 4644
54 16 2551
22 35 7272
29 27 8297
25 33 4924
35 34 506
38 17 7001
36 16 760
77 63 5496
29 2 257
15 62 4919
1 39 5298
49 77 6873
23 66 2159
3 66 2109
34 68 6690
30 66 3512
80 74 2258
27 6 8443
46 68 1767
41 68 3523
15 10 4544
29 28 5479
71 40 5396
27 23 1398
12 56 1597
24 56 5025
73 37 7841
23 56 6817
12 55 7119
69 68 5789
16 15 1813
46 16 7817
69 51 3026
68 32 277
59 63 9999
10 49 317
65 39 3363
55 17 1726
42 6 6956
18 50 7075
28 77 4812
44 79 4807
11 48 4222
61 60 7175
9 41 4195
42 66 8492
44 17 7921
37 64 8731
58 7 6069
11 36 5569
5 4 4841
67 3 8385
47 69 2795
42 3 5293
62 53 4616
62 35 5859
54 76 3410
22 21 5800
61 67 6806
71 27 6144
17 70 2100
42 22 5283
77 35 9593
32 37 8800
21 25 1164
20 47 1069
24 47 3461
14 40 7412
51 80 9457
67 15 6728
33 12 7071
52 66 8859
46 64 9006
31 53 781
62 63 2443
36 25 8036
57 26 2075
43 9 7173
11 24 5328
75 43 607
62 72 4305
33 14 5455
31 7 4517
74 70 1418
79 67 5381
74 31 3145
54 58 5112
76 30 8724
15 30 53
49 68 5376
79 34 4041
11 63 8718
6 79 3585
70 46 6050
48 61 5758
7 19 4025
23 20 565
22 27 6434
5 38 9475
16 14 9635
58 64 3470
33 46 5994
62 11 7328
15 68 7267
37 7 968
49 64 4008
17 37 9210
61 24 663
1 52 7818
43 77 8514
57 75 3757
59 26 7165
6 22 7159
27 10 6320
63 51 8948
72 17 1309
76 63 6501
71 69 8083
26 72 6483
4 16 6811
77 14 4815
29 8 740
25 75 2253
49 4 6883
52 32 2393
66 13 4729
73 2 873
17 27 7807
76 59 637
59 31 6897
79 61 2325
66 39 6266
2 65 7433
48 45 6681
13 8 9279
45 68 2400
48 78 6030
57 44 4241
72 35 3303
3 47 7159
27 1 6050
21 7 1026
29 62 4480
70 64 7677
40 37 4203
72 52 8725
79 5 9406
55 39 306
26 24 7452
43 66 7672
53 78 6723
65 72 183
53 16 6266
75 74 4644
61 59 7325
27 50 8034
59 13 9005
18 12 8749
76 52 9959
69 43 2257
53 61 3253
2 45 4837
16 11 5564
71 29 6907
38 11 1656
79 50 1435
34 67 4749
28 5 7666
54 57 6716
45 5 1238
18 75 122
70 7 4405
30 6 4767
29 48 4625
29 9 9113
57 72 8997
67 25 8450
75 77 9299
41 22 4116
80 54 4486
57 47 7217
80 3 2429
15 11 676
36 53 9678
69 38 162
39 80 4426
21 35 5339
22 50 153
46 44 9607
38 62 9320
53 20 3899
55 51 5329
24 53 9024
22 74 5715
62 58 5631
57 22 7501
52 25 980
4 8 309
62 41 3019
74 76 7669
4 6 7944
6 61 1544
10 1 9427
63 13 1332
48 73 6155
38 7 6470
18 25 5353
78 27 3933
65 22 8976
22 29 1200
22 36 3233
61 56 2390
3 39 4867
70 50 9925
36 7 1572
17 41 7053
14 17 5258
43 34 919
14 24 4363
49 40 7624
14 44 7369
2 31 6021
45 75 7358
76 15 6282
80 40 7261
48 79 6852
8 3 6302
59 11 2644
33 23 1010
76 57 3312
23 49 7636
43 39 4217
44 72 6685
42 57 3526
9 49 9291
5 73 3283
12 73 4672
53 75 3749
74 49 1227
26 33 3687
70 57 6109
75 32 492
12 47 8709
15 48 4947
67 21 3226
32 7 8651
76 70 8527
54 44 6939
32 14 2467
63 58 501
20 30 2297
12 58 2511
35 14 2239
29 13 5183
36 13 2662
32 45 5242
36 40 5407
10 9 3759
37 79 8678
7 61 3481
6 43 4368
51 36 5121
24 8 4678
45 74 4336
69 28 5072
48 18 5276
23 21 3605
18 70 527
58 11 8761
16 57 3534
19 42 1172
25 34 2344
13 67 8512
43 31 7174
45 21 8794
76 4 5910
30 56 3771
39 15 3547
56 17 6403
78 76 1614
61 50 733
44 74 2711
3 4 9591
34 57 2617
15 38 4350
50 56 570
46 4 9868
65 45 6572
45 76 3868
60 14 9711
39 44 3525
16 55 7245
48 2 4186
38 36 6007
31 52 5438
59 68 1926
13 19 3807
49 43 3098
65 75 336
78 18 9565
35 78 4089
26 21 7155
42 7 7154
25 32 9477
46 75 6342
18 68 7306
39 42 2709
49 67 7246
17 79 1152
23 51 1570
7 3 936
8 39 9724
34 24 8750
43 57 4214
78 4 3691
8 20 7034
22 33 3029
66 80 8674
10 2 5169
34 46 8963
30 13 4487
69 70 286
25 30 5170
16 7 6101
76 56 1853
73 69 7060
7 24 917
72 13 3161
48 16 5898
20 26 6229
34 71 1768
43 61 4986
60 17 8928
61 36 6719
16 9 5194
59 74 3554
61 63 3211
18 66 7200
41 46 8349
72 74 3067
71 31 6004
14 58 9011
61 4 5353
48 52 8186
51 43 7810
63 27 1748
51 1 5033
12 65 6524
56 66 3382
15 2 3024
11 37 1778
78 56 808
29 79 211
28 20 8076
34 41 8918
74 67 3977
49 46 5497
53 67 5167
19 29 7037
37 42 5478
40 72 309
38 22 7869
26 46 3478
44 9 5189
45 34 103
43 17 2445
2 26 8138
15 13 5690
47 31 7741
11 35 2312
34 74 6126
18 6 1946
8 73 837
80 61 234
54 32 3544
74 6 2013
65 47 7479
7 23 4779
23 70 9203
9 28 7202
35 39 546
61 66 1769
71 60 4495
45 51 4263
40 33 2975
5 40 9843
10 32 73
20 43 8686
26 7 2379
10 39 3475
76 73 1324
16 27 1165
66 32 8806
69 9 1148
1 14 8539
7 15 1236
23 60 1955
1 26 5051
47 62 5279
49 75 514
78 45 2589
41 13 1061
59 15 8879
46 39 4566
42 52 3098
46 37 2200
54 37 9159
15 8 4681
25 64 2890
63 43 7401
50 41 6988
62 59 5965
25 69 43
54 48 5279
76 29 4702
33 77 6985
29 7 3843
57 59 3516
13 18 2331
76 8 9365
33 8 3713
51 3 1747
24 16 1204
11 32 660
75 30 4670
24 10 8339
42 64 511
25 68 2268
28 26 773
21 31 8391
54 22 7147
8 75 7104
30 35 595
41 40 726
4 66 9314
17 18 4237
73 14 2072
65 17 5047
20 44 1420
20 17 7775
21 48 9889
53 59 6592
61 22 2252
60 80 2036
65 27 9861
60 64 7475
22 23 9169
9 76 6634
38 42 1578
48 67 921
53 8 2837
18 2 9228
62 9 8864
21 77 596
75 17 9634
31 35 7301
34 10 7323
23 72 5604
55 75 3258
48 46 3720
12 53 979
12 80 1378
59 37 9667
54 73 3440
22 25 3611
80 28 1804
47 64 579
62 74 5041
32 39 5226
56 9 3902
49 47 4894
57 33 1878
50 45 3894
23 68 9269
2 36 3357
49 59 6924
23 14 1664
16 71 3229
48 27 3456
69 48 7234
65 60 8622
72 37 9101
44 30 2474
38 48 5281
64 50 1669
69 62 6377
14 8 5803
46 23 281
39 6 1743
65 78 9476
47 30 468
39 45 777
35 6 4620
42 77 1600
15 46 7009
44 65 262
69 29 8594
65 43 7472
71 12 5432
74 51 3443
18 27 9127
58 29 1606
20 32 2842
41 64 8349
8 9 3592
64 30 8571
70 80 2703
44 80 1880
70 53 9106
7 33 9995
14 52 9284
51 24 9227
60 57 4004
33 78 4713
70 78 9942
10 62 6354
71 41 5622
52 57 1061
44 6 7228
72 53 9329
40 26 6572
70 2 3370
12 40 1343
61 9 131
1 41 2410
17 4 4775
61 70 4965
47 80 2163
13 56 2695
46 62 7792
67 9 9348
55 30 4488
28 68 9632
66 20 3584
53 41 4281
35 24 4450
72 42 5217
25 73 8989
64 4 4979
60 19 9682
72 56 874
1 58 5908
16 40 3790
46 30 7806
44 13 6706
62 57 2168
56 18 3128
47 27 4
28 24 4203
45 47 4960
34 52 3770
36 28 5128
55 24 2148
63 54 2290
26 19 6514
32 35 2893
40 34 1357
39 68 4184
51 8 3095
68 2 6527
78 7 6284
40 70 5444
19 15 2750
26 65 3699
15 65 2996
20 13 1307
2 59 9902
27 46 3682
2 69 6869
57 15 2551
5 57 8892
53 2 4837
48 59 9496
2 67 987
24 49 3775
77 64 9271
76 17 5813
67 41 101
18 31 7914
23 78 6782
51 79 8172
65 62 1446
48 75 2540
29 3 6112
66 28 1497
79 76 3451
5 70 837
40 44 9431
56 58 778
35 5 5134
76 60 5243
18 16 2658
5 54 8692
79 8 4192
68 37 6489
71 21 7614
61 19 3772
18 52 5259
8 72 9694
23 61 5223
18 49 3248
77 27 9004
61 35 3951
34 69 2943
16 34 5809
40 32 8622
14 5 51
43 27 3322
39 57 5163
30 17 1586
3 52 3986
37 19 400
11 28 7758
28 19 1466
15 28 8818
62 71 7198
80 78 2994
49 79 1895
48 37 9656
24 65 5307
16 51 4892
65 74 1746
74 12 9882
33 1 3205
44 38 8981
50 72 1875
75 58 9827
55 74 4085
70 39 61
6 80 1318
67 55 2979
44 34 4761
35 51 4598
72 55 6879
40 63 1770
16 2 6234
11 2 7890
12 45 9854
55 59 2513
25 71 239
66 62 4652
1 23 4149
52 41 9076
49 71 9566
62 50 5554
33 44 9986
14 51 562
29 61 4379
73 16 3659
6 55 6715
69 59 724
1 15 529
48 1 5416
53 34 1228
31 77 2004
26 61 8937
12 77 4558
25 60 4068
74 20 9981
30 58 4718
26 45 6997
76 5 9617
71 53 637
47 55 71
54 47 2599
15 41 9124
68 80 2400
59 36 6071
3 60 6908
44 36 8059
9 63 1193
53 76 6001
26 48 9521
23 53 316
62 1 6010
40 53 1874
26 30 7935
63 23 2702
71 42 9074
77 46 1188
22 71 7991
51 72 7547
46 17 2995
47 78 6292
17 34 6062
61 69 5525
58 80 7594
7 34 4206
60 7 5762
39 53 2619
40 52 8147
38 1 870
17 67 8305
69 46 6291
26 63 8846
67 56 1651
55 53 3742
30 51 8741
45 36 803
21 53 7188
66 17 6486
52 12 181
72 38 4867
23 39 9408
9 74 960
66 8 675
45 70 1393
8 59 7815
78 39 4416
31 60 1944
32 70 8876
41 58 258
32 4 1956
49 66 8711
14 56 8217
65 13 1937
72 22 7877
70 68 8773
75 62 779
54 2 8803
29 50 6844
21 27 2910
59 28 6726
63 33 4893
10 57 10000
5 15 5091
30 34 709
7 27 3815
28 57 7030
63 29 8380
49 29 1471
79 3 6200
70 19 6511
28 43 8904
13 48 670
36 27 8832
48 31 9005
55 27 2280
1 68 439
16 8 8663
39 37 2983
25 50 3877
51 32 9669
10 14 4259
34 76 8962
52 29 2468
25 51 4020
61 71 9125
60 75 850
67 64 893
63 42 7607
46 22 6436
43 73 9784
62 76 9496
47 50 6228
24 48 3524
20 59 4066
46 18 1294
44 22 4748
37 38 2420
68 7 7137
9 77 801
78 49 3166
15 36 6343
3 27 61
78 29 2919
56 35 3654
35 44 3273
27 39 9595
32 71 4454
33 34 6988
76 43 8479
70 12 5822
46 10 7030
33 61 4986
41 74 2999
33 24 6752
13 80 3883
30 3 6253
22 15 8615
70 31 8315
21 2 9814
64 6 1816
12 24 5610
61 25 7460
25 49 8998
39 33 9724
73 11 8548
61 20 7932
51 7 8772
70 55 2072
51 9 4902
11 22 892
3 74 2341
68 56 6216
12 23 5022
75 14 6961
44 45 6042
38 27 1018
9 59 7515
46 1 8843
36 20 4091
30 5 8979
55 71 7449
25 5 9616
55 69 8503
7 69 5804
6 73 7387
24 17 4604
5 48 8853
74 17 7348
5 63 5143
45 1 7709
25 10 3640
45 3 3763
75 3 7951
30 28 4520
17 28 6389
42 41 3037
52 71 4927
58 2 1048
33 13 4610
38 25 1796
1 40 4162
41 37 4599
66 25 4667
75 73 7929
33 47 1079
37 18 1336
46 36 4095
2 61 7934
53 29 854
3 5 1873
13 64 1825
80 31 4867
69 30 6175
60 50 6474
63 35 65
54 26 7600
2 47 5259
3 50 5100
77 2 2713
37 2 6430
29 15 633
46 11 2283
65 32 8316
64 52 7397
27 42 3175
66 55 3854
60 33 8524
12 76 2189
26 53 6166
62 18 5490
41 49 8115
66 76 8997
20 9 7798
62 40 1230
66 15 2265
21 12 6971
40 15 6386
73 3 1938
62 33 4312
60 38 1146
56 77 8714
9 40 5961
45 52 7891
43 30 4238
62 44 6922
52 13 480
10 53 8263
51 41 5777
75 36 3576
70 20 4078
78 59 4553
38 19 7166
24 19 8081
46 56 2879
19 25 1568
77 53 2376
12 57 1374
41 26 4561
9 7 5397
12 13 7557
63 22 9470
40 54 4733
32 33 8887
38 23 7410
63 57 976
30 41 8719
3 72 1842
75 35 6499
71 11 434
22 77 517
59 4 8882
77 19 3761
60 55 1445
50 20 8567
66 68 3586
50 21 4760
75 7 2851
55 54 2991
32 12 1576
68 5 2186
31 24 4578
67 36 8779
73 41 9654
27 51 1257
78 25 4366
42 43 5651
21 62 9079
77 39 8554
77 34 9800
69 58 190
1 34 8364
4 29 140
11 5 5770
21 60 6341
58 36 499
23 8 9803
74 38 195
11 17 3778
42 67 7376
35 54 577
37 63 6811
36 74 2751
47 9 4277
32 49 5085
70 37 3517
72 30 8691
70 59 8068
25 3 398
56 34 6953
55 23 2072
43 15 4877
44 77 8876
79 33 9738
3 15 5171
39 79 2260
1 72 5545
11 53 207
3 33 7234
60 35 3310
66 77 6237
78 2 1718
51 56 2181
53 42 4201
63 21 4079
40 13 6933
28 13 6731
27 5 1505
47 25 630
50 5 9245
69 36 2257
6 65 199
27 28 7517
17 78 3580
25 40 5972
4 40 4809
60 15 2102
69 79 2716
1 42 5938
60 20 4896
37 29 9713
10 18 6494
35 45 9270
79 19 6571
19 64 6217
51 21 7110
64 23 7188
40 31 8669
65 69 4024
36 72 923
73 42 7305
72 54 9599
6 56 6294
50 2 6419
21 70 5325
26 10 2288
54 53 623
30 79 909
22 75 9285
29 12 1349
47 53 468
26 34 1832
78 28 2484
64 7 7876
75 51 823
51 38 9554
41 29 3064
10 20 6112
30 52 5793
63 48 6369
5 55 8996
15 70 6131
36 54 8646
35 23 880
19 66 6265
40 7 1359
15 75 2939
72 67 9091
37 62 5363
29 6 1855
11 20 8360
25 56 4156
71 65 5992
16 77 6259
3 18 7880
74 26 9629
46 2 337
45 27 6875
80 75 2343
33 19 3183
75 68 5934
46 21 4679
7 57 6366
5 52 5160
39 36 1585
7 11 2297
77 55 1311
5 32 9687
10 30 4128
78 1 473
37 74 4242
47 58 3976
78 22 3679
73 18 1143
42 17 8367
76 14 8870
59 54 2519
14 27 6414
22 30 1482
5 16 713
30 48 2233
12 19 5023
45 57 5592
56 8 3648
21 40 5288
30 1 5925
64 74 4082
27 4 8151
39 76 9103
34 78 2549
80 53 2324
14 53 3469
2 14 1600
35 9 1473
74 68 5064
22 80 6841
53 63 3496
9 39 4045
67 19 9074
57 20 3744
7 49 7010
40 6 5003
67 46 5499
16 33 3105
46 5 1390
58 25 5414
28 76 9154
42 49 1865
2 55 4649
3 24 6604
78 73 862
79 43 3427
22 59 7805
22 18 7290
77 37 9733
7 4 7648
19 51 1652
22 58 723
23 19 1152
78 14 6893
47 41 6360
62 79 8040
76 2 2369
53 56 6570
72 4 3041
38 61 2092
5 60 167
12 15 635
15 44 4476
33 17 203
59 73 6130
71 3 921
62 39 1253
14 47 6108
66 65 5088
66 78 6612
51 11 2785
14 43 8030
79 71 1907
25 13 4400
44 47 8572
76 21 673
40 74 6393
30 70 6446
58 34 2862
16 20 1803
30 57 4822
80 50 6706
2 8 564
33 48 811
28 42 7010
8 78 5968
71 64 2704
27 25 2338
29 24 9020
75 28 6506
4 53 907
58 43 5098
36 9 9324
71 23 8971
27 74 242
27 66 5731
74 30 4287
74 43 6950
38 46 6120
73 47 4461
61 3 3557
58 39 5261
66 36 4634
37 49 3500
31 42 1604
18 34 4986
25 1 9968
5 33 2254
36 29 4658
16 35 3642
53 1 5597
55 7 5318
26 31 688
63 66 9764
7 39 4709
46 71 3700
30 68 6596
64 21 3727
44 21 4726
77 79 5962
49 19 5136
33 71 6134
30 33 2387
66 16 5328
63 72 4690
47 17 5506
23 52 8880
40 20 1718
48 6 2531
46 20 4732
1 4 7150
44 27 7238
48 14 5930
6 75 7606
78 51 78
79 59 7289
44 48 9880
62 48 9783
32 62 9904
74 60 6608
2 7 9409
26 36 4386
27 53 1784
24 76 3618
17 2 5016
5 64 5165
72 48 9410
10 7 9905
75 31 513
18 64 9699
33 36 5334
57 14 353
1 60 8853
32 28 4467
5 19 5141
60 34 4395
23 26 9417
70 14 6334
49 60 426
53 46 6966
17 7 6919
39 50 4321
44 58 484
29 20 2206
37 58 4440
18 42 4598
63 18 6204
52 59 1549
39 47 82
80 57 710
2 32 7265
24 1 1570
37 50 5488
53 18 8910
19 22 2146
54 43 2575
20 62 6607
1 49 8978
45 38 1470
31 62 301
27 57 5970
9 15 1821
5 47 7112
79 35 6227
3 37 2225
70 41 3615
36 80 7663
33 59 9341
41 32 8173
66 50 2635
3 26 6413
80 65 1977
68 78 5895
12 9 5416
57 19 4034
1 76 974
2 13 6598
4 21 5690
31 38 4550
35 36 4823
19 75 462
48 68 6511
61 17 8116
4 73 4900
5 42 8118
7 44 4379
62 42 6300
21 9 1930
68 55 7635
68 13 6940
46 47 1865
34 11 6428
64 53 6679
63 38 1598
43 72 2183
26 52 6161
19 10 9209
63 30 3886
49 35 2478
78 6 679
8 48 4599
45 73 4126
39 54 5507
47 18 7716
34 20 4037
47 8 5910
34 48 8438
13 9 9943
62 52 1283
74 48 553
70 56 1761
74 29 9631
2 12 4631
19 47 226
77 8 5295
75 56 5059
23 67 3929
11 25 3337
14 71 1599
43 35 5061
20 65 9500
65 55 1456
45 16 7289
54 61 2158
49 5 1913
61 55 2424
23 65 5367
49 51 2212
42 48 8305
56 79 4519
56 31 550
57 35 2125
19 8 3638
14 13 9016
39 30 8127
8 31 2387
36 70 3871
61 18 8766
37 71 7324
78 63 2534
67 44 8849
11 57 6401
65 64 1027
42 2 767
19 78 1911
6 15 8992
57 23 3116
5 43 5496
6 41 6213
5 80 408
79 31 5830
52 4 2960
3 58 5859
58 55 9578
22 48 9649
8 60 9746
24 21 9995
29 45 1365
37 28 4949
47 4 4793
41 28 110
16 50 3703
9 2 910
61 45 6205
78 26 3534
38 12 3687
10 73 7749
45 43 1590
75 70 8769
23 47 6024
20 27 4744
26 6 3152
5 6 97
26 62 2192
19 65 8135
56 48 1470
76 37 5404
30 7 2787
42 9 4668
54 52 6092
40 69 9481
38 3 7471
6 51 1533
25 26 6735
73 34 675
76 23 1855
35 58 4667
28 51 2008
3 2 987
49 31 8859
23 40 9406
80 42 2700
28 2 1633
52 61 1102
24 79 4181
4 39 6645
50 42 2168
79 36 4076
23 25 7338
53 15 3910
18 36 9438
78 54 8997
76 31 6088
71 36 5367
65 28 524
80 30 893
79 22 6597
26 55 9062
15 31 5967
1 50 7957
47 59 1025
15 47 4483
62 73 6378
23 80 2323
33 31 5915
51 33 4068
34 39 3878
39 49 5221
60 32 6788
17 52 5152
53 38 3971
76 75 1550
10 36 9041
45 59 9659
66 67 3329
9 52 3964
63 64 1031
66 57 4017
63 71 1548
62 27 1914
31 9 3649
66 73 4042
12 44 3100
19 39 3600
67 54 880
21 10 1486
1 29 4095
32 22 5829
66 72 6375
4 23 3864
54 50 2075
75 79 6819
12 62 8435
56 39 735
23 79 3598
61 68 2881
67 62 5952
73 35 7803
27 61 675
30 36 9311
69 13 1614
55 14 8521
43 16 1004
64 32 2958
59 72 8885
15 18 46
70 66 1616
60 67 2094
1 67 9645
8 34 3659
77 17 377
6 38 2637
35 80 2214
75 47 9990
74 21 3996
41 63 1031
52 6 7712
50 46 9065
62 54 9223
35 59 5113
67 75 5298
77 45 9441
77 32 9220
79 14 4391
9 72 1449
66 75 4460
11 27 8361
10 47 6234
26 29 7049
50 34 4381
62 36 9708
3 23 7188
29 72 5246
21 3 9325
51 2 6814
71 6 3660
27 59 3537
47 28 3755
6 31 5025
28 55 2657
6 45 7537
43 11 8416
57 79 6749
51 34 355
9 68 9306
10 22 8498
32 78 1983
22 3 6099
64 20 3282
10 17 746
36 31 4827
28 18 8906
30 59 3359
78 42 3965
63 16 3057
41 65 7751
78 11 5491
6 28 7058
63 75 8752
54 4 6633
25 79 1549
56 71 7440
48 9 9802
78 58 7946
79 78 8471
29 30 3450
68 33 7963
47 42 546
53 43 8374
19 80 1765
4 15 2214
29 25 262
26 16 8550
23 18 3603
15 74 2618
59 46 5854
74 7 8230
17 58 3604
57 13 2731
5 69 258
2 41 8781
29 66 8012
28 39 3886
74 39 7247
5 18 5084
59 23 7708
41 4 3416
49 13 2358
70 51 8913
49 70 377
20 4 2531
61 62 6355
63 4 8459
8 37 9298
66 26 9312
16 79 7898
56 26 9637
65 3 6749
61 14 7571
24 59 8764
79 2 2883
35 53 3308
57 69 3905
76 51 1436
13 4 7058
36 47 6744
32 48 3480
65 42 4876
24 70 6698
62 64 9023
57 53 3486
36 1 7082
77 76 7825
77 65 3892
76 20 8498
33 64 1766
68 17 3414
26 51 424
52 7 3725
57 48 5005
1 22 9629
69 4 7809
69 42 3314
56 65 5160
53 7 6097
32 79 3549
7 46 7817
50 73 3034
51 4 6452
76 42 3785
26 14 9220
10 4 4768
33 76 2364
43 71 1086
24 30 3140
8 32 3533
43 23 3037
71 78 325
36 52 8639
32 74 7464
73 55 1943
50 44 3897
19 63 5577
35 10 6770
61 64 1300
69 54 6267
2 38 9302
12 51 7537
16 6 5482
20 31 5141
26 39 2757
63 15 6879
38 49 8062
47 60 3563
79 11 6303
31 50 218
28 72 3876
38 57 369
31 16 1913
37 75 8402
16 74 6868
53 66 5273
78 67 4035
14 54 2225
15 35 2455
64 80 3506
71 35 3262
77 80 9975
15 27 289
27 75 1200
78 21 1850
17 23 3932
10 55 8635
54 11 1137
28 3 2001
2 80 9955
70 54 9713
54 60 2565
72 68 1778
50 67 5348
35 66 5848
60 29 6826
69 60 6910
57 29 7208
60 59 3417
25 63 1157
30 38 6311
55 29 9068
3 48 74
26 49 8381
30 45 7575
35 29 8953
72 33 6802
55 44 2669
16 60 7092
53 9 3114
1 55 7248
64 78 405
10 61 3274
27 60 8818
28 14 7805
43 25 345
50 65 7454
15 24 7854
17 40 6030
27 37 8523
1 64 4931
66 9 6598
80 17 5790
46 72 2628
8 28 5479
36 12 167
5 78 402
12 50 4787
52 20 2298
66 71 3568
44 11 4694
50 40 8201
68 12 7703
60 12 4545
62 30 4171
21 16 5125
32 67 3373
33 50 3955
57 21 8502
4 43 8236
58 42 7474
23 45 7951
21 55 9555
