40 625
34 5 1097
5 7 1129
40 3 130
13 36 1202
31 21 1184
17 26 1175
34 30 279
20 34 1975
12 11 294
18 28 791
20 2 1878
34 11 1543
31 12 1295
2 23 1092
27 4 1846
35 9 996
18 16 374
4 28 1127
26 28 2000
1 15 399
22 23 1891
13 19 1797
12 7 1707
35 34 784
33 37 872
6 21 310
4 24 1146
28 9 1091
24 40 1010
1 39 1595
29 13 1094
12 39 1101
34 8 307
14 16 1523
35 39 1544
32 27 1242
29 2 1586
14 26 335
20 28 1527
11 25 500
8 6 598
32 36 827
28 15 1016
24 1 1353
8 39 1284
32 40 333
34 29 1679
14 11 1403
19 14 1218
35 7 1409
31 36 1767
6 19 1848
16 21 60
13 37 1227
19 28 595
30 33 571
40 1 1013
29 33 1177
24 13 15
25 13 644
35 31 206
27 18 121
19 1 1814
26 18 1799
7 11 1147
9 1 218
24 6 1905
7 4 794
14 34 68
19 18 215
38 6 1793
4 37 660
10 29 1886
17 28 448
8 4 914
14 5 1687
2 24 1180
21 19 49
10 19 13
7 40 331
37 22 613
22 30 1149
9 40 1478
11 2 1784
30 6 268
8 5 437
23 20 20
3 11 931
24 17 268
20 26 750
39 25 1013
1 31 1028
19 23 230
25 38 1929
23 39 554
13 3 1622
20 16 70
6 18 261
27 1 628
8 22 861
8 32 493
12 4 394
31 15 1933
29 19 831
22 7 281
3 33 1588
10 15 1864
9 18 1016
16 37 537
38 39 1723
9 39 429
11 1 746
7 10 441
36 28 51
22 14 1639
16 4 1286
28 34 1488
23 40 1621
17 16 500
24 25 1890
6 32 1912
37 32 278
4 9 1209
39 19 1606
12 6 101
39 21 470
16 36 1458
40 8 94
15 22 1000
31 27 367
4 30 284
17 9 1527
10 5 1636
38 12 1403
12 36 216
9 11 584
26 2 93
15 18 1909
13 9 860
28 6 348
1 2 660
9 8 1979
31 4 1520
37 40 1163
18 13 1406
31 29 1914
34 33 299
16 5 1288
20 22 1853
36 15 743
26 38 628
30 32 1508
4 18 1383
6 20 1833
32 14 1954
38 33 797
33 5 577
32 12 1629
20 21 243
23 6 932
2 12 1684
40 27 1336
23 25 350
7 30 598
40 17 235
40 4 714
18 31 786
34 16 1485
9 5 1784
4 23 890
14 25 552
6 15 1569
12 33 869
2 9 649
30 36 538
30 29 1358
7 29 845
35 1 1915
37 29 1073
14 30 774
26 7 714
25 37 1436
18 5 1622
22 40 1342
21 33 989
32 15 40
33 35 1013
39 2 878
7 14 452
37 3 562
35 5 1482
2 4 367
17 2 1433
9 14 1938
23 3 84
36 37 607
23 28 414
37 38 1219
34 22 1547
17 27 1016
28 22 1280
19 36 1553
13 12 1813
36 38 85
35 38 303
21 22 18
23 24 609
32 4 383
13 28 1503
34 9 133
28 10 1525
6 9 915
3 17 1363
29 14 640
38 27 531
18 3 509
27 24 1310
8 33 595
7 21 1040
40 29 1207
1 17 623
6 4 1155
22 32 149
12 10 1362
6 29 781
24 10 133
14 17 1121
19 8 1780
17 32 1792
32 1 325
2 15 218
30 40 373
30 12 636
15 38 865
6 5 1697
17 30 888
5 37 1851
20 5 1021
19 27 797
40 39 441
10 35 721
31 26 207
21 12 1758
4 38 1699
28 31 3
20 38 298
18 38 1270
1 13 1270
13 21 1869
17 15 205
21 25 804
23 33 698
21 3 1568
24 9 1189
25 6 247
25 27 1670
35 19 803
5 27 1352
16 1 196
25 28 1302
39 31 2000
1 38 384
39 3 1525
33 4 1683
34 6 129
25 26 1218
32 7 1496
25 18 1648
33 16 359
18 30 1191
28 7 1267
1 34 1286
13 5 491
30 8 659
40 34 1189
31 25 1431
20 37 40
31 34 1224
39 27 376
35 3 1327
31 20 534
36 25 1674
22 33 1012
24 7 1562
35 25 1782
6 35 945
2 38 407
3 5 153
27 28 1510
3 34 1932
24 28 1180
15 11 1529
30 21 1418
24 5 816
17 7 199
24 18 1635
9 37 1593
6 31 1685
1 30 84
33 36 1034
29 3 210
31 7 663
14 39 670
11 33 63
40 5 161
10 36 1994
33 10 1242
11 20 671
8 2 1669
21 23 479
26 36 1819
1 3 416
37 30 1490
29 26 1799
18 36 1162
27 36 1112
7 16 950
40 10 1497
24 21 987
11 22 182
25 29 772
30 19 29
32 31 494
8 17 704
30 9 974
12 5 124
6 27 1071
9 23 49
29 18 1651
12 20 1405
28 30 871
11 39 426
20 36 534
28 35 322
37 11 63
2 6 193
6 39 180
16 32 175
5 4 1150
7 39 695
33 1 1020
24 39 1156
13 7 1685
35 11 1326
19 38 560
22 36 452
13 11 568
8 21 1852
12 22 510
22 29 467
35 15 1409
31 2 36
5 21 1771
26 39 397
17 13 1120
5 23 295
38 34 1511
31 14 516
32 13 1764
27 37 308
6 33 551
19 26 54
39 4 302
38 5 619
33 31 747
25 17 122
37 39 951
11 19 228
27 10 1066
1 28 828
15 14 502
20 35 368
31 10 1961
19 2 716
19 12 993
36 35 381
37 1 64
33 9 927
8 28 702
20 39 98
38 9 487
19 31 1876
14 1 443
29 35 788
25 40 1291
23 8 1397
12 26 1561
1 12 576
38 16 1310
12 24 1801
16 3 1021
2 35 1474
13 10 1204
24 3 1727
18 35 246
16 27 508
19 7 758
4 14 841
14 27 912
28 39 346
26 4 1635
32 25 1979
38 11 616
28 16 217
28 12 848
15 25 39
31 23 249
22 25 170
18 14 135
24 35 934
17 6 983
4 10 1278
3 31 187
32 10 981
32 2 666
21 26 135
18 40 292
25 20 1505
19 24 1600
10 26 408
25 7 1321
25 34 664
15 23 481
29 5 129
3 28 1913
40 35 499
21 37 409
16 19 1986
13 39 615
15 20 659
12 35 458
21 10 224
33 19 1643
20 27 922
8 15 667
37 12 1573
13 33 734
17 35 1011
8 18 1664
32 11 844
21 40 483
21 32 571
3 4 637
22 13 858
32 24 228
29 20 314
8 29 1133
19 22 1442
38 10 1505
30 24 794
10 25 140
18 37 220
17 4 1380
29 4 559
7 1 1684
10 2 1960
11 17 111
26 34 408
38 24 349
24 15 1586
2 3 666
12 14 1881
30 3 236
29 9 433
40 26 757
17 34 87
36 6 136
29 39 1967
25 1 1201
5 31 558
1 29 894
8 26 969
15 21 30
26 30 1328
6 14 1238
17 23 520
11 36 379
9 27 1325
1 22 727
7 34 54
20 19 1619
25 16 831
14 28 1971
27 26 1236
27 3 1829
32 19 517
39 34 1093
40 33 1269
11 10 1580
19 5 83
23 16 1459
19 3 1220
38 40 1206
22 6 1346
24 20 1130
7 8 325
10 22 1655
2 28 1974
40 15 1620
10 30 887
28 40 1768
11 27 489
9 25 1609
26 5 439
38 13 804
40 19 1339
13 2 297
4 19 1694
23 12 1743
3 12 232
1 18 1029
29 28 1855
32 28 1547
8 37 231
36 1 1434
11 31 1785
37 24 1883
18 17 1179
40 31 759
13 26 1732
15 33 1449
31 24 56
12 9 1947
30 27 631
8 31 1770
40 14 1387
25 5 1535
31 22 1357
8 20 1514
24 29 893
14 38 505
27 8 1639
16 31 552
38 28 1931
23 7 1294
19 9 136
26 6 1095
3 25 1996
37 26 553
10 37 1595
26 33 845
22 39 1
21 4 230
22 2 610
21 27 255
24 33 467
38 30 795
7 27 898
27 22 1307
37 28 1466
25 4 1126
21 17 1748
40 12 440
21 28 1432
33 17 186
3 20 1150
28 33 778
26 16 549
22 35 349
23 13 940
36 3 416
1 6 396
14 24 1435
15 34 1578
12 8 410
9 20 192
7 37 1188
35 4 1865
20 14 852
25 19 467
10 16 1885
34 27 769
32 29 28
30 31 1301
19 17 216
15 16 874
14 13 1319
8 38 1715
2 34 429
18 39 479
17 36 1267
32 18 1115
7 20 1279
8 24 1861
15 39 1429
35 16 1730
9 3 1046
30 35 1236
7 2 1988
38 22 573
6 11 1817
21 35 1554
12 25 1587
2 27 1427
5 2 958
24 26 161
22 4 80
29 16 293
19 34 1387
8 14 726
14 21 1654
13 31 1504
2 33 235
28 11 1259
17 39 267
32 9 1044
20 17 1698
6 16 796
11 21 925
22 17 249
40 36 1661
15 30 317
18 12 639
39 32 1819
5 30 520
10 18 513
39 33 1361
29 23 570
38 31 1223
32 34 717
31 17 369
7 6 780
15 9 1010
13 6 1244
36 14 244
