100 4000
64 43 841
21 6 1985
59 8 4460
17 10 3462
59 60 9780
87 54 7323
89 69 4854
93 4 20
58 48 1786
34 5 6650
31 57 6890
57 52 6579
32 62 5808
93 70 1276
12 40 3305
15 48 6532
86 25 7053
98 99 3859
12 86 3047
74 49 1990
39 14 8140
71 91 7208
13 26 8076
64 87 3765
75 9 8001
1 23 1098
42 23 2369
69 35 6001
38 19 3053
33 64 3511
43 40 3899
7 11 3123
28 81 7684
23 2 5207
9 50 2874
25 52 9258
35 74 3570
35 87 9033
56 21 2023
94 100 2781
18 26 9863
84 96 7868
26 70 7195
16 59 1142
4 73 8781
42 36 7629
41 72 9067
98 41 3640
85 25 3630
75 66 4218
60 63 9239
32 96 2284
13 36 8783
73 1 5841
98 80 6487
35 42 7367
37 77 2581
46 17 1934
15 49 410
53 56 6715
53 37 2724
37 86 1518
7 51 868
89 83 3508
62 48 2368
94 89 5783
29 23 737
32 90 5477
76 34 6460
87 15 1431
37 90 2359
60 1 2059
1 99 956
70 52 1909
73 17 4148
68 85 8652
49 50 1994
26 97 4019
46 30 8349
88 11 609
48 56 2123
51 19 4649
29 57 4666
96 67 880
31 28 1832
20 59 2793
15 97 4285
54 78 7692
24 92 7204
45 55 4505
18 23 1334
5 84 1195
84 22 6941
13 7 954
38 54 1307
32 54 462
60 46 4561
72 45 2226
3 71 8472
56 60 4761
56 32 4038
95 46 2038
62 57 6817
16 18 5496
42 29 9678
59 17 1014
3 81 1548
74 75 7737
29 18 3496
92 55 8685
15 54 669
27 23 2721
5 97 5890
87 23 6861
7 43 8692
22 32 5264
11 98 7883
99 28 9537
61 4 6985
6 54 2459
82 22 5724
50 78 6997
96 71 7815
60 44 2580
100 28 1118
31 16 8704
84 57 2034
57 48 6482
76 47 9371
79 21 9256
90 59 8259
20 82 6650
45 17 5104
49 44 6940
40 27 4806
61 6 2907
9 98 4732
24 67 6561
41 78 5913
30 93 5988
53 10 1591
47 94 1531
56 11 5964
22 34 9225
56 5 192
93 77 7948
4 33 3271
10 88 6347
27 80 2911
37 1 4306
58 52 1633
98 83 4714
28 44 6596
16 47 2671
3 32 3767
79 88 4155
72 95 8649
63 27 2716
46 64 2408
67 97 4053
34 51 4595
20 87 2521
66 30 7362
36 9 3834
29 35 1680
43 20 2545
15 58 9285
85 81 4532
49 29 5523
73 41 1688
26 98 3461
12 90 1563
55 31 9361
23 11 6827
3 70 9391
71 37 1383
71 79 7904
8 12 9752
66 62 4438
39 75 7179
21 40 351
22 16 7901
97 73 2331
21 46 1241
4 64 9579
32 94 7796
22 39 9806
65 55 4193
14 52 7048
51 53 2590
89 76 7157
65 17 3717
30 4 5456
77 54 4182
62 80 4261
24 37 1793
50 5 8824
93 100 3623
79 12 9652
7 9 3098
67 43 5233
75 68 3055
25 19 5241
46 99 1273
75 55 13
3 22 9145
45 63 1003
19 8 7457
85 11 2372
98 93 3917
76 18 4290
43 3 7144
61 100 4616
88 92 4755
18 85 3056
21 39 2158
73 89 1296
90 6 1730
14 87 9552
4 91 2447
44 31 5156
49 1 5767
59 76 7790
47 35 7843
95 75 201
91 30 9084
6 40 812
25 1 1006
85 10 7607
62 42 3126
30 69 380
98 14 4019
29 2 8106
40 20 7985
68 57 80
12 53 9707
91 92 9957
1 97 18
77 8 8239
17 87 3829
70 38 2842
57 83 9423
63 28 5974
92 56 136
26 65 2817
79 16 5992
64 12 5801
59 38 8652
22 27 8506
48 45 4114
97 90 9169
24 29 9930
2 9 5875
39 2 7615
50 35 920
90 75 2953
51 32 2498
86 56 4668
5 64 2806
97 69 1833
81 15 8460
77 92 1228
100 85 2897
60 52 5821
42 60 6736
54 11 7789
20 50 1657
99 39 2120
67 23 1704
20 81 2979
33 11 3720
62 82 2808
16 44 4471
67 3 6344
75 32 5736
98 75 3751
31 69 84
78 33 4637
66 50 3540
42 40 2090
10 41 2472
23 16 9836
64 88 4967
62 74 5230
65 80 9460
32 66 6050
16 20 9852
9 31 88
58 8 4515
48 64 3570
43 71 4209
84 17 4701
91 51 4655
30 35 5517
92 67 4628
81 19 8282
73 47 4
9 93 7649
39 56 2200
94 11 7167
99 83 3512
28 50 7754
5 22 1018
87 40 9564
42 43 5561
2 77 5357
45 70 8504
93 21 6194
37 39 7092
3 5 7102
28 36 4967
78 36 4511
52 19 8289
32 1 6711
35 38 5674
17 71 6638
44 21 2351
31 29 937
68 29 1206
3 9 3674
64 66 8471
54 46 1385
44 66 8299
16 3 8786
40 81 4119
68 18 5469
46 74 5578
61 18 5290
63 90 6922
99 36 6161
27 59 6355
72 88 1525
9 22 6184
49 22 6266
63 56 9398
42 1 7665
95 12 5438
25 50 6099
20 77 3578
89 15 8593
54 35 5323
61 19 3691
4 37 2605
27 15 452
54 27 1292
86 36 6314
46 97 3054
73 2 9050
41 6 9583
37 18 4080
14 61 9660
55 11 989
35 6 1751
34 8 7430
98 90 688
28 96 3668
65 83 2724
88 16 5859
73 75 360
33 9 7003
36 76 4023
91 96 5446
8 68 4156
67 94 5906
42 37 2243
93 36 7134
59 97 1449
79 19 9640
49 12 9841
17 64 3145
25 26 6643
75 77 746
39 86 1413
100 74 820
42 32 2343
86 30 1148
88 23 5137
17 61 9697
26 51 195
16 35 813
72 57 9942
14 40 6976
79 8 9322
38 51 9698
62 72 6199
4 86 4093
22 93 9560
37 16 9523
25 39 4091
84 60 5149
9 91 3984
21 60 661
88 98 2900
9 20 9954
31 38 4521
56 6 7721
56 79 2402
9 55 1250
42 85 2263
26 58 5839
95 31 328
10 29 6633
23 96 2610
49 52 6323
51 86 8635
78 45 9566
90 17 4320
22 30 5900
33 61 4269
8 91 4050
27 43 5944
18 63 2571
4 8 8405
47 39 8098
52 76 4451
61 94 7328
96 26 2264
63 71 815
45 66 3166
22 11 6428
77 68 8874
40 5 1201
45 82 5413
26 66 248
5 19 7201
70 44 3649
82 51 4323
77 44 4854
4 50 4413
46 49 298
51 3 8374
66 55 7671
62 96 2059
53 99 2885
58 1 4657
66 69 1176
45 65 9959
93 6 2793
45 36 1331
11 70 2620
100 99 3070
22 88 5781
80 4 61
75 64 3702
89 74 6490
7 12 3898
84 75 6385
16 2 4901
26 74 9385
64 76 6377
58 94 1051
100 89 7749
40 31 3533
2 59 673
77 76 2583
49 36 1227
85 58 1630
73 12 4815
15 55 8427
78 56 3736
94 7 5209
92 49 2159
81 34 5161
87 31 9098
34 28 6716
80 78 4928
13 35 8561
46 39 4244
49 54 2764
52 28 5465
36 72 6804
36 71 8754
94 53 8104
50 54 6593
95 5 2585
35 66 8895
24 9 2654
50 27 4798
25 69 5935
14 65 3811
39 85 4084
41 5 3353
40 51 1500
41 66 5131
84 7 343
49 5 5452
76 51 3350
89 5 892
78 73 5332
48 69 8217
75 8 9133
8 24 6348
96 43 6014
82 96 7184
79 99 9613
8 18 3331
73 66 5136
63 47 4921
52 4 3600
94 81 9379
77 62 5262
20 74 9432
83 27 4533
2 89 875
99 71 4132
91 33 506
10 28 2012
91 98 6710
17 3 3660
26 91 7014
84 31 3974
26 38 7304
52 99 8647
61 51 327
69 20 1190
16 87 1199
25 94 2564
18 47 4771
77 24 8157
28 93 8034
35 41 1071
20 10 1117
10 14 2454
79 30 5288
69 40 27
92 95 6415
36 2 6351
36 58 140
63 58 5989
25 33 6873
19 4 6600
76 4 4871
75 71 9989
65 68 9197
51 2 3019
24 23 1611
56 40 9998
62 55 5100
43 28 3491
91 36 8135
84 64 8203
21 70 7394
34 78 84
81 38 9716
35 83 9351
95 70 5656
17 50 3181
8 76 988
25 99 1471
77 58 5134
93 8 3277
64 41 5194
63 81 8023
93 75 6058
74 78 5993
29 79 6658
23 5 8282
1 47 3406
46 81 8027
47 13 2940
17 77 7194
53 80 1396
57 88 5928
31 35 6782
10 100 3498
55 85 1317
50 16 2372
87 56 2359
30 48 8961
39 19 7513
59 28 1199
61 67 2588
100 1 372
52 86 5585
30 18 1030
10 26 369
99 35 2598
69 68 3295
14 42 5224
40 17 4345
50 96 3141
12 70 6908
97 53 2312
82 24 4598
4 57 7891
48 75 553
27 89 3019
48 49 8233
96 98 200
85 7 7496
74 77 7750
9 39 5340
41 54 5134
54 22 3737
100 46 8225
99 15 6636
51 93 2782
82 10 7633
91 100 2436
88 17 7118
25 92 1754
53 70 6057
24 13 6251
99 21 1011
6 34 5019
78 93 4747
40 85 8698
98 74 6928
41 65 1398
50 43 2994
35 73 468
57 26 4638
85 74 8850
54 99 7623
77 66 8577
74 32 7625
52 74 7423
55 69 6970
53 43 710
60 14 3584
47 30 9316
98 65 7480
76 81 8503
40 73 7860
17 100 1191
36 48 1427
34 49 2787
29 85 2145
77 48 9629
49 80 9867
58 56 8952
96 89 139
73 33 5222
33 72 4037
47 24 6640
26 17 3719
41 49 6319
70 91 2065
55 84 4217
26 48 3300
59 95 8750
34 45 9336
43 35 9603
89 78 9830
99 88 7105
58 100 2013
62 26 259
45 31 6196
77 35 8411
30 65 2480
44 84 6843
16 61 9005
59 29 5443
72 16 49
42 80 2081
25 34 2892
44 98 1401
48 5 2325
44 18 1416
75 37 2111
93 31 729
6 48 2530
92 43 6044
83 82 3971
88 24 3370
30 3 6484
38 50 2667
54 53 7471
13 5 5216
86 94 2296
37 70 1385
52 96 8764
87 57 4255
66 59 4161
37 82 7498
74 79 6144
45 10 4332
42 84 2675
56 29 455
52 51 8590
34 36 6110
73 72 3129
55 95 793
19 27 7358
41 81 9409
48 92 8435
1 86 6502
80 54 8463
76 14 223
27 30 5194
63 26 2138
9 86 7074
37 78 821
71 85 84
76 25 9250
30 20 8013
6 69 1747
5 69 3367
6 22 296
64 52 5935
36 77 8576
69 47 7191
78 31 3132
31 77 4356
61 76 3748
85 36 8960
45 68 958
85 97 809
85 86 5654
70 32 9828
58 27 6438
81 65 9907
83 14 15
38 33 572
94 73 9804
50 62 7774
21 96 5490
7 19 2682
55 36 3736
45 6 2946
4 2 3513
35 17 909
15 17 460
99 72 6413
53 57 2407
59 86 6243
94 59 4958
4 65 3029
62 38 7581
92 79 9504
41 95 9932
2 90 4980
40 39 6774
51 33 1011
57 86 1905
71 10 1076
86 27 2578
40 41 2362
87 82 2829
99 57 8150
77 12 993
26 27 4118
95 60 4769
100 73 3306
41 90 6017
91 62 3494
37 92 9570
66 80 7984
73 65 3647
7 55 3795
88 77 2191
90 21 9708
20 92 3301
72 50 9846
99 50 2258
49 91 2354
4 29 4968
58 10 2185
56 55 8814
44 42 9950
65 58 3416
54 96 5614
64 22 4634
85 30 4512
74 2 4367
20 21 1604
93 47 1977
56 24 1550
41 60 5115
83 40 2049
18 3 3138
13 4 8821
64 77 9959
78 16 4542
41 74 2992
58 97 272
80 21 1385
1 45 5502
44 56 2183
68 39 9168
91 42 1615
72 7 4370
11 44 514
77 57 7404
22 36 9090
27 71 4432
56 89 4358
82 40 5944
6 19 9282
37 12 3285
6 76 6599
11 3 4190
81 58 4974
32 17 8368
96 65 1065
1 31 8829
70 8 9021
34 77 9944
85 22 2300
66 72 875
75 88 17
7 48 9151
54 25 9363
19 78 6036
44 19 4374
7 14 7821
75 81 5552
86 68 5886
49 43 4041
20 31 9254
85 45 8826
7 50 9011
12 65 9044
67 38 7898
28 68 9826
30 100 7947
42 26 2899
80 43 3478
42 73 1439
56 47 47
6 3 5979
70 67 2636
98 22 9839
14 3 422
91 86 1848
97 95 5502
35 62 146
99 27 172
20 45 5782
90 31 7168
9 87 9247
31 66 6977
8 14 7041
56 33 3669
85 13 4140
65 92 6106
34 72 2181
53 64 271
82 75 1265
81 53 763
16 73 8851
44 40 3757
23 95 5491
76 62 9055
13 80 1383
58 22 8606
24 57 2729
76 71 8485
55 77 6277
98 54 9497
86 32 7571
85 37 135
34 40 6316
10 15 5203
70 58 796
83 84 7982
12 23 865
55 37 797
5 37 1816
44 5 7569
7 82 4666
37 98 2932
25 21 5470
49 16 5611
85 64 1122
21 35 9657
29 87 5380
4 100 3555
32 93 5128
2 24 4751
89 37 9727
46 69 2747
48 25 7979
56 54 6889
85 38 4375
33 13 272
30 7 361
41 99 9346
71 23 635
81 52 1557
22 51 2491
94 72 9285
83 48 7274
69 27 5213
5 16 1011
40 26 2443
80 3 4973
14 67 895
97 81 3716
44 41 7600
36 12 3008
72 74 9153
8 73 2814
22 69 8060
76 30 5381
15 24 747
51 55 8845
89 29 5217
4 20 7818
5 46 2685
45 88 1600
34 87 9118
53 6 8046
99 17 7270
88 44 2321
87 8 4815
97 23 4134
78 65 6455
79 24 2443
32 26 4564
13 62 6603
59 37 808
76 86 2552
69 54 5345
34 57 8199
86 54 1079
13 45 4495
34 66 8720
9 42 5554
3 91 3450
48 95 7614
21 18 2955
30 98 3133
15 18 2668
86 24 6340
81 96 9893
89 51 1694
88 25 2292
8 32 4175
86 20 1014
47 19 9881
99 49 4476
97 12 5558
37 26 5415
8 44 3909
44 24 9071
16 84 436
3 72 142
44 3 6933
83 20 9159
8 98 5992
61 85 7649
45 67 3088
85 46 5780
74 3 6622
34 2 6322
50 45 4347
62 20 4654
15 4 3692
60 67 613
7 2 3244
38 15 6379
87 92 8994
34 97 7898
26 60 4968
97 87 2349
56 93 483
69 71 3904
32 87 642
40 46 314
96 95 8588
77 16 5392
16 68 1716
28 87 3090
7 87 6925
20 24 8314
57 93 3288
85 19 586
96 2 948
37 65 8062
71 15 5309
83 100 9907
99 38 9373
48 68 2627
1 57 729
92 2 7440
82 90 8788
83 37 1997
2 54 3765
62 70 6251
76 79 136
96 63 2821
87 58 5958
70 29 1706
72 82 4104
50 12 5391
72 13 204
28 83 5814
53 26 6673
71 22 8749
20 19 3613
55 48 376
60 4 9652
75 83 8992
59 85 3443
5 39 5734
26 3 6421
95 24 6430
41 100 3248
75 89 4275
42 89 9820
41 48 9931
32 63 8896
30 58 8047
61 8 5923
27 5 9447
56 82 2207
77 53 6031
90 29 4439
93 86 7881
38 16 2836
52 92 9046
25 53 6044
9 63 7166
37 74 641
15 2 8920
58 82 9102
48 94 2968
82 68 9059
99 33 1418
96 87 3163
32 89 9956
24 49 7260
57 33 7707
38 93 3209
71 32 2615
67 62 9546
91 61 7375
79 83 9577
69 51 4373
29 48 7811
1 14 4933
91 21 9375
61 71 394
51 15 5794
88 71 9145
91 56 5178
75 38 427
76 45 4185
1 62 7013
88 42 1447
98 62 3863
47 90 7528
15 1 9529
39 87 4399
64 25 5747
14 12 5450
72 28 2603
100 79 9637
54 75 1197
61 5 6394
88 5 6604
62 5 1437
4 92 7610
19 28 1544
89 48 720
97 86 4346
31 10 9826
91 45 470
40 65 6324
79 70 2631
69 49 5028
36 83 3549
61 46 4686
78 5 5508
81 67 4348
19 12 3279
86 6 4242
11 75 875
66 78 7081
66 52 8669
79 68 9503
29 75 8121
92 22 9868
6 50 1718
18 33 6279
29 30 6783
12 27 7522
16 99 5867
72 59 1306
72 87 6602
95 64 2582
20 33 8415
90 45 2376
59 24 6907
77 9 8670
75 31 9480
37 2 4789
38 6 3871
96 74 3230
25 43 5393
55 42 3167
20 78 4406
78 94 8
86 58 272
6 95 690
13 69 3664
85 84 9648
40 37 8035
41 68 1557
71 73 7956
47 54 613
35 57 3563
79 69 939
73 14 399
78 7 4170
45 73 2698
32 82 3473
84 98 3385
1 34 9365
36 84 3374
37 11 8491
38 21 5255
26 11 2454
5 67 6117
32 7 9075
32 19 5357
35 80 2008
17 9 7736
60 50 6179
22 42 9701
39 18 7097
25 40 5384
26 85 8654
71 11 5761
53 30 4320
41 4 3622
4 68 7400
40 9 9171
81 43 7207
41 50 6061
99 80 9694
86 14 3045
34 91 6404
47 48 6007
73 67 2380
1 70 8377
19 30 2487
51 13 9837
24 7 6577
17 96 402
26 23 3759
52 84 3241
86 82 1193
28 32 3482
74 9 7731
64 15 3892
73 25 5873
2 25 4948
65 24 7847
1 24 5613
94 19 1362
99 14 646
72 49 9619
98 55 7545
43 21 8958
49 13 837
99 8 8574
55 82 3051
77 61 6190
92 13 4360
18 60 5962
87 78 5811
92 38 8874
12 34 2316
49 85 5059
17 36 4629
93 26 4249
78 100 2067
28 14 1741
1 4 8256
86 35 3488
59 1 2737
53 100 6404
71 25 7011
79 52 6645
98 87 7007
22 79 6408
22 13 2597
40 61 5577
92 96 7843
80 75 9175
94 35 9624
7 75 9738
43 26 5841
74 48 6054
96 64 3964
27 84 1649
57 79 170
58 17 5708
10 97 5305
27 32 7752
79 93 3807
52 100 8049
27 37 4712
80 7 1954
11 80 8905
75 57 2743
74 43 1186
88 89 5848
29 55 737
34 82 990
70 86 98
13 52 645
43 46 2306
12 17 8605
55 63 7730
91 13 7816
98 52 6345
3 61 586
13 73 6048
78 10 2997
5 55 1739
22 75 4271
7 18 7135
90 39 4742
38 98 9088
61 26 4380
7 22 2380
34 14 3820
93 62 5478
19 62 9183
6 32 5601
84 86 3426
21 45 5651
95 54 2528
44 97 6770
24 45 4724
34 75 4131
61 41 5946
16 91 5454
5 9 7443
91 10 3837
82 12 7441
65 64 9273
92 8 9322
83 78 2438
91 47 1417
58 54 200
89 98 3479
32 41 248
27 76 2656
58 7 4290
62 27 5378
2 44 3120
54 19 4739
55 60 3023
12 46 1897
13 38 1586
75 70 7668
15 43 2424
72 18 4684
60 20 9641
31 74 6092
16 83 2907
13 86 8075
32 4 1218
2 65 4170
17 25 5000
5 54 3966
68 91 1405
71 84 7551
7 92 6236
77 86 4720
22 61 4446
28 62 3178
54 71 4567
64 20 6841
26 47 1949
66 33 1431
69 16 7775
16 26 6407
85 4 4312
46 52 8113
24 51 1441
83 19 4911
25 23 8874
9 52 8062
60 40 4763
72 32 5071
37 57 2225
41 97 1128
96 27 3729
95 68 8531
64 1 1223
77 33 6358
21 23 9669
26 79 5411
43 61 2060
77 46 2708
37 47 3297
75 62 6387
93 66 8499
38 25 3517
10 62 3468
92 28 321
89 71 9400
74 94 8641
80 82 1902
98 70 1474
99 84 908
51 70 4514
68 7 720
29 50 6661
60 16 8495
88 34 7826
45 26 1343
17 41 2748
86 81 9656
60 81 8302
36 25 6744
79 2 3086
96 93 4669
66 18 538
38 76 7802
96 44 3427
85 50 9721
37 63 4580
53 35 106
11 41 922
59 13 4512
87 63 3672
28 24 6032
58 53 3177
78 79 7221
98 5 3022
94 84 8498
100 90 3077
86 63 2636
10 57 619
34 18 3147
84 73 5206
11 99 4402
84 24 2613
36 16 2238
79 48 7741
69 34 7160
59 34 1785
56 9 814
82 84 7309
66 10 7043
75 14 1611
56 19 7703
96 42 1938
16 96 2258
28 16 6184
79 96 8209
81 30 7174
95 14 995
7 39 4421
69 56 6940
80 18 4311
1 21 4054
62 22 5701
36 74 6801
87 94 6022
58 88 7879
91 38 3586
32 98 100
52 2 5097
50 22 7543
50 70 1980
86 11 1241
84 39 5968
62 71 8698
44 6 494
12 62 2752
54 62 490
45 96 9168
66 5 8720
91 39 5440
25 22 3123
56 1 5403
37 61 3657
37 41 831
50 47 2818
69 37 7084
69 83 4956
37 49 4419
95 52 5033
55 86 2877
33 58 360
10 48 995
80 37 4721
66 54 8050
5 86 8392
93 20 3152
61 31 7457
73 32 9043
52 12 1536
78 26 8149
98 17 8124
53 96 348
1 13 3691
74 82 2185
12 85 404
100 88 3781
25 51 5657
9 15 1973
60 19 3822
50 91 6294
59 80 7062
1 29 6166
58 46 3294
59 78 8114
72 67 3025
42 65 3793
74 97 5785
64 71 6433
37 79 9735
93 52 297
31 7 5959
14 48 5541
81 16 930
46 44 382
20 67 8432
54 40 8001
62 100 2657
90 30 1386
10 74 8801
10 9 106
95 69 4633
72 51 3222
73 6 9842
78 1 3798
89 82 3272
63 69 4906
29 11 1184
79 95 6966
33 46 4336
91 77 5819
27 81 966
10 4 5041
41 20 5397
92 45 1986
54 60 6059
82 66 4698
59 53 5027
79 44 9170
25 3 1615
91 74 5769
73 64 7478
71 38 2631
39 64 3521
9 13 987
81 47 2639
11 24 7523
15 53 7599
75 92 4545
30 74 565
66 97 5351
21 66 3503
18 48 6170
87 70 3710
87 44 2693
76 24 8533
9 54 2324
76 37 7821
80 47 7269
40 50 9883
60 13 9463
31 46 2026
5 71 3205
14 33 3696
23 58 3224
18 14 9599
31 86 7976
66 88 8984
14 91 4622
21 3 7163
33 60 655
34 27 5137
89 72 9455
29 33 1268
60 97 8449
89 87 4441
61 62 1075
3 90 529
42 13 6492
63 48 4393
4 16 8323
34 95 7836
33 32 830
68 90 9158
1 22 5732
11 62 7609
69 59 5045
58 9 9303
34 20 2203
42 15 3429
13 32 142
72 24 4075
40 7 7539
55 70 4297
82 67 2529
61 32 4917
82 52 3121
19 21 3573
74 13 1169
80 5 3564
67 59 519
6 4 163
71 26 1365
61 86 5357
46 56 5174
41 9 4723
24 21 3999
62 86 5555
28 73 594
42 11 9931
18 73 8229
36 39 8631
56 30 6096
58 43 1715
68 17 7487
85 31 407
66 91 9023
72 77 8792
53 98 2289
52 53 8426
55 100 6482
38 1 6036
46 14 7517
51 71 1179
67 84 4060
29 54 4682
30 78 3078
95 78 331
28 84 1235
85 96 5895
47 88 5088
26 59 2831
80 96 7133
35 25 8728
44 34 2466
70 85 8132
19 49 8795
88 35 2385
52 20 5701
9 43 8348
5 20 1703
63 21 8738
91 18 7412
66 43 6921
22 83 6462
73 59 1367
48 40 839
71 13 628
52 40 4497
56 67 3168
41 27 1591
43 94 1245
94 66 1168
50 88 3106
26 22 4530
67 77 3493
83 4 7218
82 5 918
49 31 5030
39 41 5446
88 95 3940
13 40 5134
96 75 5981
30 31 4595
54 97 9875
66 19 4129
97 21 4488
62 56 7156
81 25 5465
62 92 538
65 97 3290
90 54 6811
72 31 8774
52 65 9013
68 58 1907
15 30 7551
10 69 6501
4 9 5627
83 26 1578
43 57 8969
18 58 1309
6 17 1602
46 93 9700
42 79 4096
52 55 866
1 6 9812
29 58 4862
96 60 3071
54 10 520
67 69 7902
19 48 465
32 16 1554
41 23 7540
4 40 4309
49 67 8696
51 68 9125
88 94 4505
81 74 5754
26 30 4292
38 24 6685
77 30 6080
72 69 7935
46 84 7075
65 20 5440
75 36 1603
65 53 1564
51 80 654
26 86 7207
70 82 8316
31 63 5042
87 52 6855
59 46 7482
2 31 6427
51 50 6328
45 25 2134
54 70 6061
64 37 310
17 2 3946
65 100 58
15 100 7567
100 11 2584
49 23 3544
3 98 673
4 5 9211
22 80 4449
20 66 7485
65 57 1226
4 69 1950
96 88 2613
100 56 8164
13 100 1455
72 23 9231
21 41 810
88 4 5122
49 64 3587
91 94 7565
3 49 1107
36 20 3190
15 23 8315
29 61 3752
62 59 798
19 37 3253
100 54 6039
70 4 2342
20 38 3550
64 7 5850
22 46 5047
30 16 7597
24 62 5389
90 76 2158
19 96 4954
57 98 2435
92 89 209
60 38 176
4 23 8283
52 97 1620
94 45 4478
65 6 4874
41 22 9715
39 97 5152
27 82 2224
98 79 5081
32 55 6570
57 28 9149
52 34 3847
48 44 4599
4 53 9524
72 9 8217
31 34 6028
75 1 9423
10 81 5451
55 87 3441
6 63 6010
73 91 1030
57 39 9432
76 84 9283
51 63 5595
88 48 1419
67 98 6250
61 75 1823
44 58 3261
64 18 5891
97 29 2424
76 97 61
66 61 4351
29 47 9334
53 13 6021
77 21 8180
74 64 3663
55 4 1955
26 94 3501
63 59 4548
13 81 5714
2 84 3094
31 23 7479
61 95 4670
67 12 6810
30 6 8670
84 43 4588
38 45 6640
94 62 8039
97 47 9462
1 69 6218
57 82 4691
80 61 9763
23 59 5648
85 67 694
83 44 2571
81 77 5804
92 35 8929
22 67 2024
93 58 5860
51 35 9407
67 42 6321
26 46 5975
37 29 7888
85 47 3315
36 67 4669
87 81 1275
65 61 6666
3 88 1382
97 32 4815
25 7 7185
35 23 1233
26 31 8375
91 95 7483
87 11 2134
76 72 4145
95 32 6948
76 100 9242
81 89 8985
79 41 161
29 38 3072
34 54 7343
26 75 9489
88 76 440
53 73 9000
13 17 7667
57 85 5241
16 8 336
30 33 7712
49 60 4689
1 83 9913
81 98 3041
23 82 8349
51 83 5967
56 18 2862
77 32 4033
69 76 7247
85 54 6522
80 68 6031
44 51 9182
13 76 3638
58 41 6051
100 95 1821
74 61 1601
68 100 7794
71 44 2637
59 87 9951
72 15 5309
95 33 4726
48 16 1533
65 62 9286
11 60 9963
56 23 5847
41 92 6757
56 77 8819
29 15 3557
17 24 8584
88 15 7965
29 94 1809
68 44 3878
2 57 6031
61 50 6550
73 82 7444
62 7 7124
61 88 588
61 70 6953
4 49 6337
15 56 4135
12 33 6306
15 95 2591
7 91 9511
45 12 8774
27 20 7787
59 75 1547
41 84 8167
75 25 794
76 7 5528
99 5 8842
55 80 9212
39 30 8223
90 8 6495
82 59 4887
78 43 19
25 28 2596
59 47 1694
72 68 1279
69 78 5702
19 77 7619
22 14 1474
80 83 8263
45 15 6545
76 2 521
20 57 2908
8 15 5924
2 72 8369
18 99 1814
32 35 6522
7 34 9205
68 24 3242
27 98 909
88 91 2056
29 5 2104
82 95 395
29 83 3667
89 99 3846
1 98 5963
80 85 1424
79 51 9965
89 97 3312
14 77 310
58 32 6263
98 63 1986
37 7 3719
14 45 6702
32 25 5974
92 32 4220
56 35 5605
99 59 670
23 74 4154
89 9 7693
27 47 957
52 42 7319
69 87 2207
2 5 7022
19 10 1981
76 96 6564
5 65 971
60 91 6279
38 2 9303
47 53 6144
23 45 9806
13 64 1272
35 39 8048
26 52 5466
15 5 3696
92 53 699
46 72 5497
77 27 9643
48 54 4352
14 89 1893
37 35 6811
1 33 3752
22 15 7228
41 63 9744
9 35 1320
99 70 2317
43 88 1515
70 13 2260
47 82 2818
58 47 3658
72 37 4048
9 12 7792
65 28 1855
40 94 1952
50 59 6921
71 66 5265
48 76 2425
77 29 9229
12 3 2422
84 33 2703
45 99 7273
95 56 6978
52 47 6795
90 25 9180
60 98 9587
65 85 2993
16 6 8069
47 25 4316
3 2 2126
11 72 5310
6 18 6109
85 33 2365
63 94 8613
16 70 2890
92 6 2845
68 30 6793
47 28 3149
1 41 1700
42 90 227
44 43 6586
7 8 1444
63 12 5971
35 28 6892
93 91 8275
10 59 6425
63 53 7167
35 40 6043
8 23 1551
28 42 6542
20 12 8773
23 84 9989
84 53 2339
92 39 4605
85 5 8602
2 98 5974
71 82 3478
78 70 2036
87 27 1262
68 34 9012
14 41 1219
94 79 1898
11 78 1637
28 6 5230
33 34 63
40 97 4069
51 48 1435
40 18 9284
82 39 2946
93 59 165
70 33 8128
69 11 2951
6 60 492
81 31 4809
16 58 8082
94 36 843
34 56 4212
29 12 8427
15 44 8637
62 25 9138
41 53 887
55 40 2719
55 94 843
82 14 9109
11 9 1754
49 9 5002
81 73 3050
100 26 6931
85 17 9560
91 27 4395
59 19 7320
33 19 7228
65 36 8512
13 48 941
2 47 4338
70 60 4390
9 90 3475
100 98 8357
57 32 3803
7 63 3063
47 32 3404
34 65 9882
87 43 5839
56 10 6449
53 72 4608
26 95 4623
76 1 8091
72 90 8404
8 62 9614
45 32 3159
61 87 9327
27 67 6188
62 97 8865
89 54 7848
10 92 6320
93 14 4641
53 78 4138
89 1 3861
93 7 8803
1 27 2402
64 70 7186
86 92 8346
39 20 623
64 27 5375
45 29 5693
98 47 3577
8 57 3858
30 8 8146
50 71 6032
34 42 6145
2 71 6333
30 64 4893
45 71 2672
81 69 1644
6 72 3550
53 49 4590
53 50 4511
26 14 6491
49 33 3548
8 38 5366
37 51 3026
33 2 237
41 93 8183
76 15 6574
68 70 6992
40 72 9751
70 27 7132
3 42 5210
45 87 2733
68 94 7109
58 92 9974
16 34 733
36 31 7703
73 24 1339
94 10 8111
84 61 2438
58 67 1945
21 75 5182
85 91 6499
6 23 8442
80 100 4806
37 23 5918
81 33 7660
63 35 25
80 97 9516
60 57 1113
20 13 3708
29 99 5641
55 96 4602
100 69 228
6 42 5077
94 12 4326
58 55 1886
93 92 8441
3 31 3930
38 97 4900
36 79 8651
93 15 9688
9 84 9258
92 21 9692
69 19 6565
19 89 7643
12 6 2784
72 44 7044
20 7 3359
84 47 8402
77 78 1739
47 99 6199
28 98 5646
50 15 3744
54 64 7116
48 71 722
12 59 8209
14 54 420
66 24 6362
69 73 7893
100 75 205
38 94 9834
85 95 6962
11 96 4434
22 48 9603
47 60 8576
6 39 5270
86 17 9018
16 9 1553
2 80 6718
53 62 5723
1 72 8874
3 52 6651
48 39 5502
40 58 1552
36 18 3131
60 32 9305
86 28 932
38 88 4204
95 42 7400
17 63 5632
31 27 1092
72 39 5971
32 64 6938
30 94 7045
21 26 4769
67 19 5100
100 92 6525
34 43 909
81 78 390
45 95 5000
92 11 7205
48 52 9005
86 8 478
58 38 2292
80 31 9287
38 74 326
27 61 454
100 43 8977
81 11 7542
82 93 2214
61 42 2317
85 9 8812
73 56 9738
59 32 8136
74 86 6719
21 28 6150
10 93 4126
83 81 9317
93 37 705
73 60 301
77 70 4711
70 31 3471
29 41 6672
39 12 8501
97 16 3866
45 47 3507
82 30 1882
22 37 9622
50 90 5718
43 83 7554
57 90 1099
90 70 577
11 35 9040
44 59 7459
86 19 3888
98 78 147
31 53 2272
89 30 9181
73 88 7251
33 10 3148
90 80 9737
5 53 3874
78 76 5347
82 36 5267
63 92 2540
9 8 8852
37 91 2092
8 25 3181
67 16 2443
25 10 3001
8 54 8132
31 92 3309
91 6 6243
72 10 4073
89 57 2425
45 41 2621
80 30 2045
56 71 9612
28 23 2685
99 65 5936
36 38 583
66 28 5708
23 65 5306
32 43 9784
15 94 4224
78 3 9309
9 99 6132
66 2 8963
58 2 528
71 30 3652
67 99 2670
13 25 2768
28 5 391
3 92 7731
74 5 5092
1 7 4187
27 100 6785
38 57 9396
100 63 4384
18 28 520
79 39 6524
27 79 925
50 39 9834
78 23 6317
21 57 3024
41 7 8415
56 26 1142
2 55 9228
67 71 9608
15 20 6956
51 21 9576
97 18 2336
95 43 1163
83 68 3603
44 100 6633
9 14 1788
91 41 3953
49 32 8938
25 9 5839
97 91 9560
69 70 9801
19 57 1063
61 39 823
12 11 3889
96 59 5604
94 92 7109
23 94 930
64 61 3330
13 28 549
99 20 5022
15 84 8072
82 46 5972
14 25 5028
24 39 4783
41 82 7974
75 5 4255
33 50 2915
86 50 707
56 76 4671
93 99 5674
29 91 2903
57 9 8224
13 10 7491
49 76 2084
67 21 9296
47 11 4761
50 69 9241
9 30 5417
14 69 100
37 10 8190
84 78 304
63 15 9227
57 16 1541
95 77 5592
96 8 804
42 72 3606
91 67 4398
92 99 1382
88 46 796
22 91 9877
49 58 5038
86 69 3125
10 61 5166
93 63 5374
82 4 2860
40 75 5933
87 1 2370
66 4 3993
99 19 4966
83 56 4453
4 62 2628
76 33 2822
5 57 5124
55 43 6922
19 82 2335
19 68 655
42 4 9851
87 49 727
77 84 1827
52 39 8552
27 44 9430
72 5 9019
43 62 6493
86 98 4579
76 92 5187
64 14 2797
26 35 2956
65 54 5941
72 91 8701
87 73 1254
99 56 6863
74 57 8260
35 84 7499
34 85 2626
16 43 1585
62 34 9225
9 46 4669
59 88 1339
83 91 173
22 45 3782
67 25 2336
89 55 9010
56 59 8236
32 99 3552
55 83 9483
2 49 3537
56 14 9620
96 20 3908
2 86 4186
89 61 2330
31 5 9613
12 91 4439
89 79 3709
100 6 5510
40 74 7062
91 65 1777
40 11 6958
8 100 6763
75 10 2646
21 2 5473
4 98 218
28 7 2717
77 98 7950
7 45 810
56 37 9719
58 71 4115
98 50 8018
100 23 4332
78 29 3002
70 14 9181
55 6 9478
93 42 8464
75 19 5302
7 5 9790
68 37 9071
84 40 3627
88 41 3365
14 47 7251
90 62 8763
28 37 9492
86 67 4629
8 40 9524
58 39 2219
43 97 5240
97 93 1670
96 48 6880
63 44 5945
54 23 7988
8 52 8866
74 66 3815
91 19 2702
12 99 6589
14 63 1060
22 59 3922
37 84 2332
52 23 3947
85 44 3457
6 29 348
22 100 5644
48 66 8527
46 50 9004
31 15 1618
49 8 4172
64 36 407
39 89 3534
51 58 4623
72 25 1463
42 8 8620
83 54 3579
100 64 9957
8 85 9553
38 18 546
99 73 4388
77 71 6935
17 75 3802
100 7 106
59 36 6917
77 40 3390
60 51 9694
94 27 3282
8 21 531
81 84 8331
86 46 8518
40 23 8847
19 23 3793
35 64 3362
63 13 881
94 80 4449
31 39 3260
81 90 6623
73 86 5206
34 37 5887
43 48 3498
39 83 2742
39 29 5390
55 8 6675
70 76 5263
25 87 3533
95 89 4298
65 71 9183
10 73 3716
27 52 7675
97 6 123
80 57 3872
15 7 6061
58 50 6211
29 67 1300
18 22 4201
12 75 3520
51 78 8047
38 66 6774
46 7 789
8 27 5704
62 16 337
25 41 7595
54 63 7331
48 32 4757
14 68 6822
14 44 3765
44 39 7990
22 76 2808
65 43 7038
43 73 8948
62 87 8642
14 19 3325
28 58 6422
71 28 5289
58 83 7340
80 48 9443
44 9 698
10 99 3469
8 53 2974
94 69 1392
37 30 8845
55 12 1128
37 88 9353
91 1 7847
24 74 9115
13 83 1422
77 63 2386
19 11 3265
15 41 137
68 74 4979
86 75 4913
74 92 9003
43 90 9963
47 83 8804
11 59 483
51 65 471
24 32 2478
30 11 6847
67 90 9638
58 95 8485
66 81 417
84 66 1508
81 36 771
80 86 9619
55 30 969
76 85 2311
21 58 2300
83 6 2710
3 56 9864
100 60 9426
52 30 7296
54 68 5666
52 36 4925
34 29 6524
82 8 788
49 20 6672
9 27 3666
16 21 168
84 38 1498
66 58 9904
19 93 2585
1 61 7696
70 63 7044
40 16 2265
47 71 8781
35 8 5853
3 55 1016
79 18 2020
62 68 4950
15 80 8076
11 48 8326
30 45 5540
98 20 6610
59 5 8767
75 69 491
56 13 7743
75 20 2953
37 15 3102
21 49 7106
68 21 6666
23 34 6381
56 27 5681
71 92 1635
23 86 8626
62 81 1625
27 60 7853
92 61 7579
71 24 5813
10 8 3000
10 96 1410
33 62 6298
78 17 8495
84 72 8373
53 66 6105
21 42 3141
23 90 7016
20 84 9472
72 83 3378
61 47 3599
7 95 2731
88 69 7868
8 29 5897
38 80 5277
83 34 2189
31 19 3141
75 76 6560
51 14 4855
81 44 3073
88 6 9002
49 47 4421
29 95 3455
75 79 9211
44 62 8418
78 58 3387
60 43 9590
3 77 54
40 30 3854
10 51 944
52 85 8438
72 30 1700
52 41 2439
69 41 2809
78 32 3435
56 2 5910
45 9 8760
14 17 6974
53 76 2452
29 62 7253
15 34 133
80 89 256
95 86 1518
89 25 6501
82 17 765
70 71 2872
39 26 3516
21 54 6095
45 53 2189
58 42 4844
28 60 9148
61 98 1561
46 65 1270
18 89 4349
45 39 5841
88 21 1343
68 25 1817
63 79 6785
27 65 977
77 41 9124
20 29 2504
14 31 9037
54 33 7259
81 51 5960
3 54 4662
34 93 4812
94 56 848
67 65 7712
32 20 2132
75 85 1288
52 75 1924
73 52 8389
51 57 3956
66 37 4598
27 17 5964
8 2 1864
14 59 8632
4 48 6187
4 17 9259
39 54 990
10 87 3033
12 58 6221
74 90 7889
44 35 3634
24 85 6555
27 38 1138
19 63 2461
21 95 203
98 73 8655
20 42 6664
59 25 960
100 71 236
36 8 6372
77 79 5968
89 10 525
40 59 7537
35 2 2884
67 11 2234
9 19 4045
51 95 8530
78 14 2155
60 53 8847
72 61 9507
65 22 3710
68 93 7515
58 19 8288
13 93 6015
71 90 4232
96 5 8114
64 26 7000
73 77 4016
84 93 7320
2 18 1563
28 82 1486
94 70 1296
83 53 2801
28 49 3067
85 6 1185
60 89 5822
52 80 92
74 69 8374
88 27 5728
70 19 3316
81 57 8286
95 84 5918
78 38 9482
47 42 5292
74 67 1016
53 11 6739
32 12 24
43 11 5992
51 67 1616
44 57 5708
3 85 1875
67 1 8842
21 78 5648
8 94 9974
51 18 7584
78 28 6112
99 85 5427
73 29 7881
57 66 5255
27 51 9798
8 11 3448
43 24 8012
36 5 793
34 92 987
11 74 5026
19 26 3797
39 34 4608
47 44 3070
35 78 8095
90 11 7718
67 80 5423
89 34 3175
13 29 5379
26 88 2496
21 69 8629
60 79 4122
61 68 7237
45 93 4067
50 14 857
53 7 50
7 16 444
23 10 8671
27 25 6012
87 80 9559
23 75 8258
30 50 333
36 62 8400
96 37 8764
91 84 9505
12 88 7600
95 3 7590
53 17 8887
1 35 1200
13 50 7613
57 15 4532
54 61 4074
1 26 8220
76 35 9566
45 28 9150
65 44 7605
72 26 5311
59 98 925
73 70 4036
18 93 6720
55 22 1883
39 73 1263
74 60 3026
8 43 6889
22 90 1238
50 63 2751
8 13 4125
73 83 2401
35 7 4789
23 68 4847
22 40 351
60 17 9547
82 49 1847
98 35 7308
73 27 5099
33 75 8550
43 75 728
23 85 550
28 29 8798
69 80 4063
8 80 834
29 52 3350
53 71 9167
43 30 134
11 65 9740
48 2 1151
29 98 2513
99 2 9537
8 47 4431
43 98 2728
12 18 315
34 50 8094
14 6 2740
76 46 8249
60 36 7837
18 87 6502
47 74 1404
85 66 7672
23 79 7234
52 68 695
66 29 3782
63 24 4438
3 99 4514
44 54 240
8 78 864
27 2 8210
21 94 1715
86 71 2202
51 94 20
100 47 8179
16 65 8118
84 30 4406
13 90 9696
52 7 852
55 34 4982
62 51 565
13 82 4385
50 48 624
4 36 9785
25 42 923
6 24 7646
86 90 8458
49 93 2321
89 86 1432
32 34 4269
72 20 8997
2 46 1235
90 52 3055
10 30 9136
58 73 1291
51 96 2445
19 64 7044
2 61 6653
13 21 3992
94 17 9851
18 69 377
93 43 2236
38 7 1052
74 21 7506
36 30 313
29 82 6123
43 77 2416
60 77 1108
2 62 4998
94 85 6616
25 93 9418
62 89 364
90 92 2918
60 48 3245
66 47 4405
41 85 9415
38 68 3842
23 64 4368
18 92 1636
24 10 8332
38 65 6909
29 71 4715
56 81 3401
45 19 4753
98 23 124
88 80 3851
100 31 2864
8 63 5670
66 60 8051
8 46 2625
82 63 359
94 95 2943
16 1 8513
30 38 9763
53 2 1433
94 96 5972
59 9 3614
2 68 1312
68 59 7609
30 87 513
2 88 8836
80 39 1356
14 20 6334
75 4 3971
52 22 9985
77 80 7102
26 28 3524
48 73 8972
49 18 6423
68 22 5161
15 86 9416
13 66 12
64 57 4472
49 63 1590
94 37 7756
70 34 6470
39 78 1688
84 97 4333
63 68 3185
95 4 8315
32 81 1576
96 15 982
55 90 1102
30 62 7294
20 25 7821
29 65 3380
41 70 5874
39 60 6992
77 28 3099
23 13 4903
95 81 8105
9 78 6380
50 75 623
28 41 6746
24 93 2314
64 78 9800
87 67 3607
77 96 3916
33 98 8349
63 75 7382
15 67 7154
39 66 7101
81 1 1967
40 1 8242
70 48 7342
84 32 2907
6 70 107
50 95 2574
17 37 9108
48 78 7672
87 75 871
43 6 5169
86 43 1875
83 71 3163
66 23 4109
70 23 2069
56 43 1143
28 91 3499
5 14 2056
78 90 670
18 4 1755
83 32 9212
61 25 4613
95 20 4591
88 52 7182
37 36 4352
76 29 3932
90 99 9127
70 10 4293
99 58 7751
82 11 3488
82 48 6599
19 87 8620
99 40 1141
34 98 9389
32 21 2759
40 70 5906
94 44 1533
20 51 5219
57 94 4245
38 83 2289
4 67 6659
83 5 3149
69 3 8989
11 83 3111
56 51 1009
40 63 2991
1 28 7739
26 90 3632
4 81 1261
44 90 5252
20 44 4468
11 21 7727
96 22 5416
57 67 4396
25 11 5977
30 95 4837
81 48 5740
5 92 7790
97 22 5497
92 40 9499
31 88 5879
88 93 4293
56 75 3367
11 4 9803
81 59 4422
96 4 2531
90 28 4699
64 72 3934
24 12 1914
61 90 4843
94 14 8645
87 37 9222
64 38 2124
12 41 8479
78 46 2051
51 54 8598
89 12 2353
100 66 4581
57 54 4755
3 23 6386
79 13 2656
24 22 5100
21 81 5380
41 83 6935
79 59 4732
35 97 5493
44 91 3526
75 35 6255
52 91 4414
74 83 4949
79 17 7211
65 89 1925
50 52 3989
17 52 6104
97 49 2964
84 14 8602
37 100 8509
80 16 3829
28 22 6048
98 42 5003
66 27 830
5 76 3441
63 23 9586
82 42 4944
8 6 6489
31 4 1196
17 29 183
74 63 9201
74 25 3536
81 29 1183
65 18 4797
22 35 5810
51 74 997
55 18 9175
99 63 6980
83 21 761
88 13 4312
36 24 8743
15 21 4904
91 57 9018
43 23 830
66 63 8772
6 68 5513
62 52 5284
13 3 3608
13 15 6628
86 53 2386
76 74 4550
45 33 9106
77 49 9946
52 10 7529
43 22 8909
7 61 7349
15 19 9157
84 45 5165
35 96 8441
21 73 9876
8 33 7859
35 19 8203
77 89 9277
15 40 578
3 73 6326
3 19 7030
78 13 8086
4 63 7763
56 45 727
91 17 8742
21 76 7895
3 86 2060
79 25 5901
49 78 4633
53 3 5288
82 92 6454
94 41 9686
26 12 8846
31 91 8972
95 35 8019
1 30 3332
81 22 7121
89 70 8007
11 20 6706
90 88 2808
89 93 4826
34 60 1620
80 91 2264
11 28 911
74 93 2922
63 84 9068
8 51 4126
73 95 8043
20 17 5790
13 98 7733
79 61 7925
25 78 3930
100 34 5734
26 54 3458
90 89 4150
66 83 637
94 50 9259
51 46 7499
74 88 1781
97 68 2085
79 33 1523
26 80 2947
15 59 5014
27 24 2801
50 19 6616
76 11 487
49 98 1726
87 3 3675
28 8 5796
89 68 9618
69 8 8091
52 83 2100
39 95 5220
60 9 568
43 10 242
83 31 6557
72 27 2920
94 20 4838
64 93 4330
17 18 4145
12 38 7224
97 79 4482
96 58 561
63 72 2908
19 100 1510
59 52 1983
41 2 251
1 71 4555
87 50 7593
84 54 8016
86 22 8958
51 100 673
17 89 2646
11 13 8892
41 96 2272
53 88 9126
93 85 673
67 8 994
62 17 904
48 93 1261
15 61 8089
53 67 4482
69 77 8756
36 50 4306
14 2 8723
21 7 1672
27 92 6389
69 90 5829
85 1 8597
24 69 8374
68 36 6994
48 17 3117
22 47 9184
79 40 7399
31 22 6808
30 63 8560
37 44 4162
26 4 1576
21 48 9272
43 37 9753
51 85 4168
26 77 7676
81 61 9370
25 57 2860
57 12 2357
7 54 8591
85 28 243
61 52 3940
37 14 5945
19 46 7539
73 85 536
28 55 5212
95 53 6307
99 81 2166
78 12 1759
21 89 2575
3 60 4125
60 71 7647
9 100 1550
23 33 4615
17 34 8902
44 76 1572
15 79 445
11 31 9898
46 32 3211
82 97 2596
99 94 8364
15 14 7307
42 39 7585
43 5 2339
90 73 7775
60 83 6877
67 64 3599
11 10 1316
89 4 452
24 100 9470
83 30 6886
81 2 4404
72 4 4364
100 18 5285
49 56 513
51 59 6744
26 69 9578
20 18 4866
40 24 9293
43 47 2019
58 4 5358
47 38 2727
21 36 6021
78 2 3498
16 75 2033
14 62 7904
80 32 7736
14 90 5224
93 94 7854
100 25 8992
9 23 2865
10 50 7482
97 13 9901
78 63 8029
27 95 716
54 12 429
80 23 4314
53 89 7003
36 10 8955
51 99 9332
90 95 3867
95 16 4534
20 91 9508
90 36 24
84 25 6730
94 1 2961
79 3 540
95 57 355
52 31 8497
26 73 8882
68 76 6461
21 65 1503
91 2 7645
44 52 4704
81 39 4252
99 26 9621
67 93 2876
32 14 2546
81 68 4914
47 23 6914
100 86 8671
17 16 7621
17 21 3780
97 7 9707
91 48 7819
46 73 5659
98 68 6901
49 35 5939
4 28 137
22 53 3306
92 98 6899
51 45 5661
68 31 254
81 14 9221
15 60 4910
10 44 8340
67 2 7026
49 100 1942
15 47 7223
62 88 1893
19 65 3363
71 4 7800
78 44 5748
53 75 8791
72 22 7425
79 49 237
69 2 9872
65 32 1787
48 3 9899
33 65 5220
91 55 8208
18 67 471
6 27 1180
74 1 2961
34 30 5393
16 93 5932
67 28 843
88 49 8562
97 50 4489
44 67 8379
99 30 5852
7 65 2533
28 69 4204
82 16 6196
27 49 9516
100 82 2830
50 18 8138
51 49 317
25 37 8041
33 41 5976
6 79 8922
24 83 1380
27 85 3228
68 20 1695
6 84 1054
46 75 5362
61 58 8877
38 11 6927
4 87 8871
11 73 3893
82 2 9714
79 67 292
68 50 3007
48 53 7393
90 19 7678
54 13 9850
33 96 5136
50 26 3539
78 42 196
88 87 1191
89 44 2283
94 3 2047
27 36 4552
63 29 3870
74 14 7470
3 65 10
66 70 4611
50 81 2207
88 97 6987
50 32 8753
34 58 954
24 33 5780
9 95 1954
5 73 993
83 9 7078
46 55 9184
38 69 562
61 57 1319
11 57 4416
57 69 9557
68 71 1142
78 86 4477
98 72 666
99 96 3080
82 1 8234
87 60 7611
17 54 3808
3 46 2046
36 66 9488
3 15 488
17 23 9779
61 9 7732
24 3 7840
55 71 1507
63 38 9355
23 46 2932
34 48 2248
59 45 4973
3 66 7536
96 66 1776
47 36 1833
76 26 1129
70 24 8368
70 65 1935
43 39 1080
65 84 5293
16 100 5683
98 19 6843
34 13 5333
45 4 3516
66 65 9800
93 87 4815
7 17 4554
77 13 3901
69 45 4601
100 96 5359
76 10 4382
22 57 6399
23 55 1248
65 69 6268
60 94 7859
14 43 3618
37 13 1305
9 37 1063
96 12 2950
96 14 5972
32 15 5738
51 11 7671
38 23 8068
19 40 7049
70 83 6795
22 29 5471
47 3 8400
26 29 3321
42 48 2272
30 51 9640
90 85 4056
55 88 110
62 79 4842
87 86 4988
29 27 446
30 32 3604
100 5 1612
38 14 8414
54 88 8985
14 24 8960
93 73 1394
59 77 6488
85 56 1076
80 17 1089
8 88 7027
17 83 7684
66 9 5207
11 97 7225
85 98 1891
54 42 4668
85 43 1448
13 12 6751
87 79 9445
85 20 2584
25 96 5702
41 59 3629
38 34 1920
28 46 5298
76 60 2723
94 13 1000
77 10 6299
42 57 8927
16 41 4417
71 31 5386
81 88 3950
5 90 3925
44 80 5026
36 32 7035
65 35 8985
31 42 6272
17 33 9345
42 71 59
17 42 3204
13 65 4671
45 89 5739
56 50 8340
17 70 327
30 96 3364
17 1 4515
61 11 4177
55 57 5843
81 70 8952
29 21 204
97 83 5998
60 29 3836
45 44 6627
70 46 6157
32 39 9809
27 39 5206
74 87 1489
72 12 453
89 13 8828
71 74 5268
71 9 6816
48 90 6411
26 20 1491
97 72 245
17 72 3048
47 9 9408
33 87 7951
60 90 4995
75 49 285
64 6 4488
15 62 3924
16 64 9470
49 81 8049
77 87 2696
76 66 4990
12 1 4732
58 20 9516
29 9 8471
74 16 8732
1 39 6273
31 73 540
3 82 5049
37 81 3654
28 20 1413
6 66 3145
46 15 5195
66 12 5651
92 80 1902
78 62 4460
82 94 8732
42 30 5682
31 82 6308
94 18 6590
7 29 4658
3 39 7178
27 97 664
87 24 9950
48 1 1551
14 55 7101
6 20 6473
38 90 3410
92 81 6546
6 46 423
75 94 4262
36 7 1005
57 100 919
43 41 3205
22 77 9690
95 80 6637
44 4 6441
72 78 6351
3 57 3559
43 29 2669
22 78 2498
73 7 5759
75 58 7608
42 12 5164
49 26 205
87 21 2867
40 2 3296
40 3 7147
82 21 1812
89 3 5234
31 96 6602
33 47 3512
81 71 4900
59 61 4963
36 61 5205
99 31 8120
63 43 1521
18 96 6252
99 75 9977
95 8 7406
87 12 4700
47 34 6532
46 80 6083
97 64 1883
65 74 5705
12 16 2468
98 31 397
48 65 5704
18 82 2821
39 13 1174
29 100 7912
35 82 2587
60 37 5027
78 96 6870
31 58 7767
40 90 568
55 20 3828
26 68 7142
46 62 1535
76 93 926
36 56 6281
74 12 1431
37 73 2452
95 40 3906
51 41 5959
71 40 4972
93 50 2930
64 80 2686
36 53 7851
87 53 4533
7 4 2320
12 10 2017
38 5 8559
97 55 5227
3 64 5880
51 42 9819
21 84 3057
9 64 2215
64 63 1309
64 60 1669
10 84 4745
2 30 4075
18 31 6706
29 53 1375
24 31 234
23 99 1262
10 35 5914
56 31 9779
30 23 8662
5 77 4220
71 34 2239
47 89 7270
89 84 4603
24 89 4798
66 79 8287
79 47 6362
33 39 6592
65 63 4974
67 52 1666
11 52 2317
53 93 9481
5 42 4119
40 64 1350
82 77 8673
22 21 5073
57 23 7321
63 85 2838
64 62 7953
73 19 1853
79 58 2439
31 13 744
94 9 5782
41 89 5761
29 92 8785
10 16 6292
90 79 1858
2 83 6137
55 35 576
66 14 24
90 7 4508
92 42 5744
95 49 3272
48 86 3222
61 96 8345
23 32 1585
14 27 5653
27 16 3150
39 38 541
43 99 1218
49 90 6475
26 84 1222
25 44 1628
26 6 6711
3 36 6331
18 54 2781
45 8 2444
34 94 323
34 99 778
27 90 6191
51 17 1709
65 93 3921
59 39 9833
67 66 1904
48 61 5105
59 7 6031
71 21 9128
56 66 8327
91 63 8045
28 54 4523
28 30 3365
78 71 4168
30 17 7018
98 95 5784
99 76 5046
89 16 9260
92 64 7440
34 61 6719
7 60 4376
100 77 799
75 60 2165
65 95 4022
36 33 2958
3 27 6306
89 8 4290
73 51 6462
5 17 6533
55 74 3509
46 10 5271
33 44 4266
74 45 4259
28 97 2142
70 59 1370
10 32 7608
34 64 621
91 89 8696
14 16 3046
73 76 7546
83 90 2726
53 21 1099
74 7 6920
34 4 3070
5 45 4271
72 8 9672
42 10 657
63 33 6517
94 22 7330
82 43 529
40 28 4777
15 91 2193
46 25 8756
81 23 4653
36 6 5576
94 98 8293
50 42 6045
62 37 3027
30 59 3638
65 15 1154
67 75 5399
58 62 3121
62 3 9798
55 99 1657
75 24 3160
94 16 1746
85 78 7525
22 23 4273
34 96 9392
15 70 9269
18 45 5044
33 37 2092
56 16 3322
84 4 8304
53 34 4352
26 67 6606
40 32 8147
40 80 4600
21 100 8933
46 1 9794
46 36 3756
100 14 3800
39 70 4991
71 57 9782
47 51 5909
53 27 7058
85 48 6793
34 21 1214
67 78 6803
82 98 8629
1 9 4540
61 24 9231
67 9 7892
24 96 1271
36 80 3731
82 79 3355
18 88 9361
33 6 3398
5 11 2407
75 3 8257
34 79 514
60 93 8844
67 55 2512
79 86 1932
34 10 1217
96 40 7222
95 13 5492
82 60 4251
12 30 7454
78 97 2707
62 99 808
7 27 2345
42 41 5005
24 35 1290
45 98 2455
10 27 6664
62 47 16
32 88 3453
85 16 5695
41 56 7415
77 38 2308
5 81 849
59 74 5940
9 65 823
59 92 704
50 82 6141
46 37 7925
50 44 2020
80 79 6055
33 86 9799
86 83 528
83 15 577
45 61 8608
98 58 9704
45 54 4520
70 74 8267
97 8 754
80 76 7079
9 69 5244
78 24 1165
54 43 3841
26 5 2547
57 13 8876
78 88 2057
46 35 550
47 92 7920
86 18 1860
13 27 8393
47 72 1574
64 98 418
6 71 2781
72 52 5634
20 97 6961
76 65 2314
61 69 5360
23 36 7494
4 90 1752
39 94 9687
87 66 5722
99 77 4649
84 92 407
8 22 2596
69 53 5697
84 90 6698
67 37 8385
27 48 2664
24 16 2548
17 22 3280
40 89 9347
30 41 1892
60 85 6227
50 100 8486
67 47 5918
93 2 9522
96 3 2520
46 96 1618
44 38 6021
82 88 185
98 12 1833
76 91 1127
68 67 6128
12 43 317
74 54 2712
20 48 3598
94 24 3343
63 25 9163
67 48 9862
57 50 6901
99 86 8385
64 44 9849
63 52 1402
50 84 8396
24 50 8412
78 18 3681
45 60 3119
57 59 1805
95 11 5492
18 1 7625
66 16 463
7 81 6586
3 8 6307
79 46 708
47 20 753
79 14 8692
38 52 3847
6 78 5835
100 72 7645
9 81 2069
54 81 4908
55 1 2147
21 50 3820
56 80 550
25 4 279
35 5 7042
35 61 1861
9 32 9491
81 24 4336
5 6 8759
95 44 3692
31 48 4969
61 38 7033
67 46 6177
86 10 281
30 57 4881
83 10 7530
50 23 427
32 18 7804
28 75 170
78 15 8901
43 52 6974
29 96 6433
80 58 488
93 40 3133
35 71 6536
13 44 1778
97 63 7852
89 7 8582
52 69 8398
64 58 9813
100 70 7668
48 37 5615
52 24 4413
63 22 5176
68 40 8541
37 50 1221
95 17 5920
18 95 2191
43 51 8871
18 59 3609
25 65 7691
97 61 2985
68 88 4148
36 89 186
42 76 2778
45 52 9547
62 45 2054
55 39 5968
18 27 9658
74 84 4669
56 25 2467
17 92 6552
17 49 9056
67 39 8689
67 63 4424
1 20 4142
33 92 9273
17 47 8885
55 64 5317
13 68 5067
85 35 8716
7 42 4246
37 38 8125
11 6 3284
42 2 3576
25 24 3942
41 62 7291
74 39 5501
28 9 1665
95 62 6307
28 79 2450
83 18 6853
21 12 172
90 18 2757
80 29 2660
35 20 2852
55 27 1251
9 53 9949
33 35 6217
44 12 565
71 19 528
34 26 2207
53 28 3486
81 8 2074
23 53 6892
58 35 7259
3 41 6825
73 55 3367
38 73 3774
27 93 4265
2 19 5624
19 95 4322
9 51 7235
91 58 3317
78 68 1820
10 47 763
30 60 2227
58 25 8764
19 72 3873
65 39 3126
79 54 6142
32 2 4003
2 50 7987
47 12 5455
94 46 1374
35 52 4403
28 39 1505
54 91 6333
97 56 9375
63 80 8298
85 77 2006
74 28 689
78 27 3250
78 91 144
36 11 214
27 74 6869
79 64 1605
5 12 7646
5 10 7526
11 84 2136
71 97 6905
71 33 3560
1 80 6154
67 88 8640
63 3 7821
69 99 8496
74 6 8211
17 56 2905
43 59 4491
43 79 3251
32 52 7759
27 33 1607
92 15 3440
8 31 9459
51 98 3288
95 93 514
60 10 6262
52 5 7425
36 15 9605
79 11 9862
95 25 977
58 6 5503
91 64 3309
92 54 6422
11 68 7685
18 9 4334
5 33 2018
44 82 8050
12 93 197
77 6 2127
55 16 6788
100 12 2300
99 22 8896
18 11 2932
10 22 3334
68 42 6924
36 51 940
2 20 746
36 63 3704
66 86 9061
50 11 3515
25 16 9366
62 40 4634
98 76 3388
13 30 5487
33 80 2726
92 23 2153
8 20 2824
86 44 6738
13 46 6561
5 60 3600
38 96 559
49 68 6412
67 17 1695
72 43 3506
90 46 3146
58 76 634
97 31 9670
80 84 9551
42 33 8738
100 97 8332
32 85 1206
58 14 7961
75 65 6197
29 69 3921
47 5 2683
40 98 3660
25 97 5441
27 21 479
33 83 9687
33 100 782
70 80 4211
46 27 6353
7 86 7282
36 96 9196
84 59 4430
85 72 6507
1 93 1229
12 68 1395
88 30 3428
50 73 5152
36 14 5174
82 33 3331
87 65 5953
55 49 485
14 97 9321
6 57 3806
19 36 1872
57 73 4170
17 8 926
12 81 2686
18 42 9821
14 92 110
44 55 3647
83 85 7190
15 12 6846
42 99 7024
40 76 1025
62 73 9714
7 83 7070
4 47 6686
29 84 9542
89 43 6646
54 30 4129
67 100 7152
32 5 3159
10 98 7657
25 77 32
45 49 5300
3 93 6477
52 16 1798
2 97 9048
22 4 4912
88 51 5938
28 17 3417
58 84 650
92 83 4062
28 80 1736
55 53 846
74 56 315
54 1 1964
56 88 6186
75 51 5920
79 53 9100
100 38 2850
90 64 7716
28 88 1552
53 91 2757
68 10 3273
63 73 5205
100 48 7240
32 68 6133
55 79 8531
35 45 7252
59 71 7770
58 45 9471
77 23 5505
39 15 9279
13 16 1742
30 14 1705
39 10 6248
70 49 5824
1 95 2574
51 1 8458
77 51 6059
23 44 6392
21 64 8270
10 21 3944
3 10 2296
83 45 1527
50 83 4592
35 34 1020
84 69 3083
56 38 2201
4 94 1867
58 69 2682
48 84 3432
32 91 1338
10 67 1848
25 30 9451
36 73 3269
49 57 7860
