100
((((((((((((((((((((((((((((((((((((((((((((((((1))))))))))))))))))))))))))))))))))))))))))))))))
((((((((((((((((((((((((((((((((((((((((((((((((2))))))))))))))))))))))))))))))))))))))))))))))))
((((((((((((((((((((((((((((((((((((((((((((((((1))))))))))))))))))))))))))))))))))))))))))))))))
(1,2,3,4,5,6,7,8,9,0,1,2,3,4,5,6,7,8,9,0,1,2,3,4,5,6,7,8,9,0,1,2,3,4,5,6,7,8,9,0,1,2,3,4,5,6,7)
(0,1,2,3,4,5,6,7,8,9,10,11,12,13,14,15,16,17,18,19,20,21,22,23,24,25,26,27,28,29,30,31,32,33)
((1,1),(2),(3,4),(5),((6)),(7),(((((8))))),((((9),0,4),6,4,3),6),((6,4,(0,4,(9)),3),6))
((1),(2),(3,4),(5),((6)),(7),(((((8))))),((6,4,(0,0,(9),4,(9)),3),6))
((1),(2),(3,4),(5),((6)),(7),(((((8))))),((6,6,4,(0,4,(9)),3),6))
((((((((((((((((((((((((((((((((((((((((((((((((1))))))))))))))))))))))))))))))))))))))))))))))))
((((((((((((((((((((((((((((((((((((((((((((((((2))))))))))))))))))))))))))))))))))))))))))))))))
((((((((((((((((((((((((((((((((((((((((((((((((1))))))))))))))))))))))))))))))))))))))))))))))))
(1,2,3,4,5,6,7,8,9,0,1,2,3,4,5,6,7,8,9,0,1,2,3,4,5,6,7,8,9,0,1,2,3,4,5,6,7,8,9,0,1,2,3,4,5,6,7)
(0,1,2,3,4,5,6,7,8,9,10,11,12,13,14,15,16,17,18,19,20,21,22,23,24,25,26,27,28,29,30,31,32,33)
((1,1),(2),(3,4),(5),((6)),(7),(((((8))))),((((9),0,4),6,4,3),6),((6,4,(0,4,(9)),3),6))
((1),(2),(3,4),(5),((6)),(7),(((((8))))),((6,4,(0,0,(9),4,(9)),3),6))
((1),(2),(3,4),(5),((6)),(7),(((((8))))),((6,6,4,(0,4,(9)),3),6))
((((((((((((((((((((((((((((((((((((((((((((((((1))))))))))))))))))))))))))))))))))))))))))))))))
((((((((((((((((((((((((((((((((((((((((((((((((2))))))))))))))))))))))))))))))))))))))))))))))))
((((((((((((((((((((((((((((((((((((((((((((((((1))))))))))))))))))))))))))))))))))))))))))))))))
(1,2,3,4,5,6,7,8,9,0,1,2,3,4,5,6,7,8,9,0,1,2,3,4,5,6,7,8,9,0,1,2,3,4,5,6,7,8,9,0,1,2,3,4,5,6,7)
(0,1,2,3,4,5,6,7,8,9,10,11,12,13,14,15,16,17,18,19,20,21,22,23,24,25,26,27,28,29,30,31,32,33)
((1,1),(2),(3,4),(5),((6)),(7),(((((8))))),((((9),0,4),6,4,3),6),((6,4,(0,4,(9)),3),6))
((1),(2),(3,4),(5),((6)),(7),(((((8))))),((6,4,(0,0,(9),4,(9)),3),6))
((1),(2),(3,4),(5),((6)),(7),(((((8))))),((6,6,4,(0,4,(9)),3),6))
((((((((((((((((((((((((((((((((((((((((((((((((1))))))))))))))))))))))))))))))))))))))))))))))))
((((((((((((((((((((((((((((((((((((((((((((((((2))))))))))))))))))))))))))))))))))))))))))))))))
((((((((((((((((((((((((((((((((((((((((((((((((1))))))))))))))))))))))))))))))))))))))))))))))))
(1,2,3,4,5,6,7,8,9,0,1,2,3,4,5,6,7,8,9,0,1,2,3,4,5,6,7,8,9,0,1,2,3,4,5,6,7,8,9,0,1,2,3,4,5,6,7)
(0,1,2,3,4,5,6,7,8,9,10,11,12,13,14,15,16,17,18,19,20,21,22,23,24,25,26,27,28,29,30,31,32,33)
((1,1),(2),(3,4),(5),((6)),(7),(((((8))))),((((9),0,4),6,4,3),6),((6,4,(0,4,(9)),3),6))
((1),(2),(3,4),(5),((6)),(7),(((((8))))),((6,4,(0,0,(9),4,(9)),3),6))
((1),(2),(3,4),(5),((6)),(7),(((((8))))),((6,6,4,(0,4,(9)),3),6))
((((((((((((((((((((((((((((((((((((((((((((((((1))))))))))))))))))))))))))))))))))))))))))))))))
((((((((((((((((((((((((((((((((((((((((((((((((2))))))))))))))))))))))))))))))))))))))))))))))))
((((((((((((((((((((((((((((((((((((((((((((((((1))))))))))))))))))))))))))))))))))))))))))))))))
(1,2,3,4,5,6,7,8,9,0,1,2,3,4,5,6,7,8,9,0,1,2,3,4,5,6,7,8,9,0,1,2,3,4,5,6,7,8,9,0,1,2,3,4,5,6,7)
(0,1,2,3,4,5,6,7,8,9,10,11,12,13,14,15,16,17,18,19,20,21,22,23,24,25,26,27,28,29,30,31,32,33)
((1,1),(2),(3,4),(5),((6)),(7),(((((8))))),((((9),0,4),6,4,3),6),((6,4,(0,4,(9)),3),6))
((1),(2),(3,4),(5),((6)),(7),(((((8))))),((6,4,(0,0,(9),4,(9)),3),6))
((1),(2),(3,4),(5),((6)),(7),(((((8))))),((6,6,4,(0,4,(9)),3),6))
((((((((((((((((((((((((((((((((((((((((((((((((1))))))))))))))))))))))))))))))))))))))))))))))))
((((((((((((((((((((((((((((((((((((((((((((((((2))))))))))))))))))))))))))))))))))))))))))))))))
((((((((((((((((((((((((((((((((((((((((((((((((1))))))))))))))))))))))))))))))))))))))))))))))))
(1,2,3,4,5,6,7,8,9,0,1,2,3,4,5,6,7,8,9,0,1,2,3,4,5,6,7,8,9,0,1,2,3,4,5,6,7,8,9,0,1,2,3,4,5,6,7)
(0,1,2,3,4,5,6,7,8,9,10,11,12,13,14,15,16,17,18,19,20,21,22,23,24,25,26,27,28,29,30,31,32,33)
((1,1),(2),(3,4),(5),((6)),(7),(((((8))))),((((9),0,4),6,4,3),6),((6,4,(0,4,(9)),3),6))
((1),(2),(3,4),(5),((6)),(7),(((((8))))),((6,4,(0,0,(9),4,(9)),3),6))
((1),(2),(3,4),(5),((6)),(7),(((((8))))),((6,6,4,(0,4,(9)),3),6))
((((((((((((((((((((((((((((((((((((((((((((((((1))))))))))))))))))))))))))))))))))))))))))))))))
((((((((((((((((((((((((((((((((((((((((((((((((2))))))))))))))))))))))))))))))))))))))))))))))))
((((((((((((((((((((((((((((((((((((((((((((((((1))))))))))))))))))))))))))))))))))))))))))))))))
(1,2,3,4,5,6,7,8,9,0,1,2,3,4,5,6,7,8,9,0,1,2,3,4,5,6,7,8,9,0,1,2,3,4,5,6,7,8,9,0,1,2,3,4,5,6,7)
(0,1,2,3,4,5,6,7,8,9,10,11,12,13,14,15,16,17,18,19,20,21,22,23,24,25,26,27,28,29,30,31,32,33)
((1,1),(2),(3,4),(5),((6)),(7),(((((8))))),((((9),0,4),6,4,3),6),((6,4,(0,4,(9)),3),6))
((1),(2),(3,4),(5),((6)),(7),(((((8))))),((6,4,(0,0,(9),4,(9)),3),6))
((1),(2),(3,4),(5),((6)),(7),(((((8))))),((6,6,4,(0,4,(9)),3),6))
((((((((((((((((((((((((((((((((((((((((((((((((1))))))))))))))))))))))))))))))))))))))))))))))))
((((((((((((((((((((((((((((((((((((((((((((((((2))))))))))))))))))))))))))))))))))))))))))))))))
((((((((((((((((((((((((((((((((((((((((((((((((1))))))))))))))))))))))))))))))))))))))))))))))))
(1,2,3,4,5,6,7,8,9,0,1,2,3,4,5,6,7,8,9,0,1,2,3,4,5,6,7,8,9,0,1,2,3,4,5,6,7,8,9,0,1,2,3,4,5,6,7)
(0,1,2,3,4,5,6,7,8,9,10,11,12,13,14,15,16,17,18,19,20,21,22,23,24,25,26,27,28,29,30,31,32,33)
((1,1),(2),(3,4),(5),((6)),(7),(((((8))))),((((9),0,4),6,4,3),6),((6,4,(0,4,(9)),3),6))
((1),(2),(3,4),(5),((6)),(7),(((((8))))),((6,4,(0,0,(9),4,(9)),3),6))
((1),(2),(3,4),(5),((6)),(7),(((((8))))),((6,6,4,(0,4,(9)),3),6))
((((((((((((((((((((((((((((((((((((((((((((((((2))))))))))))))))))))))))))))))))))))))))))))))))
((((((((((((((((((((((((((((((((((((((((((((((((2))))))))))))))))))))))))))))))))))))))))))))))))
((((((((((((((((((((((((((((((((((((((((((((((((2))))))))))))))))))))))))))))))))))))))))))))))))
(1,2,3,4,5,6,7,8,9,0,1,2,3,4,5,6,7,8,9,0,1,2,3,4,5,6,7,8,9,0,1,2,3,4,5,6,7,8,9,0,1,2,3,4,5,6,7)
(0,99,1,2,3,4,5,6,7,8,9,10,11,12,13,14,15,16,17,18,19,20,21,22,23,24,25,26,27,28,29,30,31,32,33)
(1,2,3,4,5,6,7,8,9,0,1,2,3,4,5,6,7,8,9,0,1,2,3,4,5,6,7,8,9,0,1,2,3,4,5,6,7,8,9,0,1,2,3,4,5,6,7)
(0,1,2,3,4,5,6,7,8,9,10,11,12,13,14,15,16,17,18,19,20,21,22,23,24,25,26,27,28,29,30,31,32,33)
(0,99,1,2,3,4,5,6,7,8,9,10,11,12,13,14,15,16,17,18,19,20,21,22,23,24,25,26,27,28,29,30,31,32,33)
(0,99,1,2,3,4,5,6,7,8,9,10,11,12,13,14,15,16,17,18,19,20,21,22,23,24,25,26,27,28,29,30,31,32,33)
(0,99,1,2,3,4,5,6,7,8,9,10,11,12,13,14,15,16,17,18,19,20,21,22,23,24,25,26,27,28,29,30,31,32,33)
(0,99,1,2,3,4,5,6,7,8,9,10,11,12,13,14,15,16,17,18,19,20,21,22,23,24,25,26,27,28,29,30,31,32,33)
(0,99,1,2,3,4,5,6,7,8,9,10,11,12,13,14,15,16,17,18,19,20,21,22,23,24,25,26,27,28,29,30,31,32,33)
(0,99,1,2,3,4,5,6,7,8,9,10,11,12,13,14,15,16,17,18,19,20,21,22,23,24,25,26,27,28,29,30,31,32,33)
(0,99,1,2,3,4,5,6,7,8,9,10,11,12,13,14,15,16,17,18,19,20,21,22,23,24,25,26,27,28,29,30,31,32,33)
((1),(2),(3,4),(5),((6)),(7),(((((8))))),((6,6,4,(0,4,(9)),3),6))
((2),(3,4),(5),((6)),(7),(((((8))))),((6,6,4,(0,4,(9)),3),6))
((1),(2),(3),(5),((6)),(7),(((((8))))),((6,6,4,(0,4,(9)),3),6))
((1),(2),(3),(5),((6)),(7),(((((8))))),((6,6,4,(0,4,(9)),3),6))
((1),(2),(3,4),((6)),(7),(((((8))))),((6,6,4,(0,4,(9)),3),6))
((1),(2),(3,4),(5),((6)),((((8)))),((6,6,4,(0,4,(9)),3),6))
((1),(2),(3,4),(5),((6)),(7),(((((8))))),((6,6,4,(0,4,(9)),3),6))
((2),(3,4),(5),((6)),(7),(((((8))))),((6,6,4,(0,4,(9)),3),6))
((1),(2),(3),(5),((6)),(7),(((((8))))),((6,6,4,(0,4,(9)),3),6))
((1),(2),(3),(5),((6)),(7),(((((8))))),((6,6,4,(0,4,(9)),3),6))
((1),(2),(3,4),((6)),(7),(((((8))))),((6,6,4,(0,4,(9)),3),6))
((1),(2),(3,4),(5),((6)),((((8)))),((6,6,4,(0,4,(9)),3),6))
((1),(2),(3,4),((6)),(7),(((((8))))),((6,6,4,(0,4,(9)),3),6))
((1),(2),(3,4),(5),((6)),((((8)))),((6,6,4,(0,4,(9)),3),6))
((1),(2),(3,4),(5),((6)),(7),(((((8))))),((6,6,4,(0,4,(9)),3),6))
((2),(3,4),(5),((6)),(7),(((((8))))),((6,6,4,(0,4,(9)),3),6))
((1),(2),(3),(5),((6)),(7),(((((8))))),((6,6,4,(0,4,(9)),3),6))
((1),(2),(3),(5),((6)),(7),(((((8))))),((6,6,4,(0,4,(9)),3),6))
((1),(2),(3,4),((6)),(7),(((((8))))),((6,6,4,(0,4,(9)),3),6))
((1),(2),(3),(5),((6)),(7),(((((8))))),((6,6,4,(0,4,(9)),3),6))
((1),(2),(3,4),((6)),(7),(((((8))))),((6,6,4,(0,4,(9)),3),6))
((1),(2),(3,4),((6)),(7),(((((8))))),((6,6,4,(0,4,(9)),3),6))
