100
(((56,57,(2,5,2,11,43),(33,8,61,07,6),4),72,6,71,59),88,41,86,6)
(9,5,(67,7,((30,24,4,8,7),3,3,3,(76,33,7,29,34)),46,06),5,43)
((97,((80,2,7,10,00),28,3,2,80),5,75,(62,83,(7,7,0,3,8),52,0)),20,79,2,1)
(96,84,3,0,(2,7,07,2,((66,8,5,87,71),69,75,97,(0,9,30,04,51))))
((50,8,8,(01,01,(3,3,5,5,8,8),(35,26,26,33,33))),26,17,17)
(1,0,42,86,(1,0,65,47,((38,68,4,2,1),(31,8,3,7,4),(3,5,8,60,0),1,2)))
(80,1,24,(((7,36,9,2,9),(1,5,61,18,38),40,41,28),44,4,7,71),6)
(57,(7,6,6,((15,5,48,5,9),54,15,54,(62,9,92,2,84)),26),8,9,2)
((7,1,3,(47,72,(82,20,7,5,7),72,(79,9,0,44,49)),9),0,4,0,9)
((50,50,8,8,(01,01,(3,3,5,5,8,8),(35,26,26,33,33))),26,17,17)
((50,50,8,8,(01,(3,3,5,5,5,5,8,8),(35,35,26,26,33),(35,35,26,26,33))),26,17)
(2,5,7,8,((42,5,5,(51,3,02,6,56),(7,97,77,33,13)),72,7,(1,67,(56,67,44,93,0),8,(3,9,66,52,10)),8))
((7,60,(80,(94,17,5,94,86),57,36,3),(7,(9,3,1,06,3),(7,95,21,40,7),7,12),80),76,19,75,48)
(61,13,((4,99,(3,6,54,29,1),(9,9,02,24,20),0),3,(0,(47,1,2,68,92),87,7,(8,4,0,65,7)),7,37),91,34)
(2,(0,6,25,5,((4,9,1,46,70),(01,57,8,5,39),00,4,(6,72,5,38,6))),1,6,3)
(1,02,62,(((7,43,09,4,69),(33,6,7,7,35),2,3,5),65,74,67,(78,48,(2,93,26,93,3),(0,55,2,9,20),84)),1)
(9,(((07,62,2,8,19),(61,82,5,1,1),05,2,(26,4,44,32,55)),20,(5,(1,1,26,3,97),51,3,8),2,5),39,27,34)
((50,50,8,8,(01,(3,3,5,5,8,8),(35,26,26,33))),26,17,17)
((50,8,8,8,(01,01,(3,3,5,5,8,8),(3,3,5,5,8,8),(35,35,26,33))),26,17)
((50,8,(01,(3,5,8),(35,26,33))),26,17)
((50,8,(01,(3,5,8),(35,26,33))),26,17)
(69,6,68,4,(3,90,(9,(96,9,93,13,22),9,(7,0,5,63,3),(40,25,9,9,74)),26,5))
(0,08,(62,(6,(5,80,27,91,4),(9,9,3,73,71),70,1),58,6,(9,(99,6,24,06,6),8,(30,5,6,72,4),3)),76,67)
(9,2,74,(43,((47,76,39,61,72),61,2,(38,91,1,4,57),39),(9,3,(3,0,16,2,4),(42,78,44,9,6),2),5,5),62)
((50,50,8,8,(01,01,(3,3,5,5,8,8),(35,35,26,33))),26,26,17,17)
(73,6,4,2,(01,41,81,6,(05,(34,47,67,9,3),33,1,76)))
(83,82,8,(67,39,((24,41,4,04,5),62,63,0,(3,5,61,22,0)),63,31),8)
(8,(((0,0,7,6,05),(9,02,37,4,13),57,53,1),13,3,83,59),2,9,57)
((49,5,(66,7,1,68,(27,0,9,83,3)),96,((34,61,21,63,14),(87,1,6,6,7),6,(1,53,33,67,8),0)),5,1,8,98)
((50,50,50,8,8,(01,01,(3,3,5,5,8,8),(35,26,26,33))),26,26,17,17)
(8,2,33,(25,(8,(73,1,00,1,75),6,(30,3,9,73,73),19),2,((04,0,9,91,16),86,3,7,(0,8,2,53,6)),6),6)
(99,95,24,(33,1,((90,7,10,3,0),6,(1,05,5,3,0),(4,9,5,5,4),38),05,(3,1,(6,0,5,6,16),7,98)),31)
(02,6,74,49,(2,((10,4,1,91,58),43,91,9,(3,66,44,7,6)),((85,7,45,6,8),(6,87,86,1,91),2,36,4),1,17))
((50,50,8,8,8,(01,(3,3,5,5,8,8),(3,3,5,5,8,8),(35,35,26,33,33))),26,17,17)
((53,((5,65,59,1,82),(96,33,9,0,36),(8,5,3,4,66),(06,6,2,7,72),(3,81,5,17,5)),49,9,7),0,2,4,78)
(1,0,(6,33,(0,33,(8,7,89,7,1),18,(2,5,26,3,1)),97,(3,05,52,(44,8,11,76,0),1)),5,86)
(8,01,(3,6,77,((50,67,59,7,76),80,9,9,51),7),0,04)
((50,8,(01,(3,5,8),(35,26,33))),26,17)
((6,03,5,((6,9,4,2,18),21,6,40,(5,39,22,00,59)),2),0,50,4,9)
(4,55,33,(3,55,78,35,(7,3,(4,7,14,2,4),0,(5,5,41,08,0))),31)
(05,6,(2,84,7,47,((6,1,37,22,45),57,(09,5,74,17,9),3,3)),8,95)
((50,8,8,(01,01,(3,3,5,5,8,8),(35,26,33))),26,17,17)
((50,50,50,8,8,(01,01,(3,3,3,5,5,8,8),(35,35,35,35,26,33,33))),26,17,17)
((1,1,(16,(96,3,98,7,8),13,38,4),3,((3,58,68,8,3),23,(9,46,4,94,7),(2,1,89,56,5),2)),81,9,7,67)
(4,35,0,6,(((66,52,4,10,51),1,15,76,(8,95,34,2,98)),7,(66,5,(66,3,2,67,5),98,2),58,9))
(((1,1,1,(8,96,53,81,61),9),0,3,4,(9,17,(4,5,60,8,85),(27,4,1,8,1),(0,17,17,96,7))),4,70,9,98)
(89,2,00,4,(7,9,3,5,(2,(85,53,87,1,2),33,6,(64,8,1,1,1))))
(4,(3,9,(50,09,4,(45,5,77,95,6),6),1,((9,89,6,81,8),6,84,(08,75,6,6,79),52)),9,7,03)
(9,2,33,(61,0,(3,78,1,(53,12,30,81,48),27),97,2),7)
(91,9,74,(6,((9,9,5,46,8),27,3,72,8),4,((86,4,79,6,90),4,8,(7,47,13,28,12),50),2),7)
(14,8,1,2,(3,7,1,((4,31,0,7,62),(4,72,43,33,31),(89,5,31,13,3),(99,22,2,42,5),(45,28,8,53,3)),43))
(((3,0,(66,40,2,9,42),8,1),((80,05,9,0,3),1,7,12,(05,9,61,4,63)),7,54,4),21,40,27,47)
(4,(5,(4,(97,39,93,44,79),(1,92,48,0,55),43,03),89,61,7),8,2,6)
(65,(7,9,(0,7,(05,0,3,5,5),(30,5,0,22,34),39),7,1),98,3,03)
(08,74,7,(15,58,(00,3,8,(08,5,91,3,21),(56,65,30,0,8)),76,72),0)
(06,(1,85,(41,09,(0,8,0,9,90),94,20),70,0),60,(6,(7,16,(64,5,1,34,96),(36,75,9,9,04),8),8,12,2),76)
(7,2,(4,45,14,(0,(30,1,2,39,3),9,(9,9,22,9,08),6),46),4,2)
((50,50,8,8,(01,01,(3,3,5,5,8,8,8),(35,35,26,26,26,33,33))),26,17)
((50,8,8,(01,01,01,01,(3,3,5,5,8,8),(35,26,26,33))),26,26,26,17)
((2,(95,15,(3,2,3,67,08),(1,9,2,86,5),61),0,((9,1,1,53,62),(3,39,04,6,4),8,54,0),29),9,5,0,81)
(3,(((6,2,2,2,4),4,40,02,9),(4,(7,61,6,5,0),98,77,1),55,4,5),52,41,3)
(2,69,((83,(1,62,1,3,8),(4,4,9,2,2),7,56),1,37,1,34),3,(41,1,6,((8,3,7,0,08),47,22,50,29),6))
((((0,2,9,06,63),(80,6,3,54,42),05,3,58),74,88,4,93),59,12,2,8)
(94,1,2,2,(9,03,((0,79,62,7,69),6,(43,2,42,3,80),(05,5,92,42,92),88),9,0))
(42,52,0,59,((8,(0,12,54,43,31),4,00,82),01,5,89,(52,7,(6,81,79,46,8),63,(03,09,8,56,2))))
((91,9,(95,53,11,(0,75,62,3,38),(9,56,66,16,91)),21,7),5,5,79,08)
(6,74,87,60,(7,44,(2,7,(97,17,95,17,3),(77,93,90,2,1),7),7,(60,(31,8,1,3,1),78,00,(1,0,5,4,9))))
(15,((3,6,(3,6,93,4,8),04,(41,8,3,6,8)),((2,6,5,3,89),65,81,2,(45,0,5,48,2)),33,13,53),89,4,5)
(7,1,(6,(3,8,(9,17,8,86,11),0,61),0,74,((95,03,8,5,11),3,4,(4,60,18,2,24),79)),2,83)
(4,(43,78,2,(15,(2,5,4,13,38),(92,0,4,24,73),63,89),82),4,0,2)
(30,16,5,52,(9,1,44,7,(50,9,31,(37,34,46,88,9),29)))
(8,(0,95,(28,(6,23,03,8,44),95,7,(8,04,1,66,7)),((4,2,9,0,25),0,33,5,44),64),12,3,74)
(7,75,(((82,28,23,3,82),11,3,94,(9,6,3,1,57)),9,(16,(1,0,55,3,41),69,(78,17,68,79,5),54),1,5),22,5)
(47,77,((4,02,95,(72,67,87,6,1),(8,1,9,1,5)),7,9,0,1),42,15)
((50,8,8,(01,(3,3,5,5,8,8),(35,26,33,33,33),(35,26,33,33,33))),26,26,17)
(93,43,(78,6,(77,54,(85,69,4,1,4),45,(62,0,5,88,9)),4,(22,9,21,18,(73,9,9,2,3))),94,77)
((50,8,8,(01,(3,3,5,5,8,8),(35,35,26,33))),26,17,17)
((3,71,53,44,((0,5,7,30,0),(5,0,30,37,69),(0,7,3,36,57),9,28)),23,54,02,02)
((50,8,8,(01,01,(3,3,5,5,8,8),(35,26,26,33,33))),26,17)
(7,(05,(71,09,39,(0,84,67,98,4),46),5,71,75),48,7,50)
((4,0,9,(2,40,19,(4,88,30,6,4),6),(06,(8,43,45,3,37),(16,71,4,7,4),(83,16,96,61,5),63)),23,74,1,7)
((79,91,(5,66,1,(62,6,3,6,98),49),34,(3,01,(1,72,6,6,93),(20,42,5,0,24),65)),6,3,77,5)
((37,(49,10,4,(32,6,07,1,5),(42,0,7,45,71)),26,3,85),0,9,0,46)
(4,1,(0,((6,70,0,22,6),(86,57,5,5,90),74,52,5),7,7,19),66,4)
(7,9,9,78,(2,(0,(1,1,70,7,35),0,(7,20,79,81,22),36),83,4,((3,5,88,89,4),58,(00,12,73,7,7),84,6)))
(0,23,3,(2,((8,2,44,74,51),0,2,(9,65,2,9,3),(25,3,70,89,23)),1,0,6),2)
(01,(7,1,65,(8,7,17,41,(9,6,14,1,0)),((41,7,57,48,5),5,(8,0,7,3,07),8,7)),1,8,31)
(9,((4,44,5,(56,11,82,51,12),(92,8,2,2,75)),86,5,02,3),4,5,29)
(6,13,77,((60,95,62,9,(6,9,60,06,4)),3,((07,4,96,4,4),10,95,0,(5,1,02,45,1)),48,3),64)
(2,83,09,(5,18,((8,4,0,4,5),(4,0,68,2,31),01,(06,1,34,00,07),71),11,69),79)
(58,27,91,(9,8,4,(32,(6,25,63,5,1),(75,8,74,8,07),00,18),0),1)
((((02,6,18,90,8),2,(3,0,5,4,10),9,56),26,4,4,((50,09,31,2,5),93,(98,10,0,27,89),09,73)),07,8,4,0)
(28,73,((3,80,(63,48,5,36,9),(29,7,4,1,0),3),7,(5,(21,66,87,8,77),30,26,84),2,8),1,20)
((8,((51,15,7,2,27),(98,7,1,35,00),58,3,(6,70,0,21,9)),18,92,(02,(5,7,59,1,2),75,4,12)),4,4,3,22)
(94,46,4,(02,1,6,1,((66,8,9,07,11),9,57,7,0)),4)
(85,28,(((65,60,1,7,63),02,(4,7,10,9,10),70,2),((11,5,84,59,60),0,3,9,95),05,2,5),0,16)
(5,(3,7,69,(89,(6,95,54,18,1),(15,4,88,9,09),(24,3,45,53,5),(84,1,7,2,42)),3),0,77,0)
(16,1,76,22,(9,((96,26,75,2,5),0,(1,1,6,88,64),29,3),3,0,14))
(2,18,(2,87,(8,(2,40,33,76,5),(24,48,6,94,60),(2,7,1,9,9),0),1,4),5,6)
((50,50,50,8,8,(01,(3,3,5,5,8,8),(35,35,26,26,33))),26,17,17)
