100
(008,(95,(00970,6,(034,(027,(04,006,102),(1,34,0109)),095)),0763),99)
(038,469,(2,(00,(003,707,(0045,(007,00432,00570),08)),6),0322))
(00800,1,(07,0556,(001,(0839,(00154,(57,00047,0541),5),00644),(449,02,((0083,094,0004),154,000)))))
(001,00616,(607,(0988,(08,(07,(00185,004,574),253),0647),0063),006))
(00835,347,(((0064,(818,(00007,59,06),(054,746,0049)),0069),006,295),001,6))
((8,04,(08,034,(((0329,5,05),(07,0047,04),1),((010,0030,06),04,(54,01,46)),003))),0059,009)
(0849,007,(02,(0046,25,(922,((0081,0024,48),(934,43,03),7),30)),05))
((080,(00,(299,0038,((02,004,08),(01,00840,04),(007,6,00849))),0933),0523),0030,0751)
((005,0055,(0010,004,((00065,087,(0520,097,63)),(7,(0919,0063,7),073),(1,(88,4,09),0372)))),09,005)
(00081,02,(007,00,((87,004,(14,(167,005,498),03)),00973,0280)))
((06,(802,(0080,(20,(0292,0007,094),069),0095),56),00746),3,01)
(08,(0045,398,(06,06,(01,((00834,00780,726),55,(017,754,68)),026))),0480)
((((0009,0852,(0046,(008,04,00293),0922)),(01,0094,((31,00,479),0054,00733)),0096),008,2),767,0848)
(0050,((00030,(9,(017,88,(0984,00483,0016)),4),5),877,78),0173)
(000,(09,0204,(02,(0035,(00462,0691,(082,076,0040)),(006,007,(07,00265,0019))),6)),2)
((((0062,(0144,084,(002,07,0015)),0361),7,091),015,004),0030,805)
(00926,((((092,0016,(000,514,0097)),096,051),007,161),00355,005),495)
(08,9,(06,(0436,7,(((8,0929,098),(00600,004,001),472),98,00291)),0102))
(0028,(0918,04,(079,(((01,07,08),2,(054,99,2)),01,491),001)),086)
((004,03,((0887,0040,((01,02,005),(0086,0427,5),087)),0014,00595)),007,07)
(00160,(5,845,((19,(0020,(0957,06,03),582),1),359,002)),2)
(0736,00622,(00736,0007,((2,(00176,(00387,005,08),24),206),114,66)))
(7,(002,(((0074,(004,006,0063),(000,002,07)),(09,(070,63,7),0169),0059),8,0005),004),0048)
(009,(06,(00985,((0812,(8,39,029),014),0003,06),52),7),433)
(826,(00445,680,((913,((250,0066,00742),(83,0756,550),007),003),02,01)),00355)
((03,56,56,((((3,00330,009),(003,0567,069),(003,0567,069),(00564,858,43)),0071,003),30,25)),49,8)
(08,(((12,9,(0199,(00185,020,284),(001,6,005))),00093,3),085,9),40)
(3,555,(000,(03,(0509,((5,072,005),(0172,0003,00091),318),((01,07,958),036,20)),0645),0530))
((28,((((001,9,06),(002,5,007),034),(0,0084,(404,0889,0210)),5),004,02),04),091,3)
(3,(002,985,((800,(05,(51,62,466),(535,081,14)),(0685,(0594,009,25),(66,00942,004))),4,0023)),07)
((955,((08,033,((022,0897,001),(0036,0035,6),(052,00590,0064))),9,260),063),00960,005)
((060,(0393,(428,001,((00451,0160,9),(7,6,0198),0321)),1),077),06,0432)
(009,(0,029,(0096,090,((0097,(175,00491,00),00701),(00822,0052,(0789,232,0095)),020))),0077)
(007,01,(69,89,((0085,((0368,616,0199),(01,01,054),0043),813),0077,025)))
(78,04,(008,(((0035,(066,02,0020),(0156,099,0050)),41,((431,013,332),06,044)),0075,004),64))
(747,23,((94,(00391,244,((00186,0039,829),(0,946,83),(1,055,015))),27),3,00697))
(00632,5,(003,2,(076,(926,00,(082,(14,0246,873),6)),0922)))
(((4,(00333,((076,042,00),162,815),((88,0866,00245),76,098)),0099),0024,02),5,35)
(0099,((0033,(0079,37,(00379,(0089,06,840),(537,853,00748))),03),341,355),005)
(0000,0,(0166,(005,(0663,((76,00921,003),(00771,42,0044),9),((0031,5,0333),136,0425)),89),00662))
(00372,055,((053,(0993,0704,((2,26,7),(007,489,0004),(05,6,8))),00062),52,542))
(0087,((0891,(028,((90,02,696),74,00173),79),(((00037,296,05),722,0470),63,0739)),038,004),002)
(08,09,(0899,56,(04,((0260,04,(008,0091,0012)),0068,01),0067)))
(((00824,00380,(045,(006,(071,00274,00755),(8,00321,097)),((0041,3,08),005,1))),0039,04),81,00250)
(00360,00526,(691,(0055,01,(((0030,8,09),(0,00556,0227),00662),007,0725)),00081))
(547,(4,08,((267,((043,00536,006),123,71),0),006,(2,07,(9,(089,004,01),7)))),35)
(0005,((00,02,(431,((0418,009,00682),(02,09,7),0666),0430)),0604,008),003)
(001,(001,0057,(0090,2,(08,(07,(09,91,03),0036),47))),00141)
(031,0427,(09,008,(((6,(052,0087,00236),0020),0041,((016,003,0282),0017,000)),768,0237)))
(048,(84,0704,(0414,0975,(((31,00115,0719),(3,2,005),(06,0085,01)),08,004))),00877)
(086,(848,94,(0053,(((09,0014,6),0031,(0093,391,009)),((89,00406,07),9,(2,003,0066)),6),0077)),408)
(7,998,(318,(0528,(((03,00218,000),003,37),((009,0078,0919),00411,(009,80,05)),011),685),008))
((00828,(05,521,((0823,89,(0,05,00033)),(0824,(0047,0086,811),(075,001,00613)),07)),085),00789,5)
(2,001,(58,50,((956,0751,((055,00407,0042),60,003)),434,0050)))
(020,00864,(5,004,(2,(8,6,((0056,00340,00),(00518,0014,095),82)),04)))
(00777,00672,(072,(00875,(9,((06,0,154),(81,2,040),(031,801,0074)),086),0051),000))
((00877,(0070,293,((05,(7,00737,0002),(858,0038,05)),009,((0056,0012,0020),6,092))),0257),376,08)
(3,(0568,(1,(((007,0025,008),0007,(0930,000,003)),018,(002,00305,(0023,029,76))),008),0028),001)
(73,003,(018,0,(((0337,(0068,0031,2),(06,0687,030)),(07,(1,062,06),(4,00612,07)),094),0494,962)))
(62,(261,0065,((((074,873,114),3,00236),633,(008,(717,2,08),(0486,00469,0409))),004,00527)),06)
(00735,002,(011,(030,09,((007,0001,(00740,71,65)),(009,00840,(017,042,35)),00558)),0940))
(((267,(00463,((01,02,47),00,4),299),0972),60,01),952,29)
(0039,098,(((((0170,082,005),002,04),(083,23,(0044,375,77)),020),070,003),020,01))
(003,00649,((3,((08,108,(00602,071,858)),(00098,(5,028,973),(0004,00062,970)),00826),03),00937,2))
(042,010,(0809,(0018,0887,(009,(8,(0232,0,56),(06,46,03)),0013)),013))
(331,(((18,(23,(743,06,008),05),453),7,00030),004,0032),96)
(35,((0025,00584,(((963,0029,091),019,00437),05,((0860,1,0094),0019,0077))),026,5),93)
(006,(((018,(140,(5,1,0753),(00666,065,008)),502),7,05),60,00090),639)
(0091,(42,((00573,(9,(442,0070,6),884),44),(109,09,(00136,(919,00891,830),01)),07),064),3)
(0,(0016,026,((0034,((007,0023,0006),0,4),((00441,015,0853),0093,0093)),020,0098)),0746)
((0029,07,(0252,(002,995,((36,0021,02),(0485,00889,00504),00701)),218)),332,67)
(0020,(15,((28,(087,00533,(007,048,927)),(000,(03,0016,0045),(022,001,48))),46,0),0095),87)
(0041,(((0077,(4,(01,0,002),07),0047),059,01),329,00827),59)
(8,00345,(7,013,(00959,(083,(086,(003,70,2),003),(086,00667,(020,0000,0873))),00713)))
(0088,((004,((08,068,(0140,07,60)),0058,66),(034,(0937,(00,005,1),(006,005,992)),041)),07,07),0)
(003,00876,((50,(6,((06,0048,086),005,04),94),5),003,0))
((0047,0096,(173,02,(0060,((45,08,0049),(0,005,04),544),(0020,2,(008,7,8))))),006,007)
(0039,((0060,(0027,401,((0041,121,005),06,002)),9),0604,09),2)
(08,(112,(((0089,(0069,0776,636),07),07,008),0035,(00470,((006,00886,00758),08,6),071)),059),894)
(81,(003,0066,(045,(07,035,(9,02,(48,00375,00671))),00015)),004)
(0062,007,(((00734,(263,026,(9,0001,059)),0050),26,004),00712,040))
(41,(003,05,(3,(6,((00,0391,008),(026,0010,00404),(9,067,07)),70),03)),524)
(0091,008,((02,(004,((056,105,48),53,(008,004,28)),08),0084),0067,051))
(5,02,(004,(85,00750,((078,(00310,01,88),0093),926,0)),(009,((978,038,(61,1,4)),0002,00889),00)))
(0061,(01,(91,0187,(0069,0023,(05,(0009,00609,00451),(0885,038,8)))),0987),432)
(02,0020,(033,0054,(9,(7,(098,(651,0696,00801),(005,00949,0)),((0026,6,0082),48,00)),148)))
((56,03,((((3,330,9),(00564,858,0043),(0567,69,003)),003,071),0030,0025)),049,8)
(07,(08,00599,(0075,03,((0625,(059,0094,02),(00,00742,006)),301,933))),00)
(05,(098,((00847,(06,0023,(04,00586,06)),((085,08,00572),018,06)),42,7),8),005)
(((0442,(007,(08,(01,02,08),0094),0031),007),((07,(02,06,(7,845,067)),9),00518,06),002),002,0028)
(0015,(053,(00171,00846,((090,9,(0726,6,0228)),62,((758,008,90),(0045,5,333),0085))),00112),00523)
(009,393,((010,(067,01,(005,(0091,0,890),(026,011,0030))),001),0090,008))
(8,009,((000,((24,(00292,096,078),(00296,11,0020)),0684,441),0026),005,0057))
(00699,(007,(00103,(08,000,((005,356,6),0064,(1,78,2))),72),05),009)
(5,(56,(0,004,(0068,((003,03,0062),005,0),((070,44,648),8,(0012,004,012)))),37),0017)
((00973,0070,(00717,(966,8,(081,(50,000,00),(5,872,605))),84)),4,8)
((((4,((00481,08,3),4,(008,0051,003)),(588,564,(002,0084,084))),003,08),8,059),06,0727)
(005,9,(((004,((361,65,59),(065,0944,005),(34,88,049)),(708,(0072,056,64),5)),05,772),07,006))
((91,007,(085,(03,(007,163,(0080,005,03)),((066,0001,648),00185,(088,2,19))),9)),0837,008)
(((09,2,(((219,03,542),4,(43,0056,6)),6,(00996,(00957,81,816),(114,0075,0406)))),017,0078),05,005)
