4269
6089
531
9398
4891
5112
162
2151
3395
4781
9853
3770
4113
3571
8573
9025
4220
2531
4556
4132
1882
5173
2509
128
4340
2485
2299
2725
7392
6994
2010
1661
3083
4123
2642
9556
817
2803
1707
4211
9165
3142
9562
3278
6712
8135
3886
933
2248
8441
5064
4129
5196
9155
5838
1118
3222
8137
3843
2196
5131
7434
3857
9796
1557
8080
935
2373
2465
2641
6584
1631
5783
7728
6490
4077
7446
376
6591
9693
399
3238
5405
7177
3975
1243
8294
7196
962
2137
9392
7675
1154
4831
7471
2710
2911
9987
5083
5375
2628
3249
7005
9992
2559
3496
5652
5
5453
2243
9698
7434
7062
6685
4611
1037
9509
2905
8233
472
6624
9207
8146
7777
4038
7199
487
8530
7186
7151
3905
9813
1982
2493
1389
4541
7570
7040
4545
4605
865
5825
2039
7927
4092
6649
8963
3602
9554
7196
4073
7760
7985
2219
5537
3605
9417
7605
2135
8185
6339
7622
7998
8320
115
969
4443
9266
8008
8988
3871
8873
6395
5910
6800
488
2559
7345
4089
3695
6124
8161
1455
4109
1962
8573
7714
2961
7761
9848
1146
4100
7470
726
4002
9166
1695
8445
8432
1285
9015
2304
1740
5410
9795
122
5897
2354
7467
1568
7631
3591
1311
668
9281
3272
9241
6995
6232
7002
8426
8959
2684
7478
9685
6685
6645
2962
6712
6659
4246
5727
545
7568
2720
340
7689
199
4276
6738
1767
1907
1911
4659
2574
1193
7931
3397
9769
5745
1981
8195
6287
4664
5674
5972
2932
3901
516
1226
560
6343
8535
2687
3911
1255
3026
3183
1453
8883
9920
4801
790
3414
9460
4946
4606
8973
8342
4375
4718
1906
4153
2587
8151
1409
8558
1083
5309
9073
3891
7450
6999
2426
137
910
3680
4745
4092
6714
3628
5595
1516
6000
9008
2558
946
5196
1531
870
9570
7830
2775
5305
418
927
6713
558
3591
3604
1214
7481
1055
8212
9906
2773
9121
5168
7517
4796
1883
1146
1973
3398
7145
981
7537
9672
6176
9067
542
7328
6897
4899
4216
8896
7407
929
9454
998
4533
668
62
7169
462
9967
9941
9582
5136
9041
5960
8600
187
7932
1998
8913
495
9534
8585
8252
184
709
7163
8662
5607
1379
7559
3014
3889
8595
5594
4
845
5655
7172
1306
7204
8696
2470
2340
7737
8430
940
9505
7944
4519
8418
8439
5635
8585
6691
7400
9293
3854
6063
4901
5232
5204
9496
9121
3799
5090
707
6225
2327
7879
7530
9531
8157
9999
3453
7476
12
5975
6981
7956
494
6981
6395
7711
5566
4668
6693
4859
8522
2756
1342
5336
9541
839
6039
4922
7510
6746
1147
9837
6207
8676
951
4364
259
4403
1840
270
378
403
8225
2454
7383
6202
1747
2949
871
8439
9389
975
2778
732
6310
2319
3152
3932
7241
2244
678
8387
3663
6884
7064
4613
2830
8904
9016
4669
9173
976
6653
8981
3429
4036
6765
5175
8566
7635
3615
7955
192
7974
269
6502
293
5002
2016
7533
7246
2693
7503
2491
1159
4567
7104
3988
5053
6120
239
4226
7095
6891
4789
2107
927
1555
8863
1075
772
4060
9029
964
2034
881
9047
2327
7464
1063
1442
6292
5337
8944
8783
6495
5093
5887
483
146
3589
721
4372
2266
7611
743
4372
120
2297
3236
1194
3069
7295
1805
5614
9329
4267
4661
3238
1732
7305
4679
8023
2642
3624
6806
9136
8716
4275
1201
8862
7863
3503
4816
1712
2696
5558
6083
2815
7855
901
5590
2506
9778
8976
8119
690
4826
4362
3927
8139
3249
188
7744
5890
3811
6133
6608
4110
408
7808
2972
9853
1311
9369
1565
4006
4927
9229
8402
4364
131
5574
8451
1491
6132
8152
2180
958
4096
7688
679
7344
7875
8423
3234
3269
4556
1424
7378
4963
814
1932
6398
3706
1301
7962
9293
6227
7192
9277
2174
8904
4851
625
1977
2566
8777
5738
3523
2873
3426
5784
1800
2883
4207
6615
6151
8762
8039
5111
5307
435
7042
1706
4141
8342
9667
3434
6152
8441
2712
9907
8927
9144
532
904
1710
891
6641
6815
5346
1649
2599
7145
4532
6805
3760
2265
5567
3381
7376
2456
3816
4418
4161
7956
4343
5411
2972
2077
5434
5683
1984
4362
4828
4097
5265
8119
4988
3489
4934
1916
5137
7532
643
9668
4337
4402
1934
1486
9365
892
3942
3181
6891
9684
2719
2816
6677
5690
4892
2112
2956
8457
6473
9365
2555
1738
7484
9124
5226
2419
1040
1946
9950
1682
1614
5870
7665
5129
8937
8612
6020
4461
1793
4494
4146
6093
7309
823
1784
2202
2934
6321
659
989
5686
4795
4309
3170
3919
1117
7170
6540
3062
8703
9803
4676
4573
7469
1387
5092
6081
7407
9553
9456
3483
5281
7131
792
7685
497
4575
2202
6817
6816
3190
4085
1611
7498
7255
7112
8615
6007
3652
1677
4710
3456
7934
865
2507
9321
5957
170
8310
5510
1208
1793
791
8339
4166
8475
8835
8741
2259
5653
5557
5449
9737
8749
4529
8574
5861
3144
6164
1096
6403
874
4551
5919
1739
8639
5240
7695
391
5132
4787
1599
8506
7159
1520
2673
7216
355
1414
9475
7589
8552
4924
8909
7301
1035
9065
4745
4179
5229
5840
2164
7685
1973
8082
9423
2194
4905
8700
2584
37
5069
5764
8543
2228
7283
2798
9443
9220
5793
501
8391
4345
7006
7300
3228
8041
7948
9554
3802
3177
5394
5965
2444
8948
4047
1867
1142
534
2149
3726
571
7217
9489
696
1027
8355
3493
2053
9157
868
2553
7548
6794
1142
6431
22
9182
4379
9576
2984
9137
6552
8948
1582
5501
4577
5030
6642
5111
7179
1950
7263
5978
3022
9540
8587
1377
4615
640
534
5482
4774
9663
2276
5915
6094
3879
5097
473
5037
9662
1193
1590
193
2774
8672
4770
7803
6896
1463
6564
8846
308
4125
1868
9847
2712
4826
4462
3351
6941
9943
8124
6604
3801
4040
2699
7679
719
3171
2717
382
4363
5888
574
8718
4560
6925
