(1)
(1 (2))
(2 (1))
(1 (2 (3)))
(1 (3 (2)))
(2 (1 (3)))
(2 (3 (1)))
(3 (1 (2)))
(3 (2 (1)))
(1 (2) (3))
(1 (3) (2))
(2 (1) (3))
(2 (3) (1))
(3 (1) (2))
(3 (2) (1))
(1 (2 (3 (4))))
(1 (2 (3) (4)))
(1 (2 (3)) (4))
(1 (2) (3 (4)))
(1 (2) (3) (4))
(1)
(25 (18 (13 (21) (6 (8)) (19 (17)) (26) (9) (24 (10))) (4 (11) (2)) (15 (3)) (20 (23))) (16 (1) (14 (12)) (7)) (22 (5)))
(3 (21 (28 (27 (29 (19)) (15 (26)) (22) (10 (12)) (18))) (4 (17) (16)) (5 (2 (11 (31 (1)))) (30) (23 (25 (9))) (6)) (13 (14))) (7 (20 (24))) (8))
(1)
(12 (17 (3 (10 (20 (11 (13)) (18)) (8)) (6 (9) (21))) (14)) (1 (19 (2)) (5)) (16 (7 (15)) (22)) (4))
(7 (2 (8) (3 (12 (1) (9) (10))) (5)) (4 (6) (11)))
(21 (9 (22 (2 (46 (32 (45 (47)) (5)) (24)) (25 (18)) (28 (10 (8) (34))) (44 (19) (6)))) (29 (36 (38)) (7 (48) (27)) (35) (39)) (17 (43)) (3) (41)) (31 (11) (42 (23 (4 (33 (15 (40)) (14 (16)))) (20)) (37 (13 (1)))) (26)) (12) (30))
(12 (31 (4 (21 (17 (34 (38 (10) (47 (11 (14))))) (13)) (18 (1 (43 (5) (25 (30) (39)))) (46))) (40 (24))) (45 (19 (33 (20)) (41 (29 (9 (26))))) (27) (16) (37 (36)) (7) (6)) (35) (23 (15)) (8) (2)) (44 (22 (32)) (28) (49)) (48) (42) (3))
(17 (5) (10 (19 (8 (29 (6))) (23 (13) (12 (14))) (3 (31))) (25) (27) (28) (2)) (9 (7 (15)) (4 (24) (21 (30 (1 (26))) (18)))) (22) (20) (16) (11))
(36 (47 (33 (49 (45 (32 (12) (37 (22))))) (25 (18 (19)) (44)) (29 (11)) (38 (5) (4)) (39 (43)) (21)) (27 (17 (48)) (2) (28 (13) (40 (14)) (46)) (35) (30)) (7)) (8 (26 (31 (50)) (3)) (24 (6 (16) (1))) (42 (23))) (15 (41) (10) (20 (9))) (34))
(36 (10 (31 (30 (18 (25))) (16 (33) (46)) (32 (15 (12 (8 (34))) (40)) (37)) (43 (7))) (24 (42) (5 (2 (3 (35))) (1)) (20)) (19 (45 (13 (39 (21 (14) (17)))) (41 (22) (4))) (23)) (11 (44 (9 (28)) (26)))) (29) (27 (38 (6))))
(6 (13 (2 (11)) (12 (10)) (16 (17)) (8) (15) (1) (5)) (3 (7 (4)) (9)) (14))
(2 (1))
(20 (14 (23 (9 (21) (18)) (19 (2) (17 (22))) (16)) (15)) (10 (12) (3 (7))) (13 (8) (24)) (4) (1 (11) (6) (5)))
(27 (17 (36 (25 (2 (7 (33 (29) (20)) (22))) (1 (11) (3)) (38 (4))) (12) (34)) (16 (14 (19)) (30 (21)))) (13 (5 (15 (39 (23 (6)))) (26 (8))) (10) (24 (9))) (32 (31 (28))) (18 (35)) (37))
(34 (6 (3 (9) (14) (35 (8))) (29 (11 (25 (30 (41 (7)) (1))) (39)) (33 (13 (2) (26))) (21 (44))) (18) (31)) (22 (48)) (4 (42 (37 (28)))) (46 (5 (40 (23)) (45)) (36 (20 (24 (43 (17))) (15) (47)) (16 (38) (27) (10)) (49) (19)) (12) (32)) (50))
(20 (5 (4 (15)) (9)) (1 (2)) (18 (17 (7) (11 (14 (3 (8 (12)) (10 (19)))) (13)) (16) (6))))
(3 (31 (36) (35 (41 (4)) (24 (38))) (32 (1) (34)) (26)) (21 (25 (27) (6) (20 (5 (2))) (16 (40) (29))) (15)) (22 (7 (14 (19)) (8 (13 (37) (11 (9))) (12)) (39)) (28 (18) (23)) (17 (10))) (30 (33)))
(5 (1) (3 (4) (2)))
(20 (1 (3 (26 (4)) (28) (14) (23)) (13 (2 (9 (16)) (24) (6))) (8 (7 (11 (5)) (27 (22) (25) (12)) (15 (18) (21)))) (17)) (19 (10)))
(7 (1 (3 (4) (6)) (5)) (2))
(5 (3 (9 (11 (4 (7))) (8)) (6) (1)) (10) (2))
(17 (11 (13 (7)) (5 (20 (8)) (3) (6)) (15) (9 (12)) (18) (19)) (21 (14 (16 (2) (22 (10 (1)))))) (4))
(8 (12 (11 (7) (6)) (9)) (1 (5 (14))) (15 (13) (2)) (4 (10 (3))))
(1 (3) (2))
(1 (11 (25 (4 (23 (7 (18) (2 (13) (29)) (28)) (9 (14 (3) (15))) (10) (12)) (16 (30 (5 (26 (21 (22 (8))))))) (6)) (20)) (17) (27 (19 (24)))))
(10 (1 (9 (2 (11)) (5)) (4 (13 (3 (8))) (16) (14)) (15 (17 (6 (12)))) (7)))
(13 (1 (11 (2) (25 (3))) (26 (20 (30))) (18)) (28 (31 (15) (5 (12) (9)) (4 (27) (16)) (29))) (7 (22)) (21 (17 (14) (32)) (23)) (6 (19 (24)) (10 (8))))
(12 (9 (2 (13) (7)) (5) (17 (4 (11 (1))) (15 (3 (18)))) (8)) (6 (10 (14))) (16))
(17 (9 (38 (19 (16 (18)) (3 (25)) (20)) (7 (26 (40))) (8 (28))) (14 (37 (21))) (39 (1 (35))) (15) (13 (4))) (12 (23) (32 (11 (5))) (29) (36 (30) (10))) (24 (6) (22) (34 (2 (31)) (33)) (27)))
(7 (4 (12 (9) (6)) (11) (8)) (10 (3 (5))) (2) (1))
(7 (6) (4 (1)) (2 (8 (3))) (5))
(13 (10 (11 (15 (9))) (4)) (6 (1 (7 (12)) (2 (8)) (3)) (14 (5))))
(4 (2) (3 (1)))
(43 (7 (40 (6 (31)) (33 (35 (32)) (37 (22) (19)) (41)) (18 (3) (1)) (38)) (42 (14 (11 (16)) (47)) (23)) (15) (34)) (45 (13 (46 (8 (21)) (39) (25 (20)) (5))) (4) (26)) (10 (30 (17 (24))) (12)) (9) (27 (29 (44))) (2 (28)) (36))
(26 (20 (31 (2)) (24 (16 (17 (18) (21)) (19)) (6) (30 (23))) (14 (4) (27)) (29 (28 (9 (12))))) (25 (11 (1) (3)) (7)) (5 (13 (15))) (22 (10)) (8))
(2 (3 (4)) (1))
(17 (22 (1)) (30 (11 (12) (21 (24 (26)) (19))) (9 (29 (6)) (23) (15 (20 (4))) (32 (8))) (13)) (31) (14 (10 (5 (27)))) (33 (18 (28 (34)) (3 (35))) (16) (2)) (25) (7))
(32 (36 (5 (17)) (23) (18 (31) (14 (19))) (1)) (29 (28 (33 (25 (6)) (30) (10 (2 (27) (4)) (15))))) (20 (3)) (22 (9 (12) (24)) (8) (38)) (16 (26 (21 (37 (34))) (11)) (7)) (13) (35))
(2 (1) (9 (11 (7 (5))) (6) (4 (8 (10))) (3)))
(31 (20 (2 (6)) (25 (11) (5)) (8) (17)) (10 (21) (4)) (15 (13 (32)) (29)) (12 (16)) (30) (1) (26 (3) (23 (28 (14)) (19)) (22 (7 (18)) (27))) (9) (24))
(28 (18 (16 (20 (21) (37 (35 (12) (32)))) (24 (39))) (6 (13 (11)) (7) (27)) (29)) (33 (23 (19 (4 (5) (15)) (30)) (26) (38 (36))) (2 (17 (9)) (34 (3))) (22 (31 (10 (14)) (8)) (1 (25)))))
(1)
(16 (1 (5 (39 (12) (21)) (11 (3 (25)) (29) (15)) (22) (30)) (35 (31 (2) (18) (8 (33) (41)) (24)) (36) (32) (23 (7 (6 (28) (10))))) (20 (17))) (14 (40) (9) (4 (13) (27))) (37 (38)) (42) (19 (26)) (34))
(6 (2) (3 (4) (1 (5))))
(17 (3 (16 (9) (13 (18 (8 (23)))) (21 (19 (1)) (2 (15)))) (20)) (14) (10 (11)) (7) (4 (6) (12 (5))) (22))
(6 (10 (39 (27 (15 (11))) (33)) (36 (23) (1) (19)) (25 (30 (34 (17 (44)) (24)) (4)) (18 (3)) (38) (12) (26 (7))) (42 (13 (22 (2 (20 (43) (16 (21 (37)))) (28) (14)) (8))))) (35 (41 (40) (5)) (29) (9)) (32) (31))
(3 (11 (13)) (20 (4 (1)) (10) (14 (16)) (18 (22 (8)) (21 (17 (15) (19)) (24)) (2)) (12)) (23 (9) (7 (5))) (6))
(10 (5 (6) (11)) (4 (12 (1 (9) (3)) (7) (8 (13)) (2))))
(39 (2 (27 (30 (33) (5))) (16 (41 (9))) (10 (37))) (17 (38 (20)) (4 (14) (22)) (8 (11))) (12 (13 (21) (7 (19) (28 (1) (34))))) (36 (40 (24 (3) (23 (32))))) (26 (15 (29 (35 (18) (31 (6))))) (25)))
(1)
(7 (3 (10 (5 (13) (1)) (12) (6) (11)) (15)) (4 (14 (8 (9)))) (18 (2 (17))) (16))
(22 (3 (7 (5)) (8) (11 (16)) (21 (23)) (19)) (14 (24 (2) (17 (18 (13) (1)) (6))) (15 (9)) (10 (12) (4)) (20)))
(6 (25 (22 (21 (35 (31 (32 (8) (7) (12))) (26)) (30) (15)) (17 (38 (36 (1)) (4))) (37) (28)) (24)) (34 (29 (13 (5))) (23 (9)) (16 (18)) (11 (3 (14))) (27 (2))) (19 (33) (10)) (20))
(9 (6 (10 (3 (2)) (5)) (1) (11) (4 (7) (8))))
(31 (15 (22 (37) (18 (1 (11 (27)) (33 (25 (4))) (36 (5) (10)) (7)) (12) (24)) (19) (6) (9 (28 (32))) (26)) (14 (21) (35 (8))) (16)) (3 (23) (34)) (29 (20 (17))) (13) (2 (30)))
(2 (45 (16 (50 (44 (9 (43 (29) (39)) (22))) (15)) (11 (21 (46 (27 (25))))) (4 (35 (19) (42 (31)) (23 (13))) (6) (38 (41))) (8 (49)) (12)) (10 (18 (32) (36)) (7) (3)) (20) (1) (28)) (37 (5 (40) (34)) (17 (48) (33)) (26)) (47 (14 (24 (30)))))
(3 (5 (1 (4)) (2)))
(14 (2 (17) (9 (30))) (34 (4 (19 (25 (20 (5 (35)) (11)) (37) (33)) (26) (16 (28)))) (15 (8 (12 (27) (3)) (18)) (10)) (24 (6))) (36 (23 (29 (22) (13)))) (7 (31) (21 (1))) (32))
(17 (16 (15 (4 (22 (29 (10)) (14 (30)))) (20 (21))) (7 (24)) (18) (27 (2)) (11)) (6 (3 (23 (26))) (12 (5 (8) (1)) (28)) (25)) (9) (13 (19)))
(21 (2 (48) (33 (25)) (1)) (38 (6 (15 (14))) (27 (46 (8) (28)) (29 (42 (10 (41)) (43)))) (20 (3)) (49)) (13 (7 (26 (32 (9) (23)) (40)) (18 (17 (45) (22)) (30 (34))) (12) (16)) (47 (4 (35 (37)) (39) (11) (44))) (36 (31))) (5 (24 (19))))
(7 (26 (13)) (11) (2 (16 (9 (22 (20 (29))) (6 (14) (1))) (18 (10 (4)) (8)) (30 (28)) (25 (19)))) (15 (23 (3 (24 (5)) (12)) (27))) (17) (21))
(8 (10 (44 (37 (34 (7))) (17 (31 (13 (2))) (27)) (33)) (14 (6 (16 (42)) (24) (5)) (3) (39)) (38)) (28 (18 (43 (1 (4)) (36)) (32 (35 (30 (40)) (9)))) (11 (26 (15)) (41 (23)) (29 (21)) (20) (19))) (22) (12 (25)))
(10 (36 (16 (26 (9)) (38 (31 (14)))) (19)) (32 (6 (23 (7 (40) (8)) (39)) (35 (17 (12 (22)) (28) (29)) (13) (37 (30 (2)) (15))) (18 (5))) (24 (25))) (33 (21) (1 (4 (27) (20 (3))) (34)) (11)))
(6 (36 (21) (39) (24 (35)) (11 (38) (12)) (10) (30)) (17 (29 (5 (34 (33)) (18)) (3 (20 (40)) (13) (23)) (1) (15)) (4 (19 (7 (22 (32 (25) (26))) (28)) (2)) (8) (16)) (31)) (37 (14 (27))) (9))
(47 (5 (41 (27 (14 (8) (11 (49))) (39)) (22 (43 (42 (25 (29 (35 (37))) (44)) (30))) (15 (19))) (24 (32))) (48 (17 (7 (31 (33) (6 (13)) (45))) (9)) (34 (28 (3))) (12 (2 (10)) (18 (40) (21) (1)) (16))) (46) (38)) (4 (26 (36) (20) (23))))
(3 (1 (2)))
(22 (16 (13 (6 (15 (9 (20 (2) (14)) (11)) (3 (23)) (5 (19)))) (8 (17)) (7) (12)) (21 (4 (1))) (10)) (18))
(2 (14) (18 (1 (6))) (17 (4 (8 (7 (10 (3))) (15 (5 (9 (19))) (20 (13)) (16)) (12) (11)))))
(2 (14) (12 (3 (20 (11) (16))) (8)) (5 (7) (18 (10) (17) (15)) (13 (19 (4)))) (6) (9 (1)))
(20 (21 (4) (23 (22 (3 (18)) (1)) (31) (10)) (26)) (33) (17 (39 (9) (38))) (32 (15 (37 (19 (7))) (24) (16)) (35 (30 (8) (14 (11 (2)) (25))))) (6 (36) (27)) (5 (28) (34 (29)) (13)) (12))
(30 (43 (13 (23 (31 (35)) (29))) (16 (3 (1))) (12)) (17 (2 (5 (11) (21)) (34 (24) (14) (20 (10) (40 (18))) (41) (22)) (6) (44)) (33 (42) (27 (26 (32) (19) (15)))) (7 (36 (38 (39) (8 (37))) (4))) (28)) (25 (9)))
(15 (6 (45 (47 (23 (7 (29))) (30) (9) (40 (48))) (13 (1 (36)) (49 (42 (11) (3 (43)) (14))) (2 (10)))) (17 (38) (22) (19) (27) (18)) (44 (46 (31)))) (35 (33 (32)) (39 (25 (28))) (37 (41) (34) (4) (8)) (21 (12))) (20) (5 (24)) (16) (26))
(14 (17 (26 (6) (9) (15))) (7 (27) (4 (1 (16 (23 (3 (13)) (25)))) (19 (12 (21))) (22 (18))) (20 (24 (5)) (10)) (8) (11)) (2))
(35 (37 (14 (19 (22) (34 (11))) (8)) (28 (3))) (4 (2 (12 (18 (16 (17)) (21)) (20)) (36 (31 (26 (27) (1)) (25)) (23 (5)) (6)) (33 (13))) (24 (32))) (7 (15 (30 (9))) (10 (29))))
(11 (17 (7) (3) (13)) (20 (8 (14) (1) (4) (2)) (25 (19 (24)) (18 (12 (15))) (23 (6) (9)) (22) (10) (21))) (16) (5))
(9 (12 (3 (1) (8)) (11 (10 (5))) (4) (2) (7)) (6))
(25 (24 (1 (30 (36)) (33 (8 (10 (35) (28)) (13 (14 (16 (5)))) (19 (4))) (32) (18)) (23) (31 (17) (9 (26 (20)) (11)) (6 (7 (15 (29))) (2)))) (34) (27)) (22 (21 (12))) (3))
(1 (10 (13 (8 (6)))) (21 (14 (31 (27)) (33) (12 (4 (23)) (28 (34))) (30) (19)) (2 (29)) (7 (3 (20 (11) (16)) (32) (18)) (24 (15 (22) (38 (17))) (37) (36)) (26))) (25) (9) (5) (35))
(18 (13 (16 (23) (7)) (26 (17 (27) (21)) (30) (28) (19)) (15 (32 (6) (3 (2))) (5)) (24)) (31 (12 (9 (22) (14 (1))) (29 (25 (20) (8)) (10))) (4 (11))))
(4 (5 (10 (6) (15)) (3 (1)) (2) (7 (8) (9 (12 (11) (13)) (14)))))
(3 (1 (2 (28 (20 (14)) (19)) (42) (16 (24 (21))) (34 (39)) (26)) (43 (37 (17) (8) (31 (13 (18))) (44) (15)) (29 (12 (6))) (9 (22)) (41)) (5 (32)) (36 (11)) (27) (40)) (23 (30) (4)) (35 (25) (33)) (38 (45) (7 (10))))
(10 (23 (16 (13 (12 (18)) (9 (22 (5 (11 (21))) (20 (14))) (1)) (8 (15 (17) (19)))) (2))) (3) (7 (4)) (6))
(24 (31 (41 (19 (39 (29 (10)) (15 (13 (6))))) (40 (34))) (35 (11 (16 (8 (14)))) (23 (12 (38) (21))) (27))) (22) (9 (5)) (17 (3 (36 (20 (37))) (32)) (25)) (18 (28 (2) (4 (33)))) (30 (1 (26)) (7)))
(1)
(20 (18 (5 (15) (36) (25 (30)) (11 (13)) (12) (28)) (10 (7 (34) (29)) (32))) (27 (21 (22 (17)) (4 (24 (9 (16))))) (19 (35 (8)) (6))) (23 (14) (33)) (1 (2 (3)) (31) (37 (26))))
(1 (3 (4)) (2 (5)))
(7 (5 (2) (8) (3)) (6) (4) (1))
(4 (14 (15) (16 (2 (6 (5)) (23 (12))))) (21 (3 (17 (7 (13)))) (20 (9 (11) (24)))) (8 (18 (10 (19)) (1))) (22))
(5 (12 (13 (14) (21) (9)) (1 (10) (7)) (17 (15))) (29 (35 (34 (28 (3) (23) (27)) (24)) (16 (22 (26)) (31) (20 (2))) (25) (19)) (8 (33))) (32 (18 (4 (6))) (11)) (30))
(29 (9 (34 (19 (31) (2))) (4 (6 (27) (35) (15) (38)) (12 (13 (14) (23) (8)) (3)) (36 (11 (22 (30 (20)))))) (7 (32 (33) (37) (24)) (21 (16) (1))) (5) (10) (25)) (26 (17 (28))) (18))
(2 (6 (3) (5)) (7) (4) (1))
(15 (1 (4 (14 (10 (16) (5)))) (7 (17)) (12 (2 (3) (8 (18)))) (6 (9))) (11 (13)))
(31 (2 (29 (8 (19 (1) (6) (9) (14)) (25))) (20 (27) (28) (5)) (30)) (3 (7 (13 (23)) (4 (12))) (22 (10 (18)) (24))) (11) (21 (15 (17))) (26) (16))
(2 (8 (3 (12 (6 (7) (16))) (11)) (1) (4) (10 (19))) (5 (13 (18)) (15) (17)) (14) (9))
(3 (34 (2 (15 (25 (35) (23 (27 (7) (36) (21)) (28 (9)) (16))) (29 (18 (13)) (14)) (17 (26) (10 (5 (19)) (22) (11))) (31) (33) (37)) (1 (6 (20))) (32 (30 (8) (12) (24))))) (4))
(6 (5) (1 (7) (2) (3)) (4))
(13 (23 (5 (17)) (20 (16 (6 (7) (18) (21)) (31)) (10 (15) (28)) (29 (27 (32)) (3)) (19 (34)) (1)) (2 (25 (26 (11) (4)) (30) (8 (12) (14) (9)))) (24 (33))) (22))
(5 (1 (12 (3 (4)) (10 (2) (14)) (11)) (8)) (9) (6 (13)) (7))
(11 (9 (10 (4)) (7)) (1 (12 (3 (6))) (8 (5))) (2))
