99e6
99e5
99e4
99e3
99e2
99e1
99e0
98e6
98e5
98e4
98e3
98e2
98e1
98e0
97e6
97e5
97e4
97e3
97e2
97e1
97e0
96e6
96e5
96e4
96e3
96e2
96e1
96e0
95e6
95e5
95e4
95e3
95e2
95e1
95e0
94e6
94e5
94e4
94e3
94e2
94e1
94e0
93e6
93e5
93e4
93e3
93e2
93e1
93e0
92e6
92e5
92e4
92e3
92e2
92e1
92e0
91e6
91e5
91e4
91e3
91e2
91e1
91e0
90e6
90e5
90e4
90e3
90e2
90e1
90e0
89e6
89e5
89e4
89e3
89e2
89e1
89e0
88e6
88e5
88e4
88e3
88e2
88e1
88e0
87e6
87e5
87e4
87e3
87e2
87e1
87e0
86e6
86e5
86e4
86e3
86e2
86e1
86e0
85e6
85e5
85e4
85e3
85e2
85e1
85e0
84e6
84e5
84e4
84e3
84e2
84e1
84e0
83e6
83e5
83e4
83e3
83e2
83e1
83e0
82e6
82e5
82e4
82e3
82e2
82e1
82e0
81e6
81e5
81e4
81e3
81e2
81e1
81e0
80e6
80e5
80e4
80e3
80e2
80e1
80e0
79e6
79e5
79e4
79e3
79e2
79e1
79e0
78e6
78e5
78e4
78e3
78e2
78e1
78e0
77e6
77e5
77e4
77e3
77e2
77e1
77e0
76e6
76e5
76e4
76e3
76e2
76e1
76e0
75e6
75e5
75e4
75e3
75e2
75e1
75e0
74e6
74e5
74e4
74e3
74e2
74e1
74e0
73e6
73e5
73e4
73e3
73e2
73e1
73e0
72e6
72e5
72e4
72e3
72e2
72e1
72e0
71e6
71e5
71e4
71e3
71e2
71e1
71e0
70e6
70e5
70e4
70e3
70e2
70e1
70e0
69e6
69e5
69e4
69e3
69e2
69e1
69e0
68e6
68e5
68e4
68e3
68e2
68e1
68e0
67e6
67e5
67e4
67e3
67e2
67e1
67e0
66e6
66e5
66e4
66e3
66e2
66e1
66e0
65e6
65e5
65e4
65e3
65e2
65e1
65e0
64e6
64e5
64e4
64e3
64e2
64e1
64e0
63e6
63e5
63e4
63e3
63e2
63e1
63e0
62e6
62e5
62e4
62e3
62e2
62e1
62e0
61e6
61e5
61e4
61e3
61e2
61e1
61e0
60e6
60e5
60e4
60e3
60e2
60e1
60e0
59e6
59e5
59e4
59e3
59e2
59e1
59e0
58e6
58e5
58e4
58e3
58e2
58e1
58e0
57e6
57e5
57e4
57e3
57e2
57e1
57e0
56e6
56e5
56e4
56e3
56e2
56e1
56e0
55e6
55e5
55e4
55e3
55e2
55e1
55e0
54e6
54e5
54e4
54e3
54e2
54e1
54e0
53e6
53e5
53e4
53e3
53e2
53e1
53e0
52e6
52e5
52e4
52e3
52e2
52e1
52e0
51e6
51e5
51e4
51e3
51e2
51e1
51e0
50e6
50e5
50e4
50e3
50e2
50e1
50e0
49e6
49e5
49e4
49e3
49e2
49e1
49e0
48e6
48e5
48e4
48e3
48e2
48e1
48e0
47e6
47e5
47e4
47e3
47e2
47e1
47e0
46e6
46e5
46e4
46e3
46e2
46e1
46e0
45e6
45e5
45e4
45e3
45e2
45e1
45e0
44e6
44e5
44e4
44e3
44e2
44e1
44e0
43e6
43e5
43e4
43e3
43e2
43e1
43e0
42e6
42e5
42e4
42e3
42e2
42e1
42e0
41e6
41e5
41e4
41e3
41e2
41e1
41e0
40e6
40e5
40e4
40e3
40e2
40e1
40e0
39e6
39e5
39e4
39e3
39e2
39e1
39e0
38e6
38e5
38e4
38e3
38e2
38e1
38e0
37e6
37e5
37e4
37e3
37e2
37e1
37e0
36e6
36e5
36e4
36e3
36e2
36e1
36e0
35e6
35e5
35e4
35e3
35e2
35e1
35e0
34e6
34e5
34e4
34e3
34e2
34e1
34e0
33e6
33e5
33e4
33e3
33e2
33e1
33e0
32e6
32e5
32e4
32e3
32e2
32e1
32e0
31e6
31e5
31e4
31e3
31e2
31e1
31e0
30e6
30e5
30e4
30e3
30e2
30e1
30e0
29e6
29e5
29e4
29e3
29e2
29e1
29e0
28e6
28e5
28e4
28e3
28e2
28e1
28e0
27e6
27e5
27e4
27e3
27e2
27e1
27e0
26e6
26e5
26e4
26e3
26e2
26e1
26e0
25e6
25e5
25e4
25e3
25e2
25e1
25e0
24e6
24e5
24e4
24e3
24e2
24e1
24e0
23e6
23e5
23e4
23e3
23e2
23e1
23e0
22e6
22e5
22e4
22e3
22e2
22e1
22e0
21e6
21e5
21e4
21e3
21e2
21e1
21e0
20e6
20e5
20e4
20e3
20e2
20e1
20e0
19e6
19e5
19e4
19e3
19e2
19e1
19e0
18e6
18e5
18e4
18e3
18e2
18e1
18e0
17e6
17e5
17e4
17e3
17e2
17e1
17e0
16e6
16e5
16e4
16e3
16e2
16e1
16e0
15e6
15e5
15e4
15e3
15e2
15e1
15e0
14e6
14e5
14e4
14e3
14e2
14e1
14e0
13e6
13e5
13e4
13e3
13e2
13e1
13e0
12e6
12e5
12e4
12e3
12e2
12e1
12e0
11e6
11e5
11e4
11e3
11e2
11e1
11e0
10e6
10e5
10e4
10e3
10e2
10e1
10e0
09e6
09e5
09e4
09e3
09e2
09e1
09e0
08e6
08e5
08e4
08e3
08e2
08e1
08e0
07e6
07e5
07e4
07e3
07e2
07e1
07e0
06e6
06e5
06e4
06e3
06e2
06e1
06e0
05e6
05e5
05e4
05e3
05e2
05e1
05e0
04e6
04e5
04e4
04e3
04e2
04e1
04e0
03e6
03e5
03e4
03e3
03e2
03e1
03e0
02e6
02e5
02e4
02e3
02e2
02e1
02e0
01e6
01e5
01e4
01e3
01e2
01e1
01e0
00e0
