40 1 1 2 1
22 128 2 2 1 1 2
33 512 2 1 2 2 1
29 1 100 2 1 2 1 2 1 2 1 2 1 2 1 2 1 2 1 2 1 2 1 2 1 2 1 2 1 2 1 2 1 2 1 2 1 2 1 2 1 2 1 2 1 2 1 2 1 2 1 2 1 2 1 2 1 2 1 2 1 2 1 2 1 2 1 2 1 2 1 2 1 2 1 2 1 2 1 2 1 2 1 2 1 2 1 2 1 2 1 2 1 2 1 2 1 2 1 2 1 2 1 2 1 2 1 2 1 2 1 2 1 2 1 2 1 2 1 2 1 2 1 2 1 2 1 2 1 2 1 2 1 2 1 2 1 2 1 2 1 2 1 2 1 2 1 2 1 2 1 2 1 2 1 2 1 2 1 2 1 2 1 2 1 2 1 2 1 2 1 2 1 2 1 2 1 2 1 2 1 2 1 2 1 2 1 2 1 2 1 2 1 2 1 2 1 2 1 2 1 2 1
36 216 4 2 3 997 2 1 997 2 1
7 1 1 1 1
18 64 33 1 1 1 1 1 1 1 1 1 1 1 1 1 1 1 1 1 1 1 1 1 1 1 1 1 1 1 1 1 1 1 1 1 1 1 1 1 1 1 1 1 1 1 1 1 1 1 1 1 1 1 1 1 1 1 1 1 1 1 1 1 1 1 1 1 1
1 21 8 170 39 19 13 13 17 69 95 19 23 1 19 13 7 1 3
40 2 14 17 91 78 85 19 51 23 38 29 33 77 29 95 23 77 19 1 17 11 13 13 11 15 2 1 7 55 1
1 308 23 583 559 629 551 437 527 82 517 615 329 371 129 1 115 53 86 43 53 23 47 341 46 41 43 47 41 29 37 37 31 299 29 47 23 161 15 527 19 159 7 1 17 1 13 1 3
1 89 38 365 46 29 161 79 575 7 451 414 413 83 407 473 371 638 355 434 335 89 235 17 209 79 122 31 183 41 115 517 89 111 83 305 79 23 73 73 71 61 67 37 61 19 59 89 57 41 53 833 47 53 43 86 41 13 38 23 37 67 31 71 29 83 19 475 17 59 13 41 3 1 7 1 11 1 512
44 729 11 625 3 343 5 121 7 169 11 289 13 361 17 529 19 841 23 961 29 512 31 1 8
0
