2 (-3.0,-1.0) 1.0 (-3.0,-1.1) (-1.5,0.4) (-4.5,0.4)
9 (2.0,1.0) 1.0 (0.0,0.0) (1.0,-1.0) (-1.0,1.0)
1 (-10000.0,-10000.0) 10000.00000 (0.0,0.0) (1.0,0.0) (0.0,1.0)
1 (-10000.0,-10000.0) 1.00000 (0.0,0.0) (1.0,0.0) (0.0,1.0)
1 (-10000.0,-10000.0) 0.00001 (0.0,0.0) (1.0,0.0) (0.0,1.0)
1 (0.5,0.5) 10000.00000 (0.0,0.0) (1.0,0.0) (0.0,1.0)
1 (0.5,0.5) 1.00000 (0.0,0.0) (1.0,0.0) (0.0,1.0)
1 (0.5,0.5) 0.00001 (0.0,0.0) (1.0,0.0) (0.0,1.0)
2 (-10000.0,-10000.0) 10000.00000 (0.0,0.0) (1.0,0.0) (0.0,1.0)
2 (-10000.0,-10000.0) 1.00000 (0.0,0.0) (1.0,0.0) (0.0,1.0)
2 (-10000.0,-10000.0) 0.00001 (0.0,0.0) (1.0,0.0) (0.0,1.0)
2 (0.5,0.5) 10000.00000 (0.0,0.0) (1.0,0.0) (0.0,1.0)
2 (0.5,0.5) 1.00000 (0.0,0.0) (1.0,0.0) (0.0,1.0)
2 (0.5,0.5) 0.00001 (0.0,0.0) (1.0,0.0) (0.0,1.0)
3 (-10000.0,-10000.0) 10000.00000 (0.0,0.0) (1.0,0.0) (0.0,1.0)
3 (-10000.0,-10000.0) 1.00000 (0.0,0.0) (1.0,0.0) (0.0,1.0)
3 (-10000.0,-10000.0) 0.00001 (0.0,0.0) (1.0,0.0) (0.0,1.0)
3 (0.5,0.5) 10000.00000 (0.0,0.0) (1.0,0.0) (0.0,1.0)
3 (0.5,0.5) 1.00000 (0.0,0.0) (1.0,0.0) (0.0,1.0)
3 (0.5,0.5) 0.00001 (0.0,0.0) (1.0,0.0) (0.0,1.0)
4 (-10000.0,-10000.0) 10000.00000 (0.0,0.0) (1.0,0.0) (0.0,1.0)
4 (-10000.0,-10000.0) 1.00000 (0.0,0.0) (1.0,0.0) (0.0,1.0)
4 (-10000.0,-10000.0) 0.00001 (0.0,0.0) (1.0,0.0) (0.0,1.0)
4 (0.5,0.5) 10000.00000 (0.0,0.0) (1.0,0.0) (0.0,1.0)
4 (0.5,0.5) 1.00000 (0.0,0.0) (1.0,0.0) (0.0,1.0)
4 (0.5,0.5) 0.00001 (0.0,0.0) (1.0,0.0) (0.0,1.0)
5 (-10000.0,-10000.0) 10000.00000 (0.0,0.0) (1.0,0.0) (0.0,1.0)
5 (-10000.0,-10000.0) 1.00000 (0.0,0.0) (1.0,0.0) (0.0,1.0)
5 (-10000.0,-10000.0) 0.00001 (0.0,0.0) (1.0,0.0) (0.0,1.0)
5 (0.5,0.5) 10000.00000 (0.0,0.0) (1.0,0.0) (0.0,1.0)
5 (0.5,0.5) 1.00000 (0.0,0.0) (1.0,0.0) (0.0,1.0)
5 (0.5,0.5) 0.00001 (0.0,0.0) (1.0,0.0) (0.0,1.0)
6 (-10000.0,-10000.0) 10000.00000 (0.0,0.0) (1.0,0.0) (0.0,1.0)
6 (-10000.0,-10000.0) 1.00000 (0.0,0.0) (1.0,0.0) (0.0,1.0)
6 (-10000.0,-10000.0) 0.00001 (0.0,0.0) (1.0,0.0) (0.0,1.0)
6 (0.5,0.5) 10000.00000 (0.0,0.0) (1.0,0.0) (0.0,1.0)
6 (0.5,0.5) 1.00000 (0.0,0.0) (1.0,0.0) (0.0,1.0)
6 (0.5,0.5) 0.00001 (0.0,0.0) (1.0,0.0) (0.0,1.0)
7 (-10000.0,-10000.0) 10000.00000 (0.0,0.0) (1.0,0.0) (0.0,1.0)
7 (-10000.0,-10000.0) 1.00000 (0.0,0.0) (1.0,0.0) (0.0,1.0)
7 (-10000.0,-10000.0) 0.00001 (0.0,0.0) (1.0,0.0) (0.0,1.0)
7 (0.5,0.5) 10000.00000 (0.0,0.0) (1.0,0.0) (0.0,1.0)
7 (0.5,0.5) 1.00000 (0.0,0.0) (1.0,0.0) (0.0,1.0)
7 (0.5,0.5) 0.00001 (0.0,0.0) (1.0,0.0) (0.0,1.0)
8 (-10000.0,-10000.0) 10000.00000 (0.0,0.0) (1.0,0.0) (0.0,1.0)
8 (-10000.0,-10000.0) 1.00000 (0.0,0.0) (1.0,0.0) (0.0,1.0)
8 (-10000.0,-10000.0) 0.00001 (0.0,0.0) (1.0,0.0) (0.0,1.0)
8 (0.5,0.5) 10000.00000 (0.0,0.0) (1.0,0.0) (0.0,1.0)
8 (0.5,0.5) 1.00000 (0.0,0.0) (1.0,0.0) (0.0,1.0)
8 (0.5,0.5) 0.00001 (0.0,0.0) (1.0,0.0) (0.0,1.0)
9 (-10000.0,-10000.0) 10000.00000 (0.0,0.0) (1.0,0.0) (0.0,1.0)
9 (-10000.0,-10000.0) 1.00000 (0.0,0.0) (1.0,0.0) (0.0,1.0)
9 (-10000.0,-10000.0) 0.00001 (0.0,0.0) (1.0,0.0) (0.0,1.0)
9 (0.5,0.5) 10000.00000 (0.0,0.0) (1.0,0.0) (0.0,1.0)
9 (0.5,0.5) 1.00000 (0.0,0.0) (1.0,0.0) (0.0,1.0)
9 (0.5,0.5) 0.00001 (0.0,0.0) (1.0,0.0) (0.0,1.0)
2 (8385.71703951058043458033,1895.79317867252211726736) 1476.91809459159185280441 (8411.60319661513858591206,1748.08052481157073998475) (10591.13185669762060570065,2036.63378895946925695171) (7657.82405288980407931376,3813.37110215318261907669)
8 (7418.47100829486407747027,12185.83202264599640329834) 768.96292810436068521085 (5293.22992879760477080708,12328.43584012992505449802) (819.84435113445397291798,11491.07350718418820179068) (8175.39909343833005550550,8806.29797947267979907338)
3 (7318.77975896970292524202,8078.47652659602135827299) 2931.15233983433154207887 (8678.26876034331507980824,7111.28190503891892149113) (5163.63233462469997903099,7330.03017563449975568801) (8254.83500860611275129486,3615.39519795494379650336)
4 (10194.53315830408246256411,11572.34870823943128925748) 3330.85802658245620477828 (9685.12489680898215738125,13155.34717499695761944167) (10978.06535381302455789410,8730.93093418947319150902) (11310.19248325087573903147,17468.85032635488460073248)
3 (6506.36896417040225060191,10091.87517428231149096973) 234.93215757197413040558 (6481.01219831209618860157,10042.09631695395000861026) (6666.58636047056279494427,10321.10524263291517854668) (6146.08494339458957256284,10031.72885907988347753417)
9 (738.90754018614791220898,8576.85528725366566504817) 43.41512768923320919612 (717.20130667820376402233,8554.64116062449829769321) (640.87000324161385833577,8539.18579804237197095063) (788.66883591619227900082,8523.69397365231998264790)
7 (13107.43407161465984245297,8409.12658234012997127138) 2792.97178227440099362866 (11887.75276111841594683938,7488.03351902413578500273) (10547.04682718516778550111,2674.91806597851564220036) (16870.60929698347899829969,7855.06690799198167951545)
5 (5993.81560185821945196949,10729.09877607187263492960) 2935.75344019433578068856 (6494.60072826363284548279,12526.00627364220599702094) (7703.33978770427893323358,7484.14208379219962807838) (11576.58664051640880643390,13553.07190463841834571213)
6 (10987.21021186515645240434,6197.39453233149561128812) 2346.26015615901542332722 (9782.73352290888578863814,6466.75499366453641414410) (12275.80305193993626744486,6380.45603283623040624661) (11420.60314193514204816893,8348.30390301925763196778)
7 (12428.56769126522885926533,9694.69909333675059315283) 976.10126972165403458348 (13270.41186443629703717306,9211.33295204515161458403) (13613.90607014663146401290,11984.41044636615697527304) (10554.67454474371152173262,9869.14589604607863293495)
7 (12340.12354947886160516646,8562.73389487508211459499) 937.80160745497573770990 (12308.94607526006620901171,8544.62629911028670903761) (11616.93234376670079655014,6918.29265621393915353110) (13703.27237393736322701443,9630.76546855808010150213)
4 (7752.77500497897108289180,8917.84479010541872412432) 1048.34693601727894929354 (8621.28811684909669565968,8897.33946187723631737754) (8158.02218704949154925998,13347.49798147076944587752) (4613.10769304151381220436,6909.12019292582863272401)
9 (9542.44066925772676768247,9896.86218282867775997147) 2844.69972626336539178737 (9394.84031410852912813425,9875.10181950862533994950) (13240.91626090339559596032,10734.82554763011285103858) (6449.82196310220024315640,12493.93590922204384696670)
5 (6399.52877718970557907596,4567.77664574700065713841) 1251.43066170785073154548 (6390.84004847748474276159,4552.80671391541727643926) (7577.30268898649501352338,6322.24695313392476236913) (6380.68309318089723092271,6683.18442543710079917219)
6 (8084.84309636695979861543,9558.53304496330565598328) 486.76153010867426473851 (8016.75954725614883500384,9504.64449549103846948128) (9630.24161275227197620552,7339.26431914385011623381) (9929.27312695840009837411,11411.07768111530822352506)
9 (8195.10508609154931036755,9769.95778847969631897286) 827.16227174828009083285 (8182.46769066982142248889,9774.18219805180888215546) (9033.92046872596984030679,10021.76032719319846364670) (7642.52722754730621090857,10477.55340841780525806826)
10 (12037.35714830733195412904,6121.80880404423987783957) 2484.73509945584419256193 (11838.14335157470850390382,6440.57331324917504389305) (8726.87706403709307778627,3821.67306482654021237977) (12184.56332251476851524785,2388.58495851638735985034)
10 (9516.23609396997198928148,13993.32682860095337673556) 26.49491714539874820389 (9405.72361281875782879069,13894.64793703291979909409) (10141.63282256497041089460,14190.71558283358535845764) (8807.18425159829166659620,14415.19481191455815860536)
2 (1546.63046497079358232440,2529.80058967380773538025) 5218.26541002390240464592 (3584.29951759091363783227,1269.85983116602028530906) (7116.70409238261618156685,5276.28078808575355651556) (-585.82547423627647731337,4607.42608767588262708159)
10 (3828.62355785261752316728,12729.77679528965381905437) 1598.06285047123674303293 (3829.26513456408338242909,12767.42868500998520175926) (3776.37850208165173171437,10772.28152625541588349734) (5408.27596647683549235808,11546.71824691094116133172)
9 (8234.83890538228479272220,7986.55641433940490969690) 2298.28258448306814898388 (6865.90100735967462242115,7885.16794668429884040961) (9648.46052654936283943243,8387.09725055066337517928) (8096.49766831465422001202,10430.79210628826149331871)
9 (14587.19881132680166047066,15039.33707448111636040267) 4320.74506499180552054895 (13936.91375745484401704744,15192.67774531788745662197) (12125.04214919101104896981,10380.93333915903167508077) (16536.29829264597356086597,19628.77546665392583236098)
1 (2874.27395227397710186779,7363.45819419610961631406) 92.19578257473629889773 (1851.30531165100865109707,7062.76501218201156007126) (5410.07051444462558720261,8038.08763637925767397974) (5328.44102874439431616338,8297.91326028794719604775)
4 (7081.27129654416239645798,10960.42803810975601663813) 728.71634133497616403474 (9243.87798854255379410461,10140.03544045040689525194) (14233.95975333105707250070,14846.31781471252907067537) (3506.40523724484273770940,6380.85783974020250752801)
1 (8540.24138125099125318229,13720.32599224889236211311) 1229.69998220166439750756 (8352.78209658293781103566,14856.86454801815852988511) (10993.26437178927335480694,12168.10688238022703444585) (11501.03485225066833663732,16928.11272644490236416459)
4 (8592.98402953002732829191,5977.25381161572204291588) 889.98662040441024601023 (8658.32939840332255698740,5987.28554743062522902619) (6946.57963344834024610464,5422.56600412258376309182) (9069.50530159618028847035,4232.31267098751141020330)
5 (7474.64605868614853534382,5869.51149030494434555294) 1911.23929805796751679736 (7386.05301439091090287548,5104.56736237718541815411) (9632.92331930393811489921,6316.87434059786119178170) (7910.49283449219456088031,7603.18242909607488400070)
1 (7769.67947771293893310940,5720.88474725763717287919) 693.10328656726994722703 (7217.97496329490968491882,4119.43826903409990336513) (8310.94871595940639963374,7766.98413738769068004331) (7480.53716649017496820306,7918.15431201626961410511)
8 (3338.64420081411481078248,1753.97035650057591738005) 3573.10690447974047856405 (2971.14013555319388615317,1919.07814226164623505611) (6556.72371918044154881500,2443.63878625194502092199) (3191.20612854561477433890,5536.14110316362530284096)
7 (3068.64681750097633994301,6985.77009442038888664683) 234.72410972834381936991 (3063.02748189884778184933,6897.14855294940934982151) (4971.59859493517797091044,6245.32134471935842157109) (2575.26648808306845239713,8854.08790198850510932971)
8 (7992.74038052925061492715,3806.21279144381014702958) 1384.00739155770224897424 (7838.06404654053676495096,2970.97657752133181929821) (10976.36055402859346941113,3644.61245198284905200126) (9461.46758695914832060225,5739.95675174244479421759)
6 (9760.57914442145738576073,7147.01918399097849032842) 715.73441945614922587993 (9061.01018415074213407934,7099.60181185229521361180) (7662.11731500576570397243,4254.99790591202508949209) (11797.36893022805088548921,5499.28513887737244658638)
9 (9938.62330736866169900168,4574.17545305097155505791) 958.09333994700841685699 (9945.83148547400560346432,5039.77456338583124306751) (9147.83843428118598239962,4427.87830111320636206074) (9742.33971545606254949234,4054.98979244844531422132)
9 (1003.43888319003167453047,4003.66663305877864331705) 4595.60339808282151352614 (739.67995212501728019561,4063.95875834253729408374) (7505.63418291395282722078,2643.93499258962901876657) (7443.60876416694190993439,5752.72831974157452350482)
9 (14213.82638505272734619211,10690.97866146369597117882) 2420.87908045786934962962 (14053.30010600257082842290,10216.41961985824491421226) (12434.50099907755429740064,13168.45036233185965102166) (11881.73811516132263932377,7643.61675663219739362830)
9 (5655.64462246747098106425,7557.44078394227926764870) 2001.83372505282068232191 (5132.46369687808510207105,6564.44061891972887679003) (6868.21195304305456375005,8244.60671993695359560661) (5842.88549530436375789577,8873.35400060123538423795)
4 (5579.50075374532752903178,7847.23973499235125927953) 325.95517421256090528914 (5580.56850672176005900837,7848.38569386116159876110) (5198.70579705621366883861,7780.16062956398582173279) (5965.59535096246236207662,7801.18275279269255406689)
3 (5243.57928945815729093738,5192.53104577386329765432) 61.68997787787053255215 (4950.29551897668716264889,5432.01682447860548563767) (4288.61457934174904949032,6355.13280551041407306911) (5423.22892742415388056543,4399.39938733803774084663)
10 (13263.56865537770499940962,13904.36937064493577054236) 104.56750343135448133580 (12957.20713960323701030575,13688.33276619066236889921) (13785.16939006065149442293,13822.15555967498949030414) (13704.57439860161503020208,14068.95358592561387922615)
3 (14689.44613158550419029780,5682.13534894599251856562) 2149.53260366489803345758 (13339.71046170149747922551,9151.85824408157168363687) (8324.03588304428012634162,3268.66435420123661970138) (17734.91885960544459521770,2791.73993040939694765257)
6 (7056.27031642423753510229,3722.10393724136247328715) 146.84983535813250909996 (6984.82649850870620866772,3624.41133558771525713382) (6889.71330585214491293300,4197.25340960237917897757) (6734.05642125899339589523,3100.66623581596695657936)
2 (9828.70443948576212278567,14534.70811700968442892190) 1259.11839352697802496550 (9810.07071447245652962010,15083.84018683439717278816) (9824.28651704632466135081,7657.83058925708792230580) (16405.83818090749264229089,11671.85071424361922254320)
2 (11103.27664720064603898209,6693.01654524794685130473) 225.98191394685784416652 (11354.56207129430185887031,6156.71706764218924945453) (9656.58977267872978700325,7517.38126336847017228138) (12292.41950568866013782099,4193.31685037915667635389)
8 (9561.67687966733683424536,8575.77671418992758844979) 770.74593326457966213638 (9114.34503606193902669474,8488.63048382746637798846) (12107.34925193805429444183,10490.57271662195853423327) (7417.05182300856722577009,11664.32610661963735765312)
2 (4432.04445779239813418826,6055.73468397175292921020) 396.56831963147203623521 (4413.97119237930564850103,6068.36655515200527588604) (4759.70480381293782556895,5650.08491780211079458240) (4588.18589384346796578029,6582.31256011050572851673)
7 (4834.46318660543420264730,7166.18909115316000679741) 269.96204805197731957378 (5257.85439060210592288058,6644.36983436172249639640) (4152.34658649549874098739,8232.78829389217935386114) (3582.87890954713293467648,7613.73965304929970443482)
6 (7107.66638018866069614887,9528.22960794878417800646) 173.59122033413768804166 (7189.48365361737069179071,9361.47449535797568387352) (6776.64134286559055908583,9516.44783141038351459429) (7155.99949727401690324768,8921.77650843052106210962)
6 (9252.54451233460713410750,10115.03100064365753496531) 37.26402416985600041244 (9128.70404639696971571539,9874.45645881236305285711) (9197.79137826252735976595,10733.18491851603721443098) (9028.05383122802595607936,9018.85306873271110816859)
6 (9757.06307177364215021953,14118.74410076294952887110) 2186.65059127716676812270 (8940.02168671608160366304,14070.09506575114210136235) (10728.31001203022606205195,8601.33391143892549735028) (14498.40505836532975081354,12583.58977106084785191342)
7 (7679.58862238080837414600,9974.39662224414860247634) 18.55721575078411689219 (7594.39408040190846804762,9884.59182347600653884001) (8036.53525472333876678022,10070.94615945592886419035) (7299.52444054084662639070,10263.10028052427151123993)
2 (5946.82324134728696662933,8940.96647094683794421144) 512.88244921466366577079 (6162.56048513222049223259,8900.79454779302432143595) (4799.87515803951009729644,9150.00613842294478672557) (4783.82214863639364921255,9035.32453350171817874070)
1 (4682.73664544555504107848,6002.48520825322611926822) 39.72417288319810779740 (4690.13666470608404779341,5992.41126032679221680155) (4676.94948237069365859497,5912.10534334289968683152) (4711.52125426929524110164,6070.93285869172359525692)
4 (4274.28799062229427363491,9002.23984424819354899228) 1017.90494653425048454665 (4137.27563415926942980150,7998.48233434207850223174) (4540.90070297107922669966,10644.43029468450549757108) (4393.95518180181807110785,10662.70256075647921534255)
1 (5604.50342637630456010811,4979.83575458628547494300) 4420.85796745404877583496 (6724.60077589562843058957,5973.02677519715143716894) (2462.30236782986639809678,4754.58488902671888354234) (3626.35188105774523137370,2802.43658802216305048205)
3 (4085.69649391640223257127,7785.63262934677368320990) 836.51449802492822982458 (3903.00856631753322290024,7625.67207653127661615144) (3970.41220746439330469002,6033.84147364307864336297) (5488.76123085933795664459,7780.12726754091363545740)
1 (9279.41450523829189478420,5390.54901054819310957100) 178.47575588319674011473 (9633.82541529751688358374,5322.17713912519684527069) (4138.15544198411225806922,5722.06243466288105992135) (4201.96163372930368495872,4396.35179725271791539853)
4 (5862.28833163343188061845,9639.31423708625152357854) 41.49179486484268863933 (5861.56522695908188325120,9644.20761926028353627771) (5806.78172330080087704118,9620.06697801774134859443) (5874.20120621863679843955,9585.68980265004029206466)
1 (10720.62673821021235198714,9292.51255525351189135108) 2460.19477837986096346867 (9654.79451651937415590510,10059.75193708258666447364) (10246.42490586309577338398,5976.35266494766801770311) (13694.21548224186699371785,9218.76775474110945651773)
4 (7777.15857698714989965083,2070.01480641497255419381) 505.07019719946055147375 (7893.56739295303850667551,2015.72766303228218021104) (7979.07616910244087193860,2557.45673717342651798390) (7400.06037483975705981720,2254.96178192281058727531)
6 (6650.03498873019179882249,4517.15464399403299466940) 78.66481295335854895256 (6943.90955322240915847942,4542.19969484265584469540) (5718.17613044599875138374,5438.79452919805589772295) (5715.36327826357137382729,3649.46301978739302285248)
4 (6071.64572633086208952591,14021.25931138447049306706) 2879.93757165876422732254 (5291.42369568435242399573,14362.90654554288448707666) (5330.00884425067124539055,10543.35898735870978271123) (9021.74727240410720696673,13541.25067117131038685329)
9 (11171.51005705531315470580,11247.76301933397553511895) 709.25509766429638602858 (11228.77591798444700543769,11417.10731307860442029778) (11133.83353565136349061504,9860.74258433053000771906) (11995.05143408009098493494,10059.12827852523514593486)
7 (3829.67961450726852490334,486.82518007526186920586) 309.65038552047815301194 (3829.15072356629252681159,518.40354099549119837320) (3476.30640020271994217183,443.90986554368868155507) (4182.25116409883503365563,591.67361065521208729479)
5 (896.14112497335725038283,6885.15346963707906979835) 148.48683822155129519160 (918.56946759858192308457,6910.55429966717838397017) (745.38753607650244248362,6784.92266247664429101860) (1116.52500919212661756319,6991.72629743302422866691)
2 (12501.69888849824201315641,12618.03429228928871452808) 95.22730675569673053360 (12288.20518735405494226143,12693.53906621820351574570) (11551.97854821654982515611,9670.54601384065063029993) (15374.71278026163963659201,13085.95152501951451995410)
5 (11679.93778545530221890658,1522.69148586969413372572) 358.42668873045931832166 (11920.91928432990789588075,1798.46154826722909092496) (10788.41545851924092858098,2274.53366571079959612689) (10921.39412711675686296076,1084.20736621364903840004)
8 (4782.87379463783599931048,2110.82933639857583330013) 11.54687653416439374610 (4656.14532446880639326992,2154.43078264295854751254) (4223.59582925109225470806,2221.46729882366071251454) (4961.68701743162455386482,1841.00258643821371151716)
3 (5195.71628150338074192405,9867.44284154805427533574) 60.25918956323688036036 (5185.17209165161693817936,9870.63751103322647395544) (5459.67668858165143319638,9790.05912624525808496401) (5467.02434999531760695390,9821.59717766043286246713)
4 (9335.32297906531675835140,8668.38465143741632346064) 1439.74943814245489193127 (9149.33722528174985200167,9139.61143815975628967863) (10602.05018243709128000773,8704.04214744189084740356) (8925.91837474567182653118,10639.67129034186837088782)
3 (7409.53421014707328140503,3323.11357043000452904380) 971.02514091709690546850 (6888.50835066680429008557,3168.95385116552824911196) (8016.25335826965874730377,3778.23726000177157402504) (7042.81322267110226675868,4441.44160392859976127511)
10 (12251.76575714167302066926,13909.01050622301045223139) 4544.21891975279868347570 (14517.94210779891727725044,14875.00285695599632163066) (8299.92175734857300994918,15086.72348752770085411612) (13243.61742201635206583887,8785.28206703225259843748)
4 (3169.01786286021251726197,6738.28252776355930109276) 292.35008295581479842440 (3303.27069182136983727105,6592.35570845976599230198) (3793.08481916991786420112,6588.56050809429234504933) (3057.69338756694878611597,7016.17650848162065813085)
3 (2664.09900050408668903401,2024.97411632142825510527) 198.10530596048133133991 (2567.30576798127003712580,1926.80636174170172125741) (2834.34281997458901969367,2080.49850868572139006574) (2758.64488217711505058105,2168.30047460637206313550)
8 (11200.57125062593331676908,2612.25570855296155059477) 2387.47445678297981430660 (11344.07041844532068353146,1941.12928746376564959064) (10941.11453169076048652641,4543.93709423961354332278) (8822.25535066338306933176,1181.24068405439834350545)
6 (8944.94581683689284545835,10306.31779117743644746952) 2620.94654437660301482538 (9006.64988586364052025601,10521.27275360031853779219) (6221.76218189874452946242,8394.51540103961633576546) (11338.30850544735767471138,7905.53873767155255336547)
6 (10740.79609432011602621060,6404.53230346221062063705) 115.24690143933894148631 (11069.52783561285286850762,6908.27231990868676803075) (9262.46052444774068135303,6582.16304527005286217900) (10553.33808146363844571169,5146.06130422463502327446)
9 (4020.36127440145037326147,12891.97625752051499148365) 1029.78749182689898589160 (4225.37623207619617460296,13062.65201395294025132898) (3279.44162486915865883930,12601.70190593679035373498) (5064.62719476707297872053,12427.88819581703864969313)
8 (7266.53292060191506607225,3973.87678219089912090567) 11.97770953379969860464 (7681.05294529440834594425,3962.67438223379303963156) (9320.60610880732565419748,3742.33593549953366164118) (6442.40264799424585362431,5059.22764044458290300099)
10 (12386.57602579216836602427,10037.74633666159206768498) 1185.19379023003375550616 (12099.71150493795175862033,9770.94198371838501770981) (9226.55232692011850303970,9002.62900402385275810957) (15051.32732900819428323302,10136.06186005127528915182)
10 (2648.67778402045041730162,4730.68238180835032835603) 3132.34170998200443136739 (3645.80136527493414178025,6374.80194851084797846852) (6076.66742046818762901239,931.26386983324971424736) (7844.43418420660873380257,10607.14161400246302946471)
7 (2113.35363701780079281889,10004.70091905722620140295) 2201.93727906934009297402 (1755.03985112429927539779,11414.82911559825151925907) (1279.84140088216190633830,8452.33165014457881625276) (4707.97316159245656308485,10883.42563060823522391729)
4 (1712.83059182940678510931,1993.54079327754175210430) 2292.86615118093959608814 (1775.39411982428100600373,2322.48039819663154048612) (4632.38157136115751200123,718.11018785834653499478) (-1048.01036023130291141570,3985.23961469857204065192)
3 (7248.77061210406827740371,4998.35975305102329002693) 1545.00977631227556230442 (7625.44354219084380019922,5113.73599449742869182955) (6447.54118904133429168724,7502.94038703092155628838) (5043.07314610451794578694,4460.19585015016400575405)
1 (13356.38281848214501223993,13619.23226710384369653184) 1280.25804921457233831461 (13072.48673122733816853724,14478.94637760065779730212) (13283.67894540298220817931,11634.20526953350417898037) (14631.70631214036984601989,12090.22529263637625263073)
8 (6209.12828739887754636584,12938.60286718563111207914) 1105.94353876071795639291 (6292.68493155070154898567,11098.64615368820523144677) (13017.16621599230711581185,10518.75497493246803060174) (-36.11276292972610235665,13444.11882808528025634587)
9 (9394.62633141228434396908,12034.41717149917894857936) 3705.01730355205290834419 (8950.24682575058614020236,12559.48765290827213902958) (11776.94200230466412904207,8789.34397874483147461433) (13537.99515219275963318069,11483.96255407712487794925)
8 (2078.28694370156017612317,9605.51145965339856047649) 31.84510009019987819556 (2071.06270550839599309256,9590.69822854350968555082) (2054.00940151337817951571,9874.64608663945728039835) (1813.99568085825080743234,9468.90436116117962228600)
4 (5725.96935417609620344592,1094.81853353575388609897) 217.72012121542371687610 (5819.71338760302569426131,1436.67189608440912707010) (5211.03350107485675835051,1861.55661425100902306440) (5392.61809265507872623857,829.54107243205828581267)
6 (3760.85053136291207920294,9539.91493548791368084494) 76.60734984563974592220 (3755.29910153714808984660,9550.77450466353911906481) (3727.98006054940788089880,9414.18420861497907026205) (3867.55624255230986818788,9633.24615595187788130715)
2 (10026.79733378815581090748,4215.12132782390563079389) 438.08893923019883231973 (10172.69246883716550655663,4367.20110078865764080547) (8911.67568458453752100468,3994.89321826086506916909) (10503.05446053687774110585,3094.55132807058316757320)
9 (5417.75705998450121114729,8564.32927532934445480350) 916.95216295085140245646 (5081.27658347392389259767,8055.73485318119674047921) (6372.11039799745230993722,8352.14759878500262857415) (4589.69400831155417108675,9285.55558169022697256878)
10 (8998.07327842374252213631,3903.35594116267611752846) 160.39111683156858134680 (10600.25180025549525453243,7409.94389058032902539708) (3490.42785792172708170256,3540.67828556568838394014) (17820.09964694973677978851,3750.07915486722686182475)
2 (2897.93693313045423565200,4470.74463878963979368564) 2270.34008940903413531487 (2876.25629215702838337165,4448.24357113786390982568) (5192.44500624819011136424,4871.08003054189248359762) (2742.91400371856207129895,6798.93297316412918007700)
10 (6939.93534449088929250138,4853.91755046837897680234) 4766.82529749405603070045 (7921.95855038632817013422,7058.61469306745948415482) (14248.42996659589698538184,7093.06540206251975178020) (1768.93258128174193188897,8530.24605145567511499394)
10 (3479.83206426271271993755,9015.40197571710086776875) 215.80642858699926023291 (3565.71669763516592865926,9131.99990652720953221433) (3547.23640807199535629479,8733.04436500472002080642) (3961.24292103478592252941,9076.62796582548435253557)
9 (7448.39607459591206861660,8735.73153706447374133859) 690.56795845926228594180 (7307.78105899447291449178,8618.64019920255304896273) (7244.48403957996015378740,6682.05899062270327704027) (9045.31120409913637558930,9476.16121057424061291385)
3 (10629.44474204756079416256,7472.92649364248427446000) 541.73224073907363163016 (10451.58334541354633984156,7641.82732951814796251711) (9950.39852551552394288592,6689.35071872403477755142) (11119.69476781646517338231,6798.01156463768438698025)
5 (8559.90916437898522417527,8787.44753795760698267259) 13.00305502766584098140 (8564.70519931984381400980,8797.55203955792603665031) (8569.31037996968188963365,8772.10277784258323663380) (8590.42429148736846400425,8800.27250068649118475150)
6 (15389.90160490884227328934,15481.21618747534921567421) 831.25206240106660970923 (15725.80673607922653900459,16008.21488482378481421620) (13395.98458004259737208486,13206.73852321232880058233) (17352.30395367090022773482,12747.71678106824583665002)
10 (16255.65693640258359664585,12814.93728005552657123189) 1152.94625014169514543028 (16289.96268796064032358117,12950.68535107518619042821) (15765.33237342084248666652,11514.28426251700511784293) (17705.30609410948818549514,12371.64468167775339679793)
0
