4
12 50 74 34
1
00
50 12

8
45 23 86 43 90 76 12 74
2
111001
86 43 90 74
010001
45 86 43 90

2
0 -1
6
0
0
0
-1
1
0
1
-1
111111111111111111111111111111
0
111111111111111111111111111111
-1

32
16 15 14 13 12 11 10 9 8 7 6 5 4 3 2 1 0 -1 -2 -3 -4 -5 -6 -7 -8 -9 -10 -11 -12 -13 -14 -15
4
000000000000000000000000000000
1 2 3 4 5 6 7 8 9 10 11 12 13 14 15 16
100011110100111100001001000110
-15 -14 -13 -12 -11 -10 -9 -8 -7 -6 -5 -4 -3 -2 -1 0
100011110100111100001001000101
-15 -14 -13 -12 -11 -10 -9 -8 -7 -6 -5 -4 -3 -2 -1 0
100011110100111100001001000100
-15 -14 -13 -12 -11 -10 -9 -8 -7 -6 -5 -4 -3 -2 -1 1

4
10000 -1 1 -10000 
48
000
10000 -1
000
10000 1
000
10000 -10000
000
-1 1
000
-1 -10000
000
1 -10000
100
10000 -1
100
10000 1
100
10000 -10000
100
-1 1
100
-1 -10000
100
1 -10000
010
10000 -1
010
10000 1
010
10000 -10000
010
-1 1
010
-1 -10000
010
1 -10000
110
10000 -1
110
10000 1
110
10000 -10000
110
-1 1
110
-1 -10000
110
1 -10000
001
10000 -1
001
10000 1
001
10000 -10000
001
-1 1
001
-1 -10000
001
1 -10000
101
10000 -1
101
10000 1
101
10000 -10000
101
-1 1
101
-1 -10000
101
1 -10000
011
10000 -1
011
10000 1
011
10000 -10000
011
-1 1
011
-1 -10000
011
1 -10000
111
10000 -1
111
10000 1
111
10000 -10000
111
-1 1
111
-1 -10000
111
1 -10000

6
135392 -377712 -72545 -18622 -377136 491262 
10
11
135392 -377712 491262 
1011
135392 -377712 -377136 
1110
-377712 -18622 -377136 
1111
135392 -377712 -18622 
10001
-18622 -377136 491262 
1001
135392 -18622 -377136 
0
135392 -72545 -377136 
1101
-72545 -377136 491262 
10010
135392 -377712 491262 
101
135392 -18622 -377136 

16
139649 280454 -168955 -269009 -134757 -18583 447587 -433879 332373 -128923 225083 290689 27551 -38568 494870 206516 
10
11111011010
139649 280454 -269009 -433879 225083 290689 27551 206516 
10011111110101
280454 -134757 -18583 332373 -128923 290689 494870 206516 
110011010111
280454 -134757 -18583 332373 225083 -38568 494870 206516 
101011011000
280454 -168955 447587 332373 -128923 225083 290689 494870 
10101010111001
139649 280454 -134757 -433879 332373 -38568 494870 206516 
11010111000
-168955 -269009 -18583 447587 225083 290689 27551 -38568 
101110011111
-269009 447587 332373 225083 290689 27551 -38568 206516 
10001100000110
139649 -168955 -18583 447587 -433879 -128923 -38568 206516 
110111100101
280454 -269009 -433879 332373 290689 27551 494870 206516 
10100111001100
139649 280454 -168955 -134757 332373 290689 27551 -38568 

28
-483048 152345 274634 -297911 183467 306332 297595 487964 57459 193880 -105437 -433667 352033 432136 300989 274783 -263909 109878 111809 399606 59001 -4949 -57513 111449 369442 -261948 237427 -122924 
10
11000000110111000000010
-483048 152345 -297911 297595 487964 57459 432136 274783 109878 399606 -57513 111449 369442 -261948 
1001010110001001010110001
152345 183467 297595 57459 193880 -105437 352033 432136 -263909 109878 -4949 111449 369442 -261948 
1100111110101010010111
152345 274634 183467 306332 297595 57459 -105437 -433667 432136 300989 274783 -263909 109878 59001 
1001110101000011000011100
152345 274634 183467 297595 487964 57459 352033 432136 274783 -263909 109878 -57513 -261948 237427 
111111000110001110111110
274634 -297911 183467 297595 -105437 -433667 -263909 109878 111809 59001 111449 369442 237427 -122924 
1001101110100000010101001
-483048 274634 -297911 57459 193880 -105437 352033 300989 -263909 111809 -4949 111449 237427 -122924 
1111110100000111010111100
-483048 274634 -297911 297595 487964 193880 352033 300989 111809 -4949 111449 369442 237427 -122924 
101011010011111010000010
306332 487964 193880 352033 432136 300989 274783 -263909 399606 59001 -4949 111449 369442 -261948 
10110010011010101011111
-297911 297595 487964 57459 -433667 352033 432136 300989 -263909 109878 111809 399606 -4949 369442 
1100101010100100000110101
-297911 183467 487964 57459 432136 300989 274783 -263909 109878 111809 59001 -4949 369442 237427 

22
355862 -21482 -171647 18652 152362 -36417 194810 152646 -150678 182757 459212 160318 -8218 52443 -105225 -88272 -435926 338708 -459202 224266 30598 -171807 
10
110110011100110100
355862 -171647 152362 -36417 160318 -105225 -435926 338708 224266 30598 -171807 
10010110011101010110
-21482 -171647 152362 -36417 194810 182757 -8218 52443 -88272 338708 -171807 
10100101101100001110
355862 -21482 -171647 18652 -36417 160318 -8218 -88272 224266 30598 -171807 
10010111101000011011
-171647 18652 -36417 -150678 160318 52443 -88272 -459202 224266 30598 -171807 
1101001101010110110
355862 18652 152362 194810 152646 459212 160318 52443 -105225 -88272 -171807 
1101011100010101101
355862 -21482 152646 182757 160318 52443 -105225 338708 -459202 224266 30598 
10010001101110001111
-21482 -36417 152646 -150678 -8218 52443 -105225 -88272 -435926 338708 -171807 
110100011110110100
-171647 18652 -36417 194810 152646 459212 -8218 -435926 -459202 224266 -171807 
101001101110010101
-171647 152362 194810 152646 160318 52443 -88272 338708 224266 30598 -171807 
1111100100010111010
152362 -36417 194810 -150678 459212 160318 -8218 -88272 338708 224266 30598 

24
-424286 -266754 221823 -58609 26204 -407566 106252 -313808 98505 -118104 390370 -310466 -483751 -195603 87415 76949 222684 163234 -174682 -257187 382921 238783 -282698 45655 
10
101010011101001011
-424286 -266754 221823 26204 106252 390370 -310466 -483751 -195603 163234 -174682 45655 
111011001001001000111
-424286 -266754 26204 -407566 -313808 -118104 390370 87415 222684 163234 -174682 -282698 
1001000001101101101001
-266754 221823 -58609 26204 -310466 -195603 76949 -257187 382921 238783 -282698 45655 
1001000011000000110110
-266754 221823 -58609 98505 -310466 -483751 -195603 87415 76949 222684 238783 45655 
101010110101001001100
-424286 -266754 26204 -407566 -313808 98505 -310466 -483751 222684 -257187 -282698 45655 
110111011000011110111
-424286 -266754 106252 -313808 98505 -118104 -310466 -195603 87415 76949 163234 -257187 
110011000001101110000
-424286 -266754 221823 -58609 -407566 -310466 87415 76949 -174682 382921 238783 -282698 
111110001001001001
-58609 -407566 106252 -118104 390370 -310466 -195603 76949 163234 -174682 382921 238783 
1010000010110010011110
-266754 -58609 -118104 390370 -310466 87415 76949 222684 163234 382921 238783 -282698 
10010110110110101101
-266754 221823 -58609 -313808 -118104 -195603 87415 -174682 -257187 238783 -282698 45655 

28
246471 -186029 -223966 -195569 -315139 497428 110984 499324 123755 358064 204182 -50093 254634 54413 296678 150394 -126448 -165237 -466599 -390885 -157638 -435815 5576 -468219 -375784 230469 416661 15167 
10
10001001010001111011001000
-195569 -315139 497428 110984 204182 254634 -126448 -165237 -390885 5576 -468219 -375784 230469 416661 
1111000100000001101000010
-315139 499324 358064 -50093 254634 54413 296678 -157638 5576 -468219 -375784 230469 416661 15167 
10010111111111101010110010
246471 -223966 -195569 499324 358064 54413 150394 -165237 -466599 -390885 -157638 -435815 -468219 -375784 
10000111011100000100011000
246471 -315139 110984 123755 -50093 54413 296678 -126448 -157638 -435815 -468219 -375784 416661 15167 
11100010000100111110110
-223966 -315139 110984 499324 204182 -50093 254634 150394 -165237 -390885 -157638 5576 -375784 230469 
11010100000100000000111
246471 -195569 497428 499324 358064 -50093 296678 150394 -126448 -390885 -157638 230469 416661 15167 
101101101111111101100010
246471 -186029 -223966 -195569 110984 123755 296678 150394 -165237 -157638 -435815 -468219 -375784 230469 
100111000001110111011100
-223966 -195569 497428 110984 204182 -50093 254634 54413 296678 -390885 -157638 -435815 -375784 416661 
10000100010111111010001101
-186029 -223966 -315139 110984 499324 204182 254634 54413 -466599 -157638 5576 -375784 230469 15167 
1110100100110011001010110
-186029 -195569 -315139 497428 499324 123755 358064 204182 -50093 54413 296678 -165237 -466599 15167 

6
-458260 101532 -379463 -200140 470966 -305485 
10
10000
-379463 -200140 470966 
10000
-379463 470966 -305485 
10001
-379463 -200140 470966 
1010
101532 470966 -305485 
110
-458260 101532 -305485 
10010
-458260 -379463 470966 
1010
-379463 -200140 470966 
0
-458260 101532 -379463 
1100
101532 -379463 -305485 
101
-458260 101532 470966 

28
-231137 -476502 77912 -125410 -475015 -101463 233301 266702 375818 -281820 -217635 287942 319723 443940 174409 91070 -393763 -496699 290735 267704 260922 -441463 443567 -94452 90212 -61889 111328 -472642 
10
110001111011111010100100
-231137 77912 -475015 233301 -281820 287942 319723 91070 -496699 267704 260922 443567 -61889 -472642 
110111101101100000001000
-476502 77912 233301 375818 -281820 319723 443940 174409 267704 -441463 443567 -94452 90212 -61889 
1000000001111010110000000
-231137 77912 -125410 -101463 -217635 443940 174409 91070 -393763 -441463 443567 90212 -61889 111328 
10000100100110000111111110
-476502 77912 -281820 -217635 287942 319723 443940 174409 91070 -393763 90212 -61889 111328 -472642 
101000100111000111001110
-231137 -125410 233301 -217635 443940 174409 91070 -496699 290735 260922 -94452 90212 -61889 111328 
1001000001101000100011001
-231137 -476502 77912 -475015 375818 -281820 287942 319723 174409 -393763 267704 -441463 90212 -61889 
11101101010111111101100
-231137 233301 -281820 -217635 287942 319723 443940 -496699 267704 260922 -441463 443567 90212 -61889 
1000111000111011111100000
-476502 -125410 -475015 375818 -281820 -217635 287942 319723 91070 -393763 267704 260922 -61889 111328 
1001000001111100011010010
-231137 77912 -475015 -101463 375818 -281820 287942 319723 443940 174409 -496699 290735 267704 111328 
100110100100000100000110
-231137 -476502 -125410 -475015 -101463 -281820 287942 443940 91070 -393763 260922 -441463 -61889 111328 

32
6750 -223351 103242 302689 248607 -491504 44420 -115226 -90009 -67364 -433734 199221 455930 -429296 389660 -341476 -317978 259935 -365474 -340489 58049 -208650 -441947 433871 -347948 -65583 -277640 -457916 486024 160433 -248496 -142259 
10
1100111011110110011010000111
6750 103242 44420 -90009 -433734 -429296 389660 -341476 -317978 -340489 -441947 433871 -65583 486024 -248496 -142259 
101011100000001010000011111
302689 248607 -67364 -433734 455930 389660 -317978 259935 58049 -208650 -441947 -347948 -277640 -457916 160433 -248496 
11000011000001000010001100010
-223351 -491504 -115226 -90009 -67364 389660 259935 -365474 -340489 58049 -208650 -441947 -65583 -277640 -457916 486024 
11000011100111101001111100111
6750 -223351 103242 -491504 -115226 -90009 -433734 455930 389660 -317978 58049 -65583 -277640 486024 -248496 -142259 
11000010011001111001100100011
6750 -223351 302689 248607 -491504 44420 -90009 389660 -317978 -365474 -441947 -65583 -277640 486024 160433 -142259 
11010000100100110011011001111
-223351 -115226 -67364 199221 455930 -429296 -341476 259935 -365474 -340489 -208650 -347948 -65583 -277640 -457916 486024 
10111010100110100101010010
6750 248607 -491504 44420 -433734 199221 455930 -317978 -340489 58049 -208650 -441947 -347948 -457916 486024 -248496 
10010011111011000001000001
6750 -491504 -90009 -67364 -433734 455930 389660 -341476 -365474 58049 -441947 433871 -347948 -65583 -277640 -248496 
11011100011011011100101111101
-223351 302689 248607 -491504 44420 -433734 199221 -341476 -317978 -208650 -441947 433871 -347948 -65583 486024 -248496 
1001011101000111100110110010
-223351 103242 302689 -491504 44420 -115226 -90009 -67364 455930 389660 -341476 -208650 -441947 433871 -65583 486024 

32
-68816 4539 198431 -307817 156901 -183865 288211 -396818 -144823 -22967 -57614 449136 -274214 329028 131718 -119675 -111178 433242 -181983 228008 -339355 -273088 426133 382063 452767 342428 -499048 -317025 442910 -422564 -263053 294997 
10
11000101111111010111001000
-68816 4539 198431 -183865 288211 -57614 -119675 228008 -339355 382063 342428 -317025 442910 -422564 -263053 294997 
101001011000110100010011111
-68816 4539 198431 156901 -22967 -274214 131718 -119675 433242 228008 -339355 -273088 382063 -499048 -317025 294997 
1000010000000111101010000001
4539 -307817 -183865 288211 -396818 -22967 -57614 131718 -111178 228008 -273088 426133 -499048 442910 -422564 -263053 
11111110010000100100111110010
-307817 -183865 -396818 -144823 -22967 -57614 449136 -274214 131718 -111178 433242 228008 -273088 452767 -317025 -422564 
100000110010100001100000011010
4539 198431 156901 -183865 -144823 449136 -274214 -119675 -111178 228008 -273088 426133 382063 -317025 -263053 294997 
11101101000100110011111111100
-68816 4539 156901 -183865 -396818 -22967 -57614 329028 -119675 433242 -181983 228008 426133 452767 -422564 -263053 
10011100011110010101100111101
4539 156901 -183865 288211 -396818 -22967 -57614 449136 -274214 131718 -119675 -181983 426133 452767 342428 -499048 
10110000111001100010001100110
-68816 198431 -307817 -396818 -144823 -274214 329028 -119675 433242 -339355 -273088 382063 452767 342428 -263053 294997 
1010011110010110100000111
4539 156901 288211 -144823 -57614 449136 -181983 -273088 426133 382063 452767 342428 -499048 -317025 442910 -422564 
11100111010101010100110111110
-68816 -183865 -144823 -57614 329028 131718 -111178 433242 228008 -273088 426133 342428 -499048 -422564 -263053 294997 

20
-170517 -415446 -334065 111363 175875 -339835 429235 64758 328664 -142056 -182693 248491 -246969 451462 -356355 300546 -383318 404893 -491925 -136747 
10
100101111001101111
-334065 175875 -339835 429235 -142056 -182693 -383318 404893 -491925 -136747 
1100110000000001
-170517 -415446 64758 328664 -182693 451462 -356355 300546 -383318 404893 
10100101000111111
-170517 -334065 111363 429235 328664 248491 -356355 -383318 404893 -491925 
101001011011000101
-170517 -334065 111363 248491 -246969 -356355 300546 404893 -491925 -136747 
11111000000101001
-415446 -334065 429235 328664 -142056 -182693 -246969 -356355 -383318 404893 
101010010101111111
-415446 111363 -339835 429235 64758 328664 -142056 -246969 451462 -356355 
100101010100100011
-170517 -415446 -334065 175875 429235 64758 328664 -142056 451462 300546 
101100001110010111
-334065 175875 64758 328664 -182693 -246969 451462 -383318 404893 -491925 
100100110001100100
-415446 111363 175875 64758 328664 -142056 248491 451462 -356355 -491925 
11101101101011011
-334065 175875 -339835 429235 -182693 -356355 300546 404893 -491925 -136747 

26
361983 -401069 393928 480276 -375324 -297051 -66727 -401985 485117 414304 329515 -94841 -267692 -82802 463131 160843 -221961 75640 112184 -168760 -361645 123742 -274487 54996 139550 305486 
10
10000100010011110000010
361983 480276 -297051 -401985 329515 -267692 160843 75640 -361645 123742 -274487 54996 139550 
11101011011100110000
361983 393928 480276 -375324 -66727 -401985 485117 -94841 -82802 463131 160843 75640 305486 
111001110011101001110
-401069 -297051 414304 329515 -94841 -82802 463131 160843 112184 123742 -274487 54996 305486 
10110110101011100001010
480276 -297051 -401985 485117 414304 -94841 -267692 463131 160843 -221961 112184 -274487 305486 
1001111100110101100111
485117 414304 329515 -94841 -267692 160843 75640 112184 -168760 123742 54996 139550 305486 
1010000000101101000110
361983 -401069 -375324 485117 -94841 -267692 -82802 160843 -221961 112184 -168760 -274487 305486 
1101110010001100111111
361983 -401069 480276 -297051 -401985 414304 -94841 -267692 -221961 75640 112184 -168760 305486 
1010100000000001111110
361983 -401069 480276 485117 329515 -267692 -82802 463131 -221961 75640 112184 -361645 123742 
111000011000010100111
-401069 393928 480276 -297051 485117 329515 -94841 -267692 463131 160843 -221961 112184 -168760 
1111000111110111101110
-401069 480276 -375324 -267692 -82802 463131 -221961 112184 -168760 -361645 -274487 54996 139550 

30
-146752 139873 58216 356884 44374 -334893 -396143 270615 98018 152334 132783 -4704 -189423 468286 126948 -31415 -246868 -384884 -285953 -392024 -411748 -287071 -84122 349152 447167 432285 346589 176105 -418735 -186427 
10
110110000011010101011111110
139873 -334893 -396143 270615 98018 152334 -189423 -31415 -246868 -384884 -392024 -411748 -287071 447167 432285 
110011010100110011110000011
-146752 58216 -396143 270615 98018 152334 132783 -4704 126948 -246868 -392024 -411748 -84122 447167 432285 
101110110011011111100100111
-146752 139873 -334893 -396143 270615 98018 152334 -189423 468286 -384884 -392024 -411748 -287071 432285 -186427 
111100101100100111110011100
-146752 139873 356884 -334893 270615 -4704 -189423 126948 -246868 -285953 -392024 -287071 349152 447167 432285 
10101011101110010010101010
356884 44374 -396143 -4704 126948 -246868 -285953 -411748 -287071 -84122 349152 447167 346589 176105 -186427 
1010010100001100001100100
139873 356884 98018 132783 -4704 468286 -246868 -285953 -392024 -411748 -84122 349152 447167 432285 -418735 
11000101101001001000001011
-146752 139873 356884 44374 152334 -189423 468286 -31415 -384884 -392024 -84122 346589 176105 -418735 -186427 
101001001001101000111110110
139873 356884 44374 -396143 270615 -4704 -189423 126948 -246868 -384884 -411748 -287071 -84122 346589 -418735 
1000010101101101110010000110
-146752 139873 58216 -334893 -396143 152334 132783 126948 -392024 -411748 -287071 -84122 349152 176105 -418735 
111101011101101011010011100
-146752 356884 -334893 -396143 270615 152334 132783 126948 -31415 -384884 -285953 -84122 432285 176105 -418735 

12
90819 90113 342437 -453776 -106344 41635 306297 475852 -346518 194366 -424464 239379 
10
1001001010
90113 342437 475852 194366 -424464 239379 
1110010001
90113 342437 306297 -346518 194366 239379 
10101100
90819 90113 342437 -106344 475852 -346518 
1000011110
90113 41635 306297 475852 -346518 239379 
1100010111
90113 342437 306297 -346518 194366 -424464 
11010000
342437 -106344 306297 -346518 194366 -424464 
111010111
90819 90113 342437 -453776 -106344 -424464 
100100100
90819 342437 -453776 -346518 194366 -424464 
1101001010
90819 -453776 -106344 306297 475852 -346518 
1001001001
90113 -106344 475852 194366 -424464 239379 

32
-429686 -341434 -128504 287375 136527 83695 15980 -137430 -461324 -380059 -66486 -335714 358190 -287063 345724 -445849 374763 -473384 -183177 -269228 -129765 -435305 -101295 38201 -405452 243620 145584 229673 60648 467171 -192810 398009 
10
10001011111001111001010010111
-429686 15980 -137430 -461324 -380059 358190 345724 -445849 374763 -473384 -183177 -101295 -405452 145584 60648 398009 
1011110101111101001100010101
-429686 287375 136527 83695 15980 -380059 -335714 -287063 -445849 374763 -183177 -129765 -435305 38201 60648 398009 
11011100110100100111011110100
-429686 -128504 136527 83695 -137430 -461324 -380059 -335714 -287063 345724 -473384 -183177 -129765 145584 229673 60648 
100001111011011010100100001
-429686 -341434 -128504 83695 -380059 -335714 -445849 -473384 -269228 -101295 38201 -405452 229673 467171 -192810 398009 
1000110111111110111101001011
287375 15980 -461324 -66486 358190 -287063 345724 -473384 -183177 -269228 38201 243620 145584 229673 467171 -192810 
101000011000100101000111
-341434 -461324 -66486 358190 345724 -445849 -183177 -269228 -435305 -101295 243620 145584 229673 60648 -192810 398009 
1110000010111000101110100101
-429686 287375 136527 83695 -137430 -380059 -66486 -335714 358190 -287063 -445849 -101295 38201 145584 60648 -192810 
10011011001001001111001
-429686 -341434 136527 15980 -137430 -66486 -129765 -435305 -101295 38201 -405452 229673 60648 467171 -192810 398009 
1000100001111010001001111101
-128504 136527 83695 15980 -137430 -461324 -66486 -335714 358190 -183177 -269228 -101295 -405452 145584 229673 -192810 
10100101110010110010100010001
-429686 287375 -461324 -380059 -335714 358190 -287063 345724 -445849 -473384 -269228 -129765 -435305 -101295 60648 -192810 

2
-212520 -334957 
10
1
-334957 
1
-334957 
0
-212520 
1
-212520 
1
-334957 
1
-212520 
1
-212520 
1
-334957 
0
-212520 
0
-334957 

32
-339995 -481805 -268867 -423142 -368990 -494227 -467610 -150787 79986 450222 -485083 -86378 451824 -453627 289994 -64422 -334749 225899 193071 -499739 398271 -113606 216955 -406260 364182 -323740 -205365 -111138 136572 78648 96261 -146748 
10
11010101100110111111010000001
-481805 -467610 -150787 79986 450222 -485083 -86378 451824 289994 -64422 -113606 216955 -406260 364182 96261 -146748 
100011111111100101010011001
-339995 -481805 -423142 -368990 -150787 79986 -485083 -86378 451824 289994 -64422 -113606 -111138 136572 78648 -146748 
1011110010000100011011101000
-481805 -268867 -368990 -494227 -467610 79986 -86378 451824 289994 225899 -499739 398271 136572 78648 96261 -146748 
1110000100010110001001101000
-368990 -467610 79986 -485083 -453627 289994 -334749 225899 193071 -499739 -113606 216955 -205365 -111138 136572 -146748 
1110100011010010000100111110
-339995 -368990 79986 450222 -86378 451824 -453627 289994 -64422 -334749 225899 -499739 -113606 -406260 78648 96261 
11011000101001100101101000010
-423142 -494227 -467610 -150787 79986 450222 -485083 -64422 225899 193071 398271 -113606 -323740 136572 96261 -146748 
10101010111010100100001000111
-339995 -268867 -423142 -494227 -467610 -485083 -86378 -64422 225899 193071 -113606 216955 364182 -323740 -111138 78648 
1001110101101001100110011100
-481805 -268867 -423142 -150787 450222 -485083 -453627 -64422 -334749 225899 193071 216955 364182 -205365 -111138 136572 
11010110110101111101010000110
-339995 -268867 -368990 -467610 -150787 450222 -86378 -453627 289994 225899 -323740 -205365 -111138 136572 78648 96261 
10010111101100101011001111010
-339995 -494227 79986 450222 -485083 -86378 451824 289994 225899 -113606 -406260 364182 -323740 -111138 136572 96261 

14
-111577 34362 -448201 -143390 -202051 322983 363998 -232416 209847 -227950 -232231 -72226 -54031 177103 
10
101000011011
34362 322983 363998 -227950 -232231 -72226 177103 
101111011101
-448201 322983 -232416 209847 -227950 -72226 177103 
110001100000
-111577 -448201 -143390 363998 -232416 209847 -72226 
101101101101
-448201 -143390 -202051 209847 -227950 -72226 -54031 
101011110101
-111577 -448201 -143390 -202051 322983 363998 209847 
1001110011
-111577 34362 209847 -227950 -232231 -72226 -54031 
1000010
-111577 -202051 322983 209847 -227950 -232231 -72226 
100001010000
-111577 -448201 322983 209847 -227950 -72226 177103 
10000110
-111577 34362 -448201 -202051 322983 209847 -72226 
110010010001
-111577 -448201 -202051 -232416 -72226 -54031 177103 

2
-365287 498896 
10
0
-365287 
0
498896 
0
-365287 
1
-365287 
1
498896 
0
-365287 
1
-365287 
0
498896 
0
498896 
1
-365287 

24
487510 43874 -206544 116294 -354435 129556 -469394 -80971 453392 -494809 -138198 159751 -17265 -153267 114318 -175835 96216 363985 -208241 237729 -85168 -331207 -446235 444510 
10
1000111100110100001001
-206544 129556 -469394 -80971 159751 -17265 -153267 114318 -175835 363985 -208241 -85168 
1011100011011000110
129556 453392 -138198 159751 -17265 -153267 96216 363985 -208241 237729 -446235 444510 
1000001100110001111001
43874 -206544 129556 453392 -153267 114318 -175835 -208241 -85168 -331207 -446235 444510 
1000101100110110001011
487510 43874 -206544 116294 129556 453392 -494809 -138198 114318 363985 -85168 -331207 
10101000110010111000
487510 -206544 116294 129556 -80971 453392 -494809 114318 -208241 -85168 -331207 444510 
111100001110101001000
487510 -206544 129556 453392 -494809 159751 -17265 96216 237729 -85168 -331207 444510 
111001011011110010101
43874 129556 -469394 -80971 453392 -17265 -153267 -175835 96216 363985 -331207 444510 
111111111010000101010
43874 -354435 129556 -80971 159751 -17265 -153267 114318 -175835 96216 363985 -85168 
10111110011001010
487510 43874 -206544 129556 -469394 -80971 159751 -153267 -175835 363985 -208241 -85168 
10001011110010010111
487510 43874 129556 -469394 453392 -138198 -17265 -153267 114318 -85168 -331207 -446235 

14
355582 214238 -290534 -216657 453482 476872 245540 139787 168072 -474777 449322 -233918 53950 -252029 
10
10110000000
355582 -216657 476872 245540 -474777 -233918 53950 
10001101000
355582 214238 453482 476872 168072 -474777 449322 
100000010111
355582 -290534 453482 245540 -474777 449322 -252029 
10000010011
-290534 453482 476872 245540 168072 -474777 53950 
111100100
214238 476872 139787 168072 449322 53950 -252029 
110000011011
214238 -290534 -216657 476872 139787 -474777 53950 
11110001101
453482 245540 139787 168072 -474777 -233918 53950 
110010001011
-216657 476872 245540 139787 168072 -474777 -233918 
10000001110
-216657 245540 168072 449322 -233918 53950 -252029 
10111110111
-290534 -216657 453482 245540 168072 449322 -252029 

14
230391 -173393 -309407 -17647 -279918 134915 303709 357474 301984 169630 309624 301954 96841 -290798 
10
10110100
230391 -173393 -309407 -279918 357474 309624 -290798 
100001111
230391 -309407 134915 303709 301984 309624 96841 
100000101100
230391 -309407 134915 357474 301984 169630 96841 
100100111110
230391 -17647 -279918 303709 357474 301954 96841 
110011101
-309407 134915 301984 169630 301954 96841 -290798 
100000100010
-173393 -17647 -279918 134915 357474 169630 96841 
100110100111
-17647 -279918 303709 301984 169630 96841 -290798 
111101000
-173393 -309407 -17647 134915 303709 169630 301954 
10100100100
230391 -173393 -17647 -279918 134915 303709 -290798 
10000011111
-173393 -309407 -279918 357474 169630 309624 301954 

18
21142 -233318 406470 74542 99766 49089 315171 -130878 117094 -472510 -143803 24141 -372358 -55951 247966 95757 237005 -5452 
10
100101110000110
21142 74542 99766 -130878 -143803 24141 -372358 237005 -5452 
1011000010110000
21142 315171 -130878 -143803 24141 -372358 -55951 247966 237005 
101101001100001
21142 74542 49089 315171 -143803 24141 -55951 95757 -5452 
100001011110000
-233318 74542 99766 315171 117094 24141 -55951 237005 -5452 
111010101001011
21142 -233318 406470 99766 117094 -472510 -143803 -55951 -5452 
1010001001010001
21142 406470 74542 99766 -143803 24141 -55951 95757 237005 
1011110001000100
21142 406470 99766 315171 117094 -472510 -143803 -372358 -5452 
110000010010010
49089 315171 117094 -143803 24141 -372358 -55951 95757 237005 
10100000001111
406470 99766 49089 -130878 117094 -472510 -55951 95757 -5452 
111101101011100
-233318 406470 74542 99766 49089 117094 24141 -55951 237005 

10
478636 288261 90215 -312943 -103741 -51079 27962 362678 -27643 311867 
10
1111110
288261 90215 -312943 -103741 -51079 
11011111
478636 288261 90215 -312943 -51079 
11100011
288261 90215 -312943 -103741 362678 
100110
90215 -103741 -51079 362678 -27643 
11001010
-312943 -103741 27962 362678 311867 
1110111
90215 -103741 -51079 27962 362678 
11110000
478636 90215 -312943 27962 -27643 
11010111
478636 -312943 -103741 -27643 311867 
11100111
478636 288261 -51079 27962 362678 
10111
288261 -312943 -103741 362678 -27643 

10
316197 131369 -499509 117585 145076 -498727 25415 153058 -402893 345073 
10
1101111
316197 145076 -498727 25415 153058 
101100
131369 117585 145076 153058 345073 
10001
316197 131369 -499509 117585 145076 
1111100
117585 -498727 153058 -402893 345073 
1100000
131369 145076 -498727 153058 -402893 
1100010
316197 131369 -499509 117585 -498727 
10001
117585 145076 -498727 25415 -402893 
101110
316197 131369 145076 153058 345073 
1111100
316197 131369 -499509 117585 145076 
11111010
316197 131369 -498727 -402893 345073 

2
199761 -293219 
10
1
-293219 
0
199761 
1
199761 
0
-293219 
0
199761 
1
-293219 
0
-293219 
1
-293219 
0
-293219 
0
199761 

6
134779 -7195 -51192 212255 66489 464992 
10
10001
-51192 212255 464992 
1
134779 -7195 464992 
10000
134779 -7195 212255 
10010
-7195 -51192 212255 
1010
134779 -7195 464992 
10000
-51192 212255 66489 
110
212255 66489 464992 
1
-51192 66489 464992 
111
-7195 -51192 212255 
100
134779 -51192 66489 

10
286271 256113 -362464 371425 -239534 -232904 -163511 -239451 -54496 121743 
10
11101
286271 256113 371425 -232904 121743 
11101
286271 256113 371425 -232904 -54496 
1001111
286271 371425 -239534 -232904 -239451 
10000
286271 -362464 371425 -239451 -54496 
11000110
286271 -362464 -239534 -232904 -163511 
10001110
286271 371425 -239451 -54496 121743 
1111101
371425 -239534 -239451 -54496 121743 
11011000
286271 -362464 -239534 -232904 -54496 
10010100
286271 -362464 -239451 -54496 121743 
11101100
286271 256113 -362464 371425 -54496 

32
461975 339438 -274038 264521 -324887 -110529 49962 -315259 177547 -373644 338611 -94900 -129908 -245270 -174303 -10539 -179434 -81220 -166810 378970 -74759 89098 -101968 -291761 43862 32543 118331 49194 420888 -29580 192337 484296 
10
1001111010010001000101110110
461975 -274038 264521 -110529 49962 -373644 -94900 -129908 -179434 -81220 -166810 -74759 32543 49194 -29580 192337 
10010000001100111001011011
-274038 264521 -315259 177547 338611 -129908 -10539 -179434 89098 -101968 -291761 32543 118331 420888 -29580 192337 
100010010001010010010011110000
-274038 -324887 -110529 49962 -315259 338611 -94900 -245270 -179434 -81220 378970 89098 -291761 118331 192337 484296 
11001010110001000111010011
461975 -274038 49962 -315259 177547 -373644 -94900 -245270 -174303 -10539 89098 43862 118331 49194 -29580 484296 
11000110010110000010000010111
-324887 -110529 49962 -315259 -373644 -129908 -245270 -174303 -81220 -101968 -291761 43862 118331 49194 420888 192337 
1110010000110000001110000100
461975 339438 -274038 264521 -324887 -373644 338611 -245270 -10539 -179434 378970 -74759 -291761 43862 32543 192337 
100110111001000010011011111
461975 -274038 264521 -324887 -110529 338611 -10539 -81220 -166810 89098 43862 118331 49194 420888 192337 484296 
1101000111100001010101010010
339438 264521 49962 -315259 -373644 338611 -245270 -179434 -74759 89098 -101968 32543 49194 420888 -29580 192337 
1110000010111000000011010
461975 339438 264521 -324887 -110529 49962 177547 -373644 -94900 -129908 -179434 -166810 378970 -74759 -291761 43862 
1101111010100011100100100111
461975 339438 -324887 -110529 49962 -315259 -373644 -245270 -10539 -179434 -81220 89098 -291761 43862 32543 118331 

16
-473458 -34574 464268 419329 279530 -427168 161914 -480866 456359 474917 461564 423539 262978 488940 253461 428575 
10
111111111101
-473458 464268 279530 161914 456359 262978 488940 428575 
10101110100011
-473458 -34574 464268 279530 161914 474917 253461 428575 
10010010110110
464268 279530 -427168 474917 461564 423539 488940 253461 
10001011110100
-473458 -34574 419329 279530 -427168 161914 -480866 262978 
1011110100110
-34574 279530 161914 -480866 456359 474917 423539 488940 
1010001110
-34574 464268 419329 -427168 474917 423539 488940 428575 
10101101000111
-473458 464268 419329 161914 456359 474917 461564 423539 
1111011001111
-473458 161914 -480866 456359 474917 423539 253461 428575 
10111000011011
-34574 464268 419329 279530 -427168 456359 262978 488940 
10110101110101
-473458 -34574 419329 279530 161914 456359 423539 488940 

22
-311126 307206 -143600 -222711 247709 -59953 -75656 200961 263850 82853 39392 -132644 -44213 311316 3333 -44100 353971 373786 -490524 -236340 129793 -187747 
10
111110001101111001
-311126 -143600 -75656 39392 -132644 -44213 311316 3333 -44100 353971 129793 
1010010000100110101
-143600 247709 82853 -44213 311316 353971 373786 -490524 -236340 129793 -187747 
111010001010011
307206 -143600 -222711 247709 -59953 -75656 82853 -132644 3333 373786 -236340 
1011011001010010101
-75656 200961 263850 82853 -132644 3333 353971 373786 -490524 -236340 129793 
10100101001010100101
-143600 -59953 200961 39392 -44213 311316 373786 -490524 -236340 129793 -187747 
1110001010011010100
307206 247709 200961 82853 -44213 311316 373786 -490524 -236340 129793 -187747 
1000011100111100110
-311126 -222711 -59953 -75656 39392 -132644 311316 -44100 373786 -490524 -187747 
111111011001011111
-311126 -143600 -59953 -75656 39392 -44213 311316 353971 -490524 -236340 -187747 
110100011101010111
-311126 307206 -75656 263850 39392 -132644 -44213 3333 -44100 353971 -236340 
10101010101100011011
247709 200961 82853 39392 -132644 -44213 311316 3333 353971 -490524 -187747 

24
162091 480138 348148 400900 131199 -12146 -316879 -216512 253948 -20861 30026 -429624 431292 -289012 323875 -184268 -267169 239029 143259 255728 -87940 100935 -91858 264543 
10
11011100111100001
162091 480138 348148 400900 253948 -20861 30026 -429624 431292 -289012 -267169 100935 
1000001001010000000100
162091 480138 -316879 253948 30026 323875 -267169 239029 143259 255728 -87940 264543 
110101111101110010001
162091 348148 -316879 -216512 253948 30026 431292 323875 -267169 255728 -87940 100935 
1001110011001010010
480138 131199 -12146 -316879 -216512 -20861 -289012 -184268 -267169 239029 -87940 -91858 
10011111000110011101
480138 348148 -12146 -216512 -20861 -429624 431292 -289012 239029 255728 -91858 264543 
101010010101111001
348148 -12146 -216512 -20861 -429624 431292 323875 -184268 -267169 239029 143259 -87940 
11111010000100100110
348148 131199 -12146 -316879 253948 30026 -429624 -289012 323875 -87940 100935 264543 
111000110101001011101
480138 348148 131199 -12146 -316879 -216512 253948 -20861 -184268 239029 143259 -91858 
101111001100101000100
348148 131199 -12146 -316879 253948 431292 -289012 -184268 255728 100935 -91858 264543 
100110011001111001111
348148 400900 131199 -316879 -216512 253948 -20861 -289012 323875 -184268 255728 264543 

6
115446 -19602 22613 -474612 54705 49449 
10
1010
-19602 22613 -474612 
111
115446 -19602 22613 
1111
115446 -19602 49449 
1011
22613 54705 49449 
101
-19602 22613 54705 
10000
22613 -474612 54705 
1111
-19602 22613 -474612 
11
115446 -19602 49449 
0
22613 54705 49449 
1011
115446 -19602 22613 

8
5264 -240787 238352 -231621 -161245 -229953 -18964 -195089 
10
101011
-240787 238352 -229953 -195089 
111011
-240787 238352 -161245 -195089 
10000
-161245 -229953 -18964 -195089 
11100
5264 -240787 238352 -231621 
11100
5264 -240787 -229953 -18964 
1111
5264 -240787 238352 -231621 
10000
238352 -161245 -229953 -195089 
10001
5264 -231621 -161245 -229953 
100
5264 238352 -161245 -195089 
1000000
-231621 -229953 -18964 -195089 

28
-264979 -430293 258365 -179191 392730 228312 -306313 471316 -389799 225648 -293954 228660 254049 -191245 358204 -133334 253470 298146 73528 241530 -178713 -230842 60061 -344440 479195 293944 88748 -382932 
10
101111000011011111101001
-264979 258365 392730 228312 -306313 -389799 228660 254049 -133334 241530 -230842 60061 479195 88748 
1001001001001111000100000
-264979 471316 -389799 254049 -191245 358204 253470 -178713 -230842 60061 -344440 293944 88748 -382932 
111111101101100100110110
392730 228312 228660 254049 358204 -133334 253470 298146 241530 -178713 -230842 -344440 293944 88748 
111000101001010010
-264979 -430293 -306313 471316 225648 228660 254049 -191245 358204 241530 -178713 -230842 479195 293944 
1110000001001010110001100
-306313 471316 -389799 225648 -293954 228660 254049 -191245 358204 -133334 73528 -230842 60061 -382932 
1101111110001100000011010
471316 225648 228660 358204 -133334 253470 73528 -178713 -230842 60061 -344440 479195 293944 88748 
110011101001110000000101
-430293 258365 228312 471316 225648 -293954 358204 -133334 73528 -230842 -344440 479195 88748 -382932 
1101100011110110000001
-264979 -179191 392730 -306313 225648 -293954 358204 -133334 253470 -178713 -230842 -344440 479195 293944 
10001010101110111001
258365 228312 -306313 225648 -293954 254049 -191245 358204 241530 -230842 60061 -344440 479195 88748 
1000110011010101101110101
-430293 -179191 225648 -293954 228660 254049 -133334 253470 298146 73528 -178713 60061 -344440 293944 

22
-409042 -404553 8078 185253 404260 412808 -349054 -456983 -210017 155694 223004 -468695 447954 428739 284975 -480003 -410295 348070 -331120 -438389 289923 483611 
10
10100100011101100101
404260 412808 -349054 -456983 -210017 155694 223004 -468695 447954 348070 483611 
1011001101111001
8078 185253 404260 -456983 155694 447954 428739 -410295 -331120 289923 483611 
10101011101011011001
-404553 404260 -349054 155694 223004 -468695 447954 428739 348070 -438389 289923 
1010010100101100111
8078 185253 404260 -456983 -210017 155694 284975 -480003 -410295 348070 289923 
1101111010101111010
-409042 -404553 8078 185253 404260 -456983 428739 -480003 -410295 348070 289923 
10000100000010000111
-404553 8078 404260 412808 -349054 -456983 428739 -410295 -331120 289923 483611 
10111110100011111
8078 412808 -210017 223004 -468695 447954 428739 284975 -438389 289923 483611 
100010101000111000
-409042 404260 -210017 155694 -468695 447954 428739 284975 348070 -331120 -438389 
101001110011110
-409042 -404553 404260 -349054 -456983 -210017 155694 447954 348070 289923 483611 
11100011011110011
404260 412808 -349054 -456983 223004 447954 428739 -480003 -410295 -438389 289923 

18
164863 472344 -49625 447106 -136564 -169434 -163651 63909 -203267 -211230 -480840 -482070 -144545 463028 -448364 -54843 -40678 -173037 
10
1001010101111101
-49625 447106 -136564 -163651 -203267 -480840 -448364 -54843 -40678 
101101110111100
164863 472344 -136564 -169434 -163651 -480840 -144545 463028 -173037 
11000110100100
164863 -49625 -163651 -203267 -211230 -480840 -482070 -40678 -173037 
1010010001000011
472344 -49625 447106 -163651 -211230 -480840 -144545 -54843 -173037 
101011001001110
164863 -49625 -211230 -480840 -144545 463028 -448364 -54843 -40678 
110001001101001
472344 -49625 447106 -480840 -482070 -144545 463028 -448364 -54843 
1010000110101000
472344 -49625 447106 -136564 -169434 -203267 -482070 -144545 463028 
10101110101000
164863 -49625 447106 -136564 -480840 -144545 -448364 -54843 -173037 
10011110111000
164863 472344 447106 -169434 63909 -203267 -448364 -54843 -173037 
1010111101000101
447106 -169434 63909 -203267 -211230 -482070 463028 -54843 -40678 

2
380629 -450491 
10
0
380629 
1
-450491 
1
-450491 
1
-450491 
0
-450491 
1
380629 
0
380629 
1
-450491 
1
-450491 
0
380629 

20
247614 206661 -245544 419320 391664 -157960 -210853 152583 483149 -180501 383408 -319858 -31088 -11927 6003 361459 324487 376124 -178719 280604 
10
100110110100001
247614 206661 419320 391664 -157960 -210853 -180501 -319858 -31088 376124 
101000010110110001
247614 419320 391664 -157960 152583 -180501 -319858 -31088 361459 -178719 
11000101110010101
-245544 419320 -157960 152583 483149 -31088 -11927 6003 324487 280604 
111100000001100
247614 206661 -245544 419320 -210853 483149 -31088 -11927 376124 280604 
11010001110011011
247614 206661 -245544 419320 152583 483149 324487 376124 -178719 280604 
10010001011100101
419320 391664 -210853 -180501 383408 -31088 -11927 361459 324487 376124 
10101110000101111
247614 -245544 -157960 -210853 152583 483149 -180501 383408 -319858 280604 
100101111010011000
247614 206661 -245544 391664 -31088 6003 324487 376124 -178719 280604 
1110111101001100
206661 -245544 419320 -157960 483149 -31088 361459 324487 -178719 280604 
11110100110111110
206661 -245544 -157960 -210853 483149 -180501 383408 361459 376124 -178719 

18
76868 -42502 7008 118129 19173 -96170 -256585 -351869 343626 35948 453755 351099 36733 368863 -285845 -173920 -497216 317797 
10
110000101011100
-42502 7008 118129 19173 -256585 -351869 -173920 -497216 317797 
100110110011011
7008 118129 19173 -96170 -351869 453755 368863 -285845 -173920 
10000010010010
-42502 -96170 35948 453755 351099 368863 -285845 -173920 -497216 
101111101000100
76868 -42502 -96170 -256585 35948 368863 -285845 -173920 317797 
101011111100010
76868 118129 19173 -96170 35948 453755 -173920 -497216 317797 
11001111111100
-42502 7008 -96170 453755 351099 368863 -173920 -497216 317797 
1010101111011100
-42502 7008 118129 343626 35948 453755 351099 36733 -173920 
110011010101110
7008 19173 -256585 343626 35948 453755 -285845 -173920 317797 
1000110100110111
118129 19173 -256585 343626 351099 -285845 -173920 -497216 317797 
100101010010000
7008 -96170 -351869 343626 35948 453755 368863 -173920 -497216 

14
-251855 -427368 448756 -229962 -449358 -341791 -447113 -69415 478710 288218 454557 485808 67222 103059 
10
10101
-251855 -427368 448756 -229962 -449358 478710 288218 
110001101110
-251855 -229962 -341791 -447113 288218 454557 67222 
100111110111
-427368 448756 -449358 -447113 478710 485808 67222 
100011000101
-449358 -447113 478710 288218 454557 485808 67222 
11100001111
-251855 -427368 -341791 -69415 478710 288218 103059 
101011010000
-251855 448756 -447113 -69415 478710 454557 103059 
110001110000
-251855 -229962 -449358 -447113 -69415 485808 67222 
101111110110
-427368 448756 -229962 -449358 -447113 478710 485808 
1100101
-251855 -229962 -69415 478710 288218 454557 103059 
100100010011
448756 -229962 -341791 288218 454557 485808 67222 

22
-295367 -341612 -490512 46221 -84915 129241 455322 458106 275904 -211448 197178 -27935 143560 -102433 399189 -392527 70212 452272 -274004 341761 246673 -195831 
10
10010001011111110111
-490512 -84915 129241 275904 -211448 197178 -27935 143560 -102433 399189 -392527 
1111001011010010101
-295367 -84915 129241 458106 275904 197178 143560 -102433 399189 -392527 452272 
1000000000110101001
-490512 46221 -84915 129241 455322 275904 -211448 197178 143560 399189 70212 
1101111001010111110
-295367 -341612 -490512 46221 455322 275904 -211448 143560 399189 70212 341761 
110000010001111101
-295367 -490512 455322 458106 275904 -211448 197178 -27935 -392527 -274004 -195831 
110011111101101110
-341612 -490512 -84915 129241 458106 -211448 143560 -102433 -392527 341761 246673 
1101011001100011000
-490512 46221 -84915 455322 458106 -211448 -27935 399189 -392527 70212 -274004 
10001111100011001011
-295367 -490512 46221 -84915 -211448 -27935 -102433 399189 70212 452272 341761 
101001110100001101
-295367 -341612 -490512 46221 455322 458106 197178 399189 452272 -274004 246673 
10101001101111010111
-84915 455322 458106 275904 -211448 197178 -27935 70212 452272 -274004 246673 

18
-358336 -352205 -424824 -14995 -271537 312427 -33222 -47296 479345 -315416 491277 -157721 -229851 155518 47895 -441599 -411919 21591 
10
10010110110011
-358336 -352205 -271537 -315416 491277 -157721 155518 47895 -411919 
10001111010
-352205 -14995 -33222 479345 -315416 491277 -229851 47895 -411919 
1010101001010111
-358336 -352205 -424824 -271537 -33222 479345 -229851 47895 21591 
110001001101
-352205 -424824 312427 -47296 491277 -157721 -441599 -411919 21591 
10011110011
-352205 -14995 -271537 -33222 479345 -229851 155518 -441599 -411919 
111001111111001
-352205 -424824 -271537 312427 -47296 479345 -315416 -157721 47895 
100000101110101
-352205 -14995 -271537 312427 -33222 -47296 -315416 491277 -411919 
11111010111111
-424824 -14995 312427 -33222 -47296 -315416 -157721 -411919 21591 
101010010110101
-424824 -271537 312427 -33222 -315416 155518 47895 -441599 21591 
1000110100010001
-424824 -271537 312427 479345 -315416 491277 -157721 -441599 -411919 

14
-127274 98722 -59516 -312843 -8674 -163859 -458898 -10383 361828 126649 -227848 -195658 84678 437646 
10
1100110101
-127274 -59516 -312843 -8674 -458898 -10383 126649 
101011011111
-127274 -312843 -10383 361828 126649 -227848 437646 
1011011110
-127274 98722 -59516 -8674 -458898 -227848 -195658 
10000101101
98722 -59516 -312843 -10383 126649 -227848 437646 
11111011001
98722 -59516 -8674 -163859 -10383 -195658 437646 
11101000101
-127274 98722 -59516 -458898 361828 126649 437646 
1011111100
-127274 -312843 -8674 -163859 -458898 -227848 437646 
10111111001
-312843 -8674 -458898 361828 126649 -227848 437646 
1000100010
-8674 -163859 -458898 361828 126649 -227848 437646 
10111100000
-59516 -163859 -10383 361828 126649 84678 437646 

28
-444932 -453655 -111375 158775 -185707 362189 420590 -491329 30263 228781 252358 -55380 -158486 -103202 -38430 -427436 -401357 253964 -135393 433357 -221989 411217 -258397 -455946 -9935 -166356 -423587 426654 
10
110101000111100111011110
-444932 -111375 362189 -491329 30263 252358 -38430 -401357 253964 -221989 411217 -258397 -166356 -423587 
1101110001010001000011101
-444932 -111375 -185707 362189 252358 -38430 -427436 -401357 433357 411217 -258397 -9935 -166356 426654 
1110100001010001000000110
158775 -491329 30263 228781 252358 -55380 -103202 -38430 -427436 -401357 253964 -135393 -221989 426654 
1000010111101001010111111
-111375 158775 -185707 362189 228781 252358 -427436 -135393 -221989 -258397 -455946 -9935 -166356 426654 
1111100101011111100001000
-444932 -111375 -185707 362189 420590 -491329 228781 252358 -158486 -401357 433357 -221989 -258397 -423587 
11001011011111100100111
-111375 158775 -185707 -158486 -103202 -38430 -427436 253964 -135393 433357 411217 -455946 -166356 -423587 
1001111100110011110100
-444932 -111375 228781 252358 -55380 -38430 -427436 253964 -135393 433357 -258397 -9935 -423587 426654 
10010001111111111101110100
158775 -185707 362189 420590 -491329 228781 -158486 -401357 253964 433357 -221989 -9935 -166356 426654 
10100000011100110011001
158775 420590 -491329 252358 -55380 -158486 -38430 -427436 -401357 253964 -135393 -258397 -9935 -423587 
111001011111111100110010
-453655 -111375 -185707 -491329 228781 252358 -103202 -38430 -427436 -401357 -135393 -221989 411217 -455946 

22
449287 3830 -410610 160524 -296959 -215837 6949 377531 -176711 -245947 -86720 -115065 323370 214508 84992 140060 186406 -424969 233807 -451900 410290 330880 
10
10010000100101110111
-410610 -296959 -215837 6949 -115065 323370 214508 140060 -424969 410290 330880 
111111101100010000
449287 3830 -410610 377531 -176711 -245947 -115065 323370 -424969 -451900 410290 
10010010100011100011
449287 -410610 160524 377531 -115065 323370 186406 233807 -451900 410290 330880 
1101101101110010000
449287 3830 -410610 160524 6949 -245947 -86720 214508 140060 -424969 330880 
1010101010101001001
3830 -410610 -296959 -215837 6949 -86720 -115065 84992 140060 -424969 410290 
1110010110100010001
449287 160524 -215837 -245947 -115065 323370 214508 84992 -451900 410290 330880 
10000111001111001101
3830 -296959 6949 377531 -176711 -245947 -115065 323370 214508 140060 186406 
10101011101000111111
160524 -296959 -215837 -176711 -245947 -115065 84992 233807 -451900 410290 330880 
11001101111000100
449287 3830 -296959 6949 -86720 -115065 323370 84992 140060 233807 410290 
1110101101110010101
449287 3830 -410610 160524 -296959 -115065 84992 140060 -451900 410290 330880 

4
-479738 -132629 -412794 -94236 
10
0
-479738 -132629 
0
-132629 -412794 
1
-479738 -132629 
10
-132629 -412794 
10
-479738 -94236 
101
-132629 -94236 
100
-132629 -94236 
100
-479738 -132629 
100
-479738 -94236 
1
-132629 -94236 

30
59997 263038 -452798 54151 -68317 254972 -490974 -77694 307242 130612 -154879 430114 70175 -243419 -168387 -434580 -386479 -476188 354692 194245 -435939 -337341 -486385 -190808 446283 480173 -24367 -456343 210325 -369042 
10
1000011110001000111001000011
54151 -68317 -77694 307242 70175 -243419 -434580 -386479 354692 -435939 -486385 -190808 446283 480173 -24367 
101110111101000000010000011
263038 54151 -68317 254972 -490974 -77694 130612 -434580 -476188 354692 194245 -435939 446283 480173 -456343 
100111111000100111011000011
263038 54151 -490974 430114 70175 -243419 -168387 -434580 -386479 -476188 354692 194245 -435939 446283 480173 
1000001001111111001110000100
263038 -452798 -68317 254972 -490974 307242 130612 -154879 -243419 -434580 -476188 -486385 446283 -456343 210325 
101011000111010010000000010
263038 54151 254972 307242 130612 -154879 70175 -168387 194245 -337341 -486385 -190808 446283 -24367 210325 
110011100010010100011110111
59997 263038 -452798 -68317 -490974 -77694 130612 430114 70175 -168387 -476188 194245 -435939 -486385 -456343 
1011001100011001001111011
263038 -452798 54151 -77694 -154879 430114 70175 -168387 -434580 194245 -337341 -486385 446283 -24367 -456343 
110101011001010111100101110
-452798 -68317 254972 -490974 130612 430114 -243419 -434580 -386479 354692 194245 -435939 -486385 446283 -369042 
11100001101101011110100000
263038 -68317 254972 -490974 130612 430114 -168387 -434580 -386479 354692 194245 -190808 446283 -456343 210325 
111110001011010100000010110
59997 -452798 54151 254972 307242 130612 -154879 70175 -386479 354692 -435939 -337341 446283 -24367 -369042 

30
-210007 255456 90282 -120851 -440297 371316 125122 254659 -25919 331046 -362702 447381 346853 -93150 -330111 -282909 271243 -297074 457899 466925 -110768 -303525 327088 -327791 -397677 172499 429080 -239306 -173885 -60363 
10
100010010001111000010110111
-210007 -440297 125122 -362702 346853 -330111 -282909 457899 466925 -110768 -303525 -327791 172499 -239306 -60363 
10111100010000001011111001
-210007 255456 90282 -120851 -440297 125122 331046 346853 -330111 -282909 271243 466925 327088 -397677 429080 
101101001111001000100110
-210007 255456 -25919 331046 346853 -93150 -282909 -297074 -110768 -327791 -397677 172499 429080 -239306 -173885 
10010101100010110000001011
255456 90282 -120851 -362702 -330111 -282909 271243 466925 -110768 -327791 -397677 429080 -239306 -173885 -60363 
100101100101101101110100101
-210007 125122 254659 -25919 331046 346853 -330111 271243 -297074 457899 466925 -327791 -397677 -173885 -60363 
1000111010011011010101010001
-210007 255456 90282 -120851 -440297 371316 -362702 346853 271243 457899 327088 -327791 -397677 172499 -60363 
110101000110110100100011001
90282 -440297 125122 -25919 -362702 447381 346853 -330111 -297074 457899 466925 -110768 172499 429080 -239306 
111000100110000011011111101
-210007 -120851 -440297 254659 346853 -330111 271243 466925 -110768 -327791 -397677 429080 -239306 -173885 -60363 
10010100011000101001011
255456 90282 -440297 371316 254659 -25919 -362702 447381 -93150 457899 327088 -397677 172499 429080 -173885 
10011001011001011001111011
-210007 255456 -120851 371316 125122 254659 -25919 -362702 447381 -330111 271243 -297074 -397677 429080 -60363 

24
-210039 466457 163215 227344 378679 -64221 -342314 490598 -127958 -424313 416302 -301724 -412173 -122179 -366722 223560 -397290 -337586 -466270 158852 -86488 387594 218641 355939 
10
1000010010010110010001
163215 227344 -64221 -342314 416302 -412173 -122179 223560 -466270 158852 218641 355939 
110101101001111011110
-210039 466457 163215 378679 -64221 -424313 -366722 223560 -337586 387594 218641 355939 
10010101110011101110
-210039 378679 -64221 -342314 -127958 -301724 -412173 223560 -337586 -86488 387594 218641 
10001110000110110111
-210039 227344 -64221 -127958 -424313 -301724 -412173 -122179 -337586 -466270 -86488 218641 
11111000010010001011
-210039 163215 -64221 -342314 -424313 -412173 -122179 -366722 223560 -337586 387594 355939 
111100011011010101111
227344 -64221 -342314 490598 -424313 -301724 -122179 223560 -337586 -466270 158852 387594 
111110010111110010110
227344 -64221 -342314 490598 -424313 416302 -301724 -122179 223560 -337586 158852 387594 
10100000001101000
466457 378679 -64221 -342314 490598 -412173 -366722 -337586 158852 -86488 387594 355939 
110100001001011110110
227344 378679 -64221 -342314 490598 -127958 -301724 -412173 223560 -337586 158852 355939 
10010000011001100010
466457 227344 378679 490598 -424313 416302 -412173 -366722 223560 -397290 -466270 -86488 

0
