3 0 0 0 0 0 0
5 0 0 0 0 0 0 0 0 0 0
5 0 0 1 0 1 0 1 1 0 0
5 14 10 20 12 18 20 12 26 10 18
3 0 0 1 0 0 1
3 0 0 7 0 1 2
5 -377711115813 -72544660220 -18621950651 -377135308867 491262581661 -309630417176 69495211620 -363579223334 200683174049 171770131993
11 368852453245 473793815809 -38691500452 -126213347365 -498068578540 -212203042447 159395200041 436049808718 447435571321 -331037366218 -242006914104 -131390494122 -625124434 139649678785 280454343548 -168954238607 -269008361161 -134756102056 -18582039288 447587607404 -433878743524 332373876512
21 290689785401 27551001183 -38567079016 494870507155 206516420797 -343800300193 294815296677 221534485799 -244588932369 222612946165 -284245877891 122656227379 349834678159 -309700393960 -366289831170 311220562928 -268772991266 457836171592 196675693475 -166564771750 -223545489238 201106530475 331464218362 -439339003031 342331834064 -483047123990 152345578024 274634462676 -297910198009 183467851338 306332542470 297595123666 487964706489 57459917644 193880694310 -105436132105 -433666000577 352033134480 432136763321 300989216100 274783031444 -263908469008
47 399606563104 59001762680 -4948429067 -57512858210 111449775570 369442861466 -261947633122 237427242443 -122923079236 -342468736154 -11422974761 219568664077 -415187438444 66230522732 13818129670 79939386611 -87686737341 283390953570 8474043341 -200836171722 326714829461 -211852250020 -216981743330 489534677467 -354265623192 440549673484 162084158818 417495226449 140108172148 355862294722 -21481478363 -171646800204 18652805834 152362974664 -36416462872 194810545861 152646716988 -150677590002 182757638247 459212149008 160318679018 -8217103084 52443893883 -105224272518 -88271396508 -435925818484 338708644192 -459201554283 224266297055 30598839060 -171806037738 -183841331714 373618585930 67499279774 462063147668 -471602853374 380430281106 312567043962 113556259597 -111660709423 124430821567 -265690994805 346118610746 245725173384 -195273064400 299778506532 -257734352144 353715423426 223158284427 461210651305 198637893283 -424285186419 -266753922573 221823102665 -58608233723 26204327832 -407565149901 106252980235 -313807633618 98505629039 -118103417855 390370625485 -310465546702 -483750717706 -195602967727 87415288941 76949965943 222684342750 163234015769 -174681825877 -257186599894 382921572254 238783866511 -282697611852
5 216671367975 -319745095362 375065450498 27712167020 377034577018 59792214799 19004363342 -320676958104 171105938810 -276450167771
5 -405871655282 432836988909 473635434626 197901731216 -271499430188 56694532072 372853200357 246471785822 -186028934868 -223965787665
5 497428683562 110984942694 499324233270 123755054838 358064060033 204182670313 -50092156766 254634778832 54413284898 296678932754
33 -165236709483 -466598816666 -390884003085 -157637925659 -435814823459 5576942817 -468218729816 -375783879252 230469100983 416661467364 15167095938 397063678082 287434303102 476968756400 493218038693 -202384929499 385030359441 -38019675080 -315335332795 347898682974 -326783143368 -83969743262 -201048171474 -462264304963 -244961916815 300693671126 365002064437 81673431946 261928336583 136993786616 -335294046828 -458259470275 101532744523 -379462892599 -200139850704 470966088106 -305484080130 312841479579 342895642781 437023987498 369860975942 343496410103 41398140853 269898710665 -173406757727 -300553557835 445918227986 -240110707348 35923504985 340354863945 -474783496919 -477354813822 133630128872 132954362143 -243290583483 -385226523915 318956146398 -231136010834 -476501232467 77912052431 -125409015279 -475014660030 -101462020353 233301270163 266702453497 375818450411
5 287942643644 319723913827 443940034575 174409135093 91070601991 -393762302535 -496698624918 290735678184 267704434119 260922472347
3 -94451773722 90212893481 -61888424009 111328432621 -472641311107 -173689482115
19 -80222033234 -215219969262 366453462683 128381798802 -234624415046 -69918461875 -28177932150 -426645188092 -306108080691 -6247931395 -35281843755 159234076114 -27924444772 -185028801991 -248004814958 -378143839015 465352571087 6750711941 -223350577858 103242664878 302689107043 248607335029 -491503372784 44420132667 -115225003853 -90008500306 -67363314129 -433733185256 199221176886 455930593403 -429295930978 389660215419 -341475795880 -317977028348 259935024082 -365473991662 -340488651693 58049327953
3 433871501094 -347947975084 -65582274257 -277639631078 -457915717716 486024317325
23 -142258248590 -138956873043 -348221195325 419483239259 180405711140 238943253987 182511155345 -411940618377 178272275104 -383616148905 227712283715 255070973073 -418618509508 -54572296587 -435488000947 -15710034182 269069996554 135523458773 -236094742890 29280842062 459362380187 -68815552428 4539259478 198431178786 -307816753074 156901403170 -183864521181 288211034046 -396817768410 -144822582902 -22966421918 -57613851296 449136860644 -274213717213 329028947664 131718054242 -119674611193 -111177983512 433242149154 -181982855164 228008644528 -339354669600 -273087854857 426133322029 382063914966 452767983988
3 -317024625752 442910398330 -422563593798 -263052245491 294997082462 -413652320352
3 -269675744124 164741981618 387102350540 429186632823 415210949683 75644401635
27 45933333479 197712138620 117195377413 -202398911911 -463455658389 219055497422 307114879045 -14612846316 101771004778 -170516711506 -415445738898 -334064248406 111363455006 175875454058 -339834580589 429235415965 64758874273 328664131382 -142055027020 -182692647298 248491800273 -246968940713 451462238073 -356354515467 300546887703 -383317633943 404893400103 -491924368306 -136746951209 340286626871 -217327224890 -268190364245 -42404081459 -213375134260 418342919982 -201331691211 187490325275 120732473964 438749618799 166758263328 327403593728 -445684261594 480449060434 362512974935 315280958458 157709156934 158661559530 341636933778 284547331642 361983737844 -401068508113 393928574348 480276253996 -375323016138
5 -401984548150 485117802389 414304434747 329515384430 -94840214399 -267691759284 -82801552760 463131781184 160843919339 -221960703712
43 -168759776590 -361644898011 123742255672 -274486739549 54996548944 139550810046 305486561639 -83149983819 -407274530226 -247109110815 -317873695314 246885178958 75549309875 433494282855 -249198364908 499293435364 -247675505814 -296213268207 -152567783674 -352020896436 -235338530379 -330445130742 -322369499049 40883549740 -118829823852 163842951722 395652587476 -146751494448 139873371291 58216290808 356884599596 44374924406 -334892602094 -396142983295 270615280033 98018873295 152334611701 132783671670 -4703353859 -189422395867 468286761067 126948320133 -31414746554 -246867415377 -384883677998 -285952186112 -392023612229 -411747358698 -287070374836 -84121160015 349152310681 447167762530 432285564454 346589998736 176105382701 -418734832163 -186426591447 230771856257 193903636976 -145252444150 132786852136 -291572763953 320611962499 -348147814557 -209792712568 413949543570 -360537196444 194459352500 -165989837919 -360503276745 56346739435 149072209209 401963098394 -415910597385 330974581572 -93476109017 -159981826627 90819808463 90113243362 342437737547 -453775531125 -106343314799 41635788763 306297258383 475852127641 -346517371407
9 239379306202 135031893213 488280398765 128153769591 -313629940065 -456745340468 87629583937 252736982308 356593999013 127209278581 -274771848588 377562763112 10346434316 -494356920008 -183779315875 -215492555273 411455764859 -119958982160
61 462337738351 -429685874343 -341433233041 -128503607878 287375232105 136527542321 83695304386 15980868374 -137429133354 -461323750652 -380058582816 -66485173798 -335713318006 358190318969 -287062125647 345724726489 -445848037929 374763925035 -473383889986 -183176602089 -269227058984 -129764255429 -435304903395 -101294741314 38201981940 -405451279089 243620930120 145584028049 229673430663 60648011770 467171902753 -192809924340 398009884123 -11876872979 -169439135896 -123214667021 270442018178 -187922193523 -381624935605 -405772808429 -252290179837 442075998961 -482387647024 256991659177 -107976448073 -119696049773 -491542280647 -305172220713 -261917561181 325712023221 78449005064 -64956996387 -437747718271 -212519566860 -334956804213 175389630103 181032710094 497253394218 -218239161520 -306783397126 73257620713 -293568777289 454721147173 417058885058 487373010715 -354060222792 17436169328 -195188599031 441338943290 25034247210 -458984884880 -96414018234 -57737768887 62203648761 495718474963 -339994843509 -481804525005 -268866650652 -423141924628 -368989962557 -494226037987 -467609927508 -150786529598 79986411416 450222155987 -485082747873 -86377489187 451824492752 -453626786802 289994143317 -64421829099 -334748398901 225899612869 193071515156 -499738409649 398271474474 -113605398970 216955465132 -406259202354 364182815823 -323739378165 -205364313770 -111137122200 136572698427 78648696922 96261049898 -146747291389 245276260536 -374419789702 -365962070350 -171134291063 66948148220 -107339829023 471109176041 -93847820811 -31595539083 255884894056 420928089842 96317719480 -222649570891 -225396177137 56364661341
39 29270107173 -16008746119 -98949861526 -111576851276 34362925931 -448200905205 -143389504236 -202050561412 322983685798 363998800918 -232415217781 209847013796 -227949337907 -232230863409 -72225706918 -54030231923 177103117423 253961192795 384971230237 390745192715 423135265206 -227651264857 352335146559 302557302081 317474554207 -268902935445 -317078443158 -270705229961 -480711087109 -45132916208 120118684889 -153981702706 -460910188015 -460648597665 437622876808 -175982522627 -459027057960 -365286260314 498896555508 -324842823122 -30207136892 358655740906 -4771561131 -426122864673 170138185224 -476609106630 268667153906 394247364203 -471714706612 -142848997210 424099151009 -183240678479 -212131502904 194020676284 -337574863265 418310030791 339238120168 -64444160817 212906268291 487510091153 43874752029 -206543984220 116294900242 -354434993050 129556260830 -469393601161 -80970452437 453392473493 -494808432178 -138197936414 159751502172 -17264812494 -153266012041 114318770176 -175834216492 96216445600 363985582191 -208240125192
47 -331206047828 -446234817591 444510375123 367645639864 -360005625458 492329521101 294886822716 112361376458 343458441013 -473620002611 -244325232573 -225036319682 229830764108 -150050551467 195967745825 235057557809 274408960144 212031836487 -463950686605 -422977744565 -288264004880 -289367449837 -114210272959 355582590147 214238330588 -290533230542 -216656095216 453482090473 476872983843 245540137749 139787501487 168072795340 -474776202335 449322948674 -233917730270 53950766825 -252028557356 -89603420621 -171293390296 -332055270593 103500568588 -183593163585 -196083072897 347791679132 -358752305553 257542594688 403107601638 32663862003 63270260842 482299808404 435692281432 440883849254 -197314087626 462437414546 -54827398413 291906589545 -93774640743 230391143229 -173392411634 -309406829443 -17646954635 -279917311752 134915448089 303709400726 357474583134 301984957792 169630597191 309624971733 301954492368 96841314619 -290797309386 -447338868839 -420958871450 -165284104023 109679576293 -160489660063 189459788468 -114572466171 -379514908827 394894051316 106925887338 142975200732 219997456166 431733451286 -357633999016 28155728023 -116261682294 -402023352171 -192556582713 90787322535 44269412543 21142395921 -233317466794 406470035159
41 49089575907 315171845636 -130877388003 117094054639 -472509366447 -143802756743 24141972662 -372357459213 -55950622798 247966304304 95757982971 237005677417 -5451728359 -102344127186 430319734816 -6410004806 -24110196868 -88417915901 -147534067112 155151845261 117589259342 -437238139536 354668450008 -239106191200 491284952029 -182107459605 8485710950 490838756314 -289078555902 345836892652 149546292912 7020875582 -190994167090 478636430100 288261401368 90215893271 -312942792574 -103740101961 -51078970800 27962157748 362678053724 -27642370447 311867969488 1327757491 386755291319 -492759617973 402134433343 9060320215 -347964479517 372032976649 303766427470 446132428453 -25711843988 358026473716 456003121545 -236553461168 354233861367 -101496726554 419645669366 -313671797427 -407201762733 167341067300 -232892305465 316197270441 131369115613 -499508272856 117585781783 145076415336 -498726341872 25415630790 153058171576 -402892451688 345073852615 -59168164878 -322162487926 172385783713 -429958343938 -499638609587 -6048614394 469841188737 -118576727629 233889205257
3 -430607830607 424060619400 -315045572265 -323760620236 -5868079842 -497382369356
43 -449785276758 199761016154 -293218108729 15787724180 -5575846184 -217314445282 372901447989 -440041345050 -43781447011 405139582187 -66898260529 -204220207270 268137422282 80005391305 -418666851668 468088439650 475328821677 377463254554 -113476425694 38559094787 -89407929028 -285641502023 -339509074035 134779081975 -7194444773 -51191323693 212255215138 66489076039 464992349485 384638018852 -429033779040 -336235541774 331105525526 -401786780404 414410490037 45779605184 46271332328 -336142886353 308933528982 310207187109 -164377182565 488680989010 -414211463143 430862389472 -128305775871 49531736201 -278082480550 -208040824489 -207679434077 286271951527 256113139798 -362463588296 371425616960 -239533333452 -232903024523 -163510855130 -239450236195 -54495808460 121743571302 -384124509004 -381506878361 -388050491403 -183672660348 -133457937107 -433696921418 -226915030147 288872694032 -216703152617 65982402100 -61116150375 -1157495426 455061057561 360200639283 -206697621711 89082171017 -142780407165 437224984139 -481441867994 486646571656 461975392867 339438646957 -274037779203 264521315584 -324886613909 -110528115933 49962810031
7 -373643877391 338611338212 -94899586213 -129907236727 -245269218341 -174302997381 -10538539155 -179433014094 -81219794499 -166809304927 378970300256 -74758367880 89098745765 -101967725717
7 32543266905 118331803762 49194192769 420888416897 -29579847366 192337672082 484296847593 -223382586950 -437110635888 319002503910 456538915613 327964532108 -411568801808 -144471826331
93 -101928726584 -480185155281 -364309664286 -245816542182 -133867033586 182460306064 -450997631508 -384694552926 -111609583074 -322736889507 -39440042124 -473457640490 -34573790866 464268713707 419329770803 279530409620 -427167212556 161914958461 -480865449170 456359534969 474917666974 461564238165 423539630567 262978277058 488940497855 253461812973 428575199064 -181952917334 368009892696 -447248216228 230299230539 356655353147 195266690894 -399632895318 -29540132046 225190649612 -449112348234 40349112609 360916098514 -220303696449 112886998622 -8142701586 417098930532 6197675832 404229950115 -387530589423 156331688936 -311125044622 307206759139 -143599048556 -222710632124 247709520509 -59952807873 -75655960745 200961452303 263850816415 82853319860 39392235008 -132643233347 -44212035156 311316138511 3333456583 -44099461540 353971811874 373786656592 -490523007693 -236339549876 129793416536 -187746277864 -138743909373 -23438462299 364951954625 -457784935346 2775022528 29317382038 494743591172 459012304413 378342074751 157872483906 230705271349 -107379770654 -88245219824 -131885685320 -156968018811 -195403781112 -271864151010 491114126048 480054623438 233516435946 162091634544 480138717209 348148609440 400900393212 131199623286 -12145024031 -316878333136 -216511228455 253948639498 -20860711355 30026940410 -429623947446 431292151068 -289011545846 323875452775 -184267249276 -267168319210 239029356622 143259306272 255728716848 -87939594680 100935360696 -91857880629 264543070813 -458167561776 289541958733 -270410849605 153933189648 -145105358513 -381254542563 201598777296 -259008988160 108347778491 -435864257130 375451881380 -121214662502 334685875957 188657687366 62444343959 71921336265 335581786388 -34624797541 277628924594 -361114985244 115446552455 -19601493384 22613571268 -474611406668 54705975369 49449566076 8461870024 -113196055690 -455323572249 275381699099 -331998072020 79756708154 447871022833 -209096996443 95499222444 323635071433 314749197016 294803819989 28320255469 -309588110451 -329449393707 -481300784731 419599608480 50799231301 -461345793195 -278224126332 5264645211 -240786715755 238352572889 -231620487166 -161244434612 -229952284009 -18963829855 -195088377546 120644373176 353476053966 92505410123 -264235284069 491493432778 -96446162367 -495510802136 -87368682766 -322825612417 -280993174193 -491451215926 -261862065532 392071124115 -253034234863 -134288777426 -432690000595 -191698988756 416648789735 480784532605
37 -430292373956 258365313875 -179190342630 392730993634 228312779557 -306312018449 471316906144 -389798079566 225648472889 -293953020961 228660550307 254049143639 -191244881456 358204684619 -133333445821 253470498488 298146926238 73528624872 241530552851 -178712739459 -230841717091 60061286464 -344439491557 479195579876 293944776427 88748595951 -382931149044 -192519259495 -21968653202 -3269437934 -83669829919 467129401381 -494216392279 -272440518146 232824127065 492037411775 230389984199 498769497498 -162474937579 107572778876 -411391051444 -106479428525 -485835055814 367640998618 -39853591723 195911124672 187404556985 -409041605381 -404552407518 8078910181 185253297763 404260124035 412808908108 -349053157423 -456982033772 -210016268170 155694954402 223004954272 -468694034949 447954755252 428739287391 284975700911 -480002549001 -410294922492 348070391383 -331119951713 -438388958544 289923821012 483611802562 454928708241 -434869371789 290779101099 496826080138 225486629980
39 146495575851 -486837870435 266632628052 64779553825 -361691821767 379838731083 -298874008841 -29715725933 -469654439934 -314093931491 -334898352080 459046424347 47795019833 164863870788 472344611292 -49624042375 447106519689 -136563310696 -169433909780 -163650302059 63909179793 -203266693140 -211229281831 -480839298097 -482069801065 -144544738179 463028040697 -448363011213 -54842439738 -40677495086 -173036496934 287109911342 -16978964450 -329574407464 -238616012846 -143168420364 364910489816 50163787580 -45576088850 -132767181206 18179661369 61197628062 351181359892 6876313829 -270118732363 -238812766847 -290858012061 -362118725135 422856975776 442854427240 -467440495718 380629895665 -450490056514 -388879015058 401044805953 384656608050 339585315827 404715944037 195495044670 192321124343 -82192246141 397343527012 185634418244 -167870006369 -154707876804 -388075249217 176704304607 315012482840 194851213458 395977204617 -133738521781 -103392961715 82513106792 247614754712 206661178593 -245543802038 419320068750 391664679577
9 152583845263 483149935483 -180500367041 383408813217 -319857880389 -31087162220 -11926460318 6003739082 361459000902 324487041134 376124029921 -178718409817 280604095096 -392432402303 394677509039 -122301455411 48124137124 309508124277
3 81413980844 -464162108471 -96929289678 421250372157 -17552000245 -166370640819
11 -168425826201 40716161737 178597436602 101454412379 44308839153 76868343435 -42501761364 7008182120 118129167062 19173972550 -96169419864 -256584104502 -351868160931 343626883739 35948007617 453755761475 351099288021 36733705800 368863699431 -285844177839 -173919427056 -497215122914
71 -91374222930 274887255288 -328505706893 254007399898 1622154145 -291716667726 -37260469765 -117940401480 -226275722368 115764914367 404912070326 57495915124 40645850142 360145483100 243554295852 423696415463 -107390747222 380682792924 -113313468458 -251854468021 -427367427352 448756602568 -229961807713 -449357713083 -341790115387 -447112606348 -69414061759 478710075364 288218199176 454557902624 485808095888 67222076266 103059967794 -493869321883 427381050273 -90170950437 243458408742 83964081287 154351021933 485925195732 26641357004 -294761206393 306693205985 -148997955326 427870388109 -114631373721 392376808399 10505974996 -470320052919 -66489472783 176926422713 325058261782 168685145056 -295366847792 -341611086782 -490511799226 46221906573 -84914394461 129241427699 455322000642 458106877728 275904237188 -211447190358 197178586710 -27934158466 143560134639 -102432465926 399189688218 -392526979973 70212550261 452272148780 -274003574053 341761340313 246673410174 -195830675166 344815174976 204960657611 -51485046535 -127788631537 264820621705 145503414164 -467810054760 -219664522781 -147031950134 -198275348031 71762844720 122405131637 280615016715 333502410367 -235911651857 -257201576958 -468983378246 485574524377 471382620265 38604696066 -358335336138 -352204658022 -424823608214 -14994558652 -271536150375 312427930912 -33221047154 -47295851887 479345505581 -315415701277 491277504708 -157720451083 -229850063440 155518562838 47895370772 -441598654697 -411918707616 21591819600 -301481758151 -476423496835 192261648221 396894800428 -444716286819 -435228086046 110993820527 -473920574399 155320853300 110642853477 68749730740 -155346032537 133206777103 -169614636651 302451204882 -53988660943 343578873129 242768560882 350241580908 -79545869296 -127273720981 98722704965 -59515955187 -312842545478 -8673220644 -163858046133 -458897388986 -10382435522 361828933405
23 -195657086416 84678390801 437646440666 -260628907829 311133936890 -66460931471 -285845915221 -452343505319 -188255157176 54543265865 85559887618 71134411530 42517031329 -418878272603 -277213608742 -129418266764 -54241874978 430763566368 -340772584472 471655346439 -61565701179 391138447397 370483952514 -444931749228 -453654244986 -111374696070 158775240489 -185706197137 362189173634 420590518936 -491328189145 30263630454 228781872302 252358375467 -55379976777 -158485176814 -103201463633 -38429549680 -427435729618 -401356304018 253964549281 -135392597706 433357133033 -221988899969 411217877134 -258396759982
3 -166355343845 -423586783429 426654797478 -152891072282 219835206735 -181442088764
111 -62473810539 273668143327 314770754340 -195611681181 -333782748241 292866806403 -434980225719 -130637312135 454041078665 391687518866 -368941389428 442192547927 -124268384009 89885700768 137542195449 449287038272 3830303672 -410609809174 160524602355 -296958366314 -215836638918 6949752339 377531485575 -176710389869 -245946823966 -86719408438 -115064062464 323370236821 214508683753 84992635801 140060886573 186406641586 -424968054948 233807185540 -451899012062 410290161571 330880680042 339552490897 -130183879113 -401402007276 350956368190 -204423609052 137091214133 -466110249965 -4539799645 68024470735 166668166716 -79367284467 285240117826 218597250393 496608350424 407826227093 -350570533355 -306516088920 183549694569 -482805649741 -406392433171 -479737636158 -132628708441 -412793502170 -94235590935 -335193635353 -388994225249 48531964211 -177799892927 -363029139052 -58640820234 107576431523 -99556762538 -34536988257 334825699606 288866777806 180554296206 311612907243 253805454705 -370462929769 219422770999 -143035034017 -193747996210 310082307462 399472498288 59997100178 263038733863 -452797905519 54151846819 -68316668071 254972942059 -490973882372 -77693290811 307242647189 130612883544 -154878433167 430114202634 70175088741 -243418270136 -168386325085 -434579140010 -386478152073 -476187990967 354692689075 194245179507 -435938700072 -337340707349 -486384339624 -190807948676 446283265457 480173015492 -24366784619 -456342314349 210325852367 -369041432565 416198685260 134795935188 131404285147 39230511774 188659978419 382143889498 65693583602 82887933860 176495500689 196757864531 -435870844375 -348664346546 57100062517 221906427164 332912201915 -118555834339 203644272733 340615133680 -218025686553 389550744970 -210006017568 255456994173 90282693780 -120850528879 -440296232672 371316674571 125122128811 254659199041 -25918030424 331046935557 -362701061117 447381246344 346853744167 -93149156120 -330110422256 -282908327776 271243519508 -297073149027 457899793497 466925911124 -110767379687 -303524732963 327088150580 -327790283052 -397676080883 172499007858 429080737721 -239305587829 -173884727840 -60362879913 -36550870880 -181858182270 -487613003229 -423551703301 -260892410651 -247276750275 61915301048 8198566040 -11628418933 464004796447 -492337518368 217988333999 348946901433 265145586228 -100058479048 -468654194366 70576317408 -240763704637 -358619815604 207073767998 -210038298605 466457202083 163215066149 227344221774 378679875227 -64220062719 -342313636020 490598565894 -127957268910 -424312996642 416302137037 -301723549981 -412172805011 -122178822579 -366721828871 223560864908 -397289663971 -337585896643 -466269222538 158852906273 -86487895150 387594074424 218641009516 355939948398 303321194277 150174937979 -442974218606 -273084640862 -55992968173 -284749449130 -81822598158 -123922805126 -156996894002 232235726310 428710993346 255799143461 428008860409 -469667220939 202831786918 131912524174 392606936345
9 -378191543220 -60049725491 -47662728721 28785567976 267893157325 -479383593415 82531707632 -409269726792 79101854273 43106650255 50769131887 -231242534579 -382295633611 382849952617 -217208526896 -185862721263 384713596145 -356050108958
19 -217634455635 -251177254017 412037812132 139382033440 18061908203 453841845483 -388471791003 -397873225574 -25830494484 49856508872 -33841354555 164435095928 252262290917 -369916532128 -236638360999 486922504374 -410367160062 -247953056706 -214222279244 444630627028 -141857268587 -254263194629 464377814887 320317762820 123638956632 -226186105853 -169160324460 57755035142 -498237933497 -282987382627 135190019214 -488732785912 -145729679914 -413493954070 -484782961190 271016182271 199025042214 229357821275
5 456709067782 -324568724643 333790603482 455599060261 -104450665695 347886605583 -123327826905 -355434670045 -334818263461 247713444171
61 460652221441 11421352863 280178818283 397883184672 280733136823 -436475390538 -122338111802 -237624516122 -93674625080 191655450356 184059293327 466424837692 -284752416789 -372714605123 266667428317 -215270663944 -261428818926 -149900609929 -47773835504 426395670010 -23747821582 442410823862 106845919325 -140891790222 -10808322350 252553317114 239475821023 329108660961 -418844396210 -133066675454 -188436048891 169706682520 415443487891 379821302313 200139064667 -176221979165 97591914980 428431590520 -13813374803 -12051308300 204961309072 -159848671713 -148581457626 205688862458 292194908388 307411947197 78428129003 -222546829247 -493189008437 -60999400709 3102730728 -40188201954 135243073401 -30966323581 -75367263786 320182070517 168068675635 -455259151735 -310693821781 -145512085242 -397798641537 440645075841 -141809353438 -181157132462 330264220400 110443038218 8326222425 -210940641216 -147416031755 230245856442 492621340319 -101053285226 -409397835335 274661457992 241086295219 456333878429 -416380727159 350286701158 -364983963251 -126412782178 223686607891 -324087228078 -397691558533 78560619884 20971443281 -372182637393 -13074427616 476117250498 228670567147 -31853612294 -202744951798 -121589348009 245343976535 -443092072821 226614609699 142058097125 21879398972 -277981536825 45796484009 -356611601475 -428180011421 58006614240 -454044694525 250916615012 -408932057166 -57513514793 -351824652800 440370255587 247782202320 -173789669142 103663501610 110474493173 -450524908001 52577822726 -487610379693 147632693707 -383333630339 41299105873 -138518824073 -470450148903 -425709300639 -236403122421
57 160931226173 -480878127729 -162035260192 -331771040256 278671997961 -213001780078 76057578705 428641546950 158887402926 151508742781 -449544542911 -358942378246 415719079745 156805374499 113139252463 196758525304 47045225997 182061262746 -444351519897 279335087993 455247859915 -442443699083 136116920800 -342911636383 -215094273777 271831299072 247948549104 -23380884213 444765503492 -257979448772 120431203218 -134224820711 -77316893533 -350702284300 291355812824 -186764788668 35253674506 -418949841949 -275561443425 -203741454847 354265159393 400220465334 151137079881 242205022714 -315308492544 -167133145344 -226762890222 -478980688368 -152770357510 450893144100 61367636807 110842728806 -336579448933 -324189828626 323442865080 440109234741 -18591659850 342889516075 372439367171 446730066531 -289673056355 328411735980 48697886312 -290370887979 -271249015709 66715724098 234944683841 13616681338 300614901259 -123327520500 -194685974016 464201428910 115710171226 166165628315 307223250068 222942329348 -120252296617 492886955846 189645480685 -263309293782 418751968964 474400449066 253735536594 208983396044 266539696960 -97343382703 59744980912 344650707600 116482006207 -135569445153 341049670633 285815173660 -472164275577 148266927641 -485957893536 -63274787069 86022928630 -122621259010 190613952321 -274132373637 -193082215587 31356340987 327614886140 181880045534 82100510402 -266762410181 475442612532 -339865880478 -6999025823 266238083954 287257395585 -365512962390 -414619818755 146747818052
7 96821268832 -79735866552 -139626632276 341781707872 184671223482 57110590188 3840656254 214167599898 42579335413 -408722778739 -199093666718 29657317572 -403626958794 331317725047
5 22221786213 327535812197 291737240642 -92552588597 -426386960747 380836289320 103778618203 483526321586 476413276966 166058757186
135 295901880504 49637416633 -241379187787 -474839491292 -72182873996 487562106916 332212814051 -51305180206 313125374639 154175044807 -60009781997 -32174057575 -383907130399 -369865023936 66860188994 -347116882841 30261858147 -279124189996 -53256563634 253661220778 -214982438699 -387367552559 294512492974 -123386997088 109850592729 85293204796 245427324318 -261571701970 -495333618482 291923777103 426410814712 -488209004508 158538813543 416129359936 -162859543069 433961725763 -145774141254 214599226468 56380933875 -258947843107 298162747080 -197996597130 -483828997697 58750337715 150027558975 450933892257 -19408790636 76964250568 -91718024849 253216381069 398765687783 -79012526468 -251476714737 -459739474560 -52292063158 21320976094 -97842735051 -494064117313 489462204272 465875480773 131934237495 34683700434 -143814868127 -347912988088 201724428544 460345240757 485505749464 -86677124996 -99115018546 -266902204494 181792615299 -5082010061 -350906965719 89083252748 -443090805291 -326997935225 -196862959161 369997230297 -477119653009 53142205603 274018015607 -279238548026 474422672751 -240559765948 -127927318507 -333414825998 43198176912 -346951230823 238341973972 -16230702174 222197595854 226863977372 18787754009 -54801431742 -43010436251 -384471623173 -468342263702 -131201806772 -197240081474 156985777270 -128414996726 427965937148 -330981906424 467180840655 -230815756940 -214644754638 344105583077 -5866858412 -54932966621 425658242742 2622492845 410904467995 164120848599 62886535917 483874009448 -267602705754 -227342180315 220365756526 -258313267844 143843997104 149779879790 139242083597 105117563905 -262948199064 271735501369 -372079367224 -219992355313 481732073231 442077313522 427583062521 -159094062940 241790918513 474888714018 156681329317 -348400681209 -199307646928 389775605820 446684800994 -380313134696 -77176093858 -207178864026 -184298516569 368843689034 142861704175 363623156148 338045828900 -402513937513 -30441256021 136143917979 -320657905573 -167609136396 -429267162889 54502134935 -223300269676 -496436292769 22351461240 467550029497 -75460407219 40067969607 71725705904 440523899132 -256716182807 400269594462 -228145402729 -300179466046 -131161372471 -163980532281 105203710778 390558956139 234664538751 -271202320126 173864713252 99522955529 -397854552091 -486950084560 177170764038 -259942700508 -276068691525 -43671397279 228986422405 -50647821533 191038910621 -165117092740 484662787050 123904870182 -270977566377 -33925765442 -262190264538 -134269631763 145738012923 127470085689 69547398746 -2869539197 338036397862 79827315909 54716029928 -288602641219 -137003322428 163689030643 53464636464 149436993 119836302297 -457339792026 -164518655587 151182827842 20026516411 -337111779878 -473488623729 364557205170 462043267657 -68397988829 -432254071315 -252911976889 79478886713 150211723824 -295286141706 -18586411382 -15022704151 -492671243377 474878786120 -100581621565 439486348042 11212053481 -48264047851 195019769340 95289363337 367143960607 -433035505904 -64196878375 271822589343 -122973700344 -232414744669 -497750206383 -268952526510 404912186742 4435141805 106580589714 119630505153 -203198731273 36858568218 260789876692 -282881521053 446104901352 -104542920647 -413504010491 -78621103232 -93958316647 -470053446930 -241031013308 225043221248 462852956709 -171416675518 474321337404 101791422628 -328661179090 168469281712 6505679109 -413667005446 141049024481 352446383262 -284556939631 379132091477 -67403272524 432746164469 52582466300 95242674274 430724018686 81906846064 -398066637990 -235178417402
5 -382066569236 49535441933 117281370618 364369393728 -56151720022 -405939996664 -201226138370 280187450246 -234835254370 -227506497747
9 86277013917 -402510933066 49225019081 -255755212044 339534151293 206678111435 273642605530 -290554273310 481268316032 -141705384776 125879870553 128129664169 359177137659 264089323936 -231475534723 375105054990 -5264440321 291536828405
3 -193696248668 -247591347781 147865731570 234361721079 -344259382618 61782300733
61 75741061277 38594017521 367177342002 341498678941 -56709898894 114628922014 -216901796738 289603882371 375936876924 16985901406 -130567715796 84875345036 -35992563951 396604163524 329350327527 -118067206637 477175467636 407899486323 -10193668077 91739694397 356561276994 -352105764603 -196215601030 -78282170266 471253271666 88534641819 -47095964917 396752315059 490812318395 -210413820441 -430226370659 -165061625030 107431877221 354804165128 1594831003 -412128155544 -314639088611 234585930469 478830718425 318364869252 25042980222 -201314414712 8131311977 -10600372455 347694242767 -26425887144 -398296223440 460880914219 224970237689 493494702965 368599757490 -136664683295 -345127855355 -16732459197 72452813187 378756564519 -368834783727 279030947843 13392668456 169133285837 -269084413894 322644439908 173342279937 -250916659250 287677358271 154854699808 -3646621715 439643479389 54272400939 337370604200 126974486106 2911362565 -480102736493 -110670451824 474204893211 -61787671205 -165183508147 -335833181084 46099612277 23275079449 -68825434692 420980897695 12720591627 -130718131843 17176103553 320960502522 -257321668210 -286068397008 302466244810 -244629720572 -347877405978 -357065088049 -67478908490 2294720850 337233095819 -55335027424 -200530862761 301063968241 388935812697 -425703276379 308882654089 287713372049 106078240837 -368878779406 -70193194118 437938117858 -72662255062 -224968012759 248606100095 350309876655 311190790408 36161027632 29655730132 -101744512841 261590803862 416462948506 -100269511155 472183302031 350939866085 482105082358 261136029735 -225471302273
33 497222009113 170564288585 419647629335 207324987141 -137820313515 358533064768 298176543693 -147551055833 -310180452098 316794034008 -180294603891 -160397339919 228932208255 203137101001 -358650570669 -23834078816 140332740098 -313567648089 209707431360 -359118003332 -438137106102 74583485524 443865353681 -38958543231 -217998041174 24680290615 238611893606 41078137951 296448417378 448571011400 -408494077114 24027014395 -473678265220 363554830599 -191780197290 107688939947 -91247092276 -202311280044 -128014556424 -319131902800 468581469249 74659709620 205780930214 -364412264369 -426474146976 863597961 275895585201 24501684831 -125188438978 -313997649035 222163378597 -248180891735 150074595422 -88334601180 -171871653139 227858835704 200042137270 50982002891 33087084783 -205776885946 68751811780 12413794879 186991364083 184213372731 -145222339148 -225574710278
69 -297536972815 -499360429588 -146911485421 42908062479 -140297903977 179407492130 -480989848254 247942360000 -48920539463 92428889867 -431405189415 208927550683 395359902593 105067333953 245949330621 307812224518 -117604290422 -173738937207 287302519561 -430695522078 93984768536 -167403338322 373674799629 170123216542 118694227476 210200150362 -265772835708 -239451100928 -375896270794 -67676468085 -459987528603 -51234620879 246454099075 -381560457815 -200692360615 -232110891832 342548817788 48329747537 183917483167 257443336191 -241693066312 -465797481576 58704203254 433515764276 -380481885224 341681493372 -406499398828 243575196593 -344759405052 -16631058192 -288772222953 411269914317 -37748083256 495339001526 -210437884885 358313926895 -129272278691 -442280915073 241932457658 -403289881955 -128864592234 -147114315837 196815647043 399278674227 399918244639 -246993241248 295914821231 -344383083211 335024408919 354034561130 101976920665 -446943618798 145485271068 214080082119 -76992367662 -181632465069 423434868884 169384199040 -22803576906 359592132670 -314146805002 473155714558 -457539807985 136444960551 469041622229 342716421393 12839637469 -368466135518 341734014843 -424038821330 -163489922258 -39386193053 392937338861 432949810257 -118284811088 -371830712478 -253391170293 45916469090 313805577258 156354394581 -295315858347 388601624820 146044960546 404351894233 438554412656 -2741384554 -69225620743 50292494031 -108026013061 -14525411890 -270950215761 -115709620814 367659320993 -421112902425 490157011891 -47591071830 -52252070769 237310044345 95623970774 466351692083 -475929223455 266003234202 362713352247 -266151240452 86734443710 -216449909711 -317171235949 -417252991775 -164246233023 -368331412257 -212714495469 -377690087015 476344474114 78321394779 131377775981 -223136953414 490943128704 -86049238958
73 -174862637033 302333786060 161925918265 347779113262 320934827356 363395019370 -160020543 -31118398779 -188401977852 324437659617 455971524098 297705538476 373666717146 -289823205578 170790601368 63727939763 -3322250444 378392938467 -493437774476 -246828944770 299087524320 112893101113 -230752504770 -26068363118 -137466738763 -491421778682 412930115551 351484527742 -151256857277 279517521979 -170189984454 221784002483 -292741409872 -63691625634 320598753551 188258074078 267145171653 257302183079 -290288889217 157459040012 -105230916107 490393054667 456744746284 480815522829 246818756566 109532108348 343380867896 -69884688858 213665401429 396494165480 479241173704 -185005059784 -53336472042 233949032488 356258945472 332603419587 -89075186098 -457697410582 -180834363997 -189891235292 224059525748 -43622178744 -387869014818 -62731651851 -260397866256 401528052008 249307164805 70241991696 -66362989398 433476990057 -97641409187 213956612960 38394272112 -5634204254 -207928666243 -334261949562 -124085155140 -453294554237 110433385526 -392888865383 485504073084 492066298607 -254762646627 -455675122773 157217978340 426465473569 -99602890014 262930371222 271508592540 184438707625 35923234902 384666377624 164183899138 493993914683 215777916701 423036506829 -140655119270 -320056366184 368201707894 135346879081 -107350938304 102360172477 -240180787975 154588295917 144981350118 101726095937 82541618301 -170639625597 438892482751 282273350182 -287611339142 426054062287 322548227302 301789400541 -383215659709 63447868248 -202603099729 -346344154722 486259264865 -102815921699 -60513332281 258652304186 -431238931571 292820594177 -250801585032 -138670599851 298597748297 -461800118424 439727933583 189035097923 -240722910845 192914099755 126391089347 -471250320305 242706292654 -218899435698 275466360047 -432462306661 -266724256224 109190588635 155896034397 -233670580542 -126559445926 -141055373307 -148989075165 96248278206
27 -275743393588 124653716396 -112415912846 -340907320771 343531386853 -120545378709 -235879001550 428304897587 422298811805 138076728041 61113234404 420458115134 -399598251515 468603456378 103950334994 496599396689 98959568701 358778780726 13367076177 -341651574169 260074521768 -157383860395 171976514007 110868996293 -106857653989 105531006867 31585068689 -145866704474 -344077304398 -227292964107 336154904140 -366448196054 -212792350776 -226533085911 170650992389 -389862339892 368789964294 437551032722 230371626434 479570041401 -159100558915 -360502811083 -322302929508 -382574996390 306460101532 -434262809778 258651289976 -114957621141 -86207941447 -343501649258 -62401084956 -286934725375 -219397032037 13878711738
5 -454705246703 -81264692629 277679934062 -371309141568 224939136637 -134487708394 163303424913 387560031324 12213747255 399797834409
3 -218123479149 45997519300 -25697583577 -103398772237 -465322044661 95791189743
35 85254508808 -310795156662 -314195760439 284763808261 143542588522 -343090335765 -184741909934 -424667388631 -82051249026 -410074735484 200794260809 -406063393645 199467613221 -268947318554 85185976971 241108672572 -486184292000 349970612139 483522416084 -229269935157 44196978930 -285152028680 -175014368572 -306224404743 -368673372486 361698253947 341268294882 -317832264498 -178335075582 -638005091 116786998518 -76752900414 -11015710193 -252364420682 132677958175 -453529983737 -297031632995 140567282047 353632556672 -365764475830 148114235907 271183535815 50148869655 95443622952 -485821070142 291858863919 420549722351 145488858523 -488998850336 174304574576 61864605435 -425921647774 473876186634 -467233300659 435188599366 -282934880248 263062639051 -262634944991 133966282770 168644238109 -235564572613 280684731798 -102664215770 482590293037 -328204864090 -142400624529 -357636816733 285905771789 442815436023 -241926474376
19 341280152481 42074412825 136011019179 -164521368064 66531313381 -348282710112 392825962460 406641670459 256612282133 240134697752 -489135237871 55061741524 269909712844 -405104656193 -211329060937 -80002433424 -218304179943 -377035885526 -194868150025 126796774392 -373841231164 242945767353 -333807133526 155177156280 402812735597 35490693308 81960709570 284929076575 -74503641843 -220871085636 -86635561467 -438521326025 332662209790 -117188921019 478254701932 492433631789 284292495243 204842217129
11 -464363201039 97501404396 171579756621 145455942789 178222642130 113411241030 330476360782 93538999368 330904054376 -35129663317 -366485425674 -102049998288 -321365266955 75970517273 58560809846 230355945755 -412044679239 -269681495972 -483775724649 459039711374 -282886763467 50519373524
5 185228825865 -178760155420 156718476515 -276750210568 -125032920681 -232206958687 -325565288693 431046993439 171181690726 182046452854
3 -398086749901 -109415810839 310581755736 -407722424672 -284758310199 20373539775
3 -483725150573 -317532284100 337644872180 240457607312 -224051699845 357909009725
7 -152536642110 260827796422 322306470397 154968679721 -462220241763 -483965540297 -491531908973 292760586269 -2397197066 347933878120 -290733897495 -255097098534 342404305861 13984062016
7 -48926112963 -218449752646 375089246721 205993300632 -329136363151 -195621788825 202328212886 380962945931 -43066537260 -484505727879 245850217875 333805538636 -435875957801 -419651682451
3 307020638513 -391105100927 -247950687887 437278137978 -241482017907 415236458608
3 281246368205 455681079512 386728072486 57909762746 -260043784398 -22935590484
29 476579755999 287161511269 379439087062 -405319223601 115054316639 262224630341 -464446287119 -448171437693 -265703721328 -428058849614 312398758163 -411652942146 446256068044 89094153414 157428597406 -495108045169 265719751718 88026221649 -257005098628 -219225340392 -203190880223 -194722789197 -401962202928 95640600004 -56425521874 152840580629 397743482560 240147787956 -245868150026 -86428145685 -248765499214 202308387822 483858635641 358947881897 64941182529 235804819378 -459816969446 242511243439 123474189370 -419592348355 -404098075769 341752142106 175557680742 239681722940 320030040955 359418069412 -384080665597 422939972916 -468165128011 -216115815898 -278837677919 -20319695826 -105083237218 33403010355 -453143662751 328102705454 283783784966 170511856987
7 445442244850 -70475439341 -484479872968 492099883031 279261393835 158700480432 253381257296 -131564426529 -369339796653 -333786083773 -281957521001 -47661242330 24279908055 -163321334246
15 460375945065 117804542005 122696497301 -111583751445 476442470204 -280562628889 212031183 297021150960 -397701638703 -299663841631 295976758839 -260448763501 392391817128 290135299223 30283087180 284414937153 -302013208997 -50778708211 -348470320388 -364611685212 494336196684 59277378748 -204917801872 -164734771319 -422223528345 201250661025 281658313135 377560237365 219312379005 -105129940717
5 313999892125 429919226528 352859199444 384694071432 -331421744931 -110259422850 369420881787 -235662355895 297740654460 344596991708
43 -373004661813 -144583042079 323794793255 269237038106 -301238401700 -285718274668 -293618392103 485643002197 144343482164 -102275261004 266160312465 396820516277 -436965567961 -218923088963 233415668706 -242304423238 94374242515 -480600033877 -109318242226 -148942297161 468862244844 91558741681 479974990235 456417460439 -324145168915 176066862268 -26911987237 75386374525 275722532894 71699291268 311250527767 203642344895 -6222356346 -475939269632 308475667521 -493537541475 -44316249687 107213429923 242601744710 236937941395 -203784680321 91297517805 426562746486 -495660781858 205589879167 -12751808163 -135191571263 -415879192257 -21009132974 113542649249 68124471962 -117875635911 -187956409849 -335097210870 -450403139903 -281824884368 107915692780 -22663425897 241674218206 39414872666 -115988136090 -443288439392 13195042271 140190380923 495607338843 319402132099 88639169739 287400768039 -498317506629 -291935898732 -306292897000 338050585630 -264224675839 -498064363374 398756152903 461790584941 -257132504022 476283164683 -266021259020 328352983961 347752950083 -261565292143 89492410695 58354655075 -350086603243 -370111613473
3 438227540318 -88684446918 486701927607 262424460035 -165876248695 -354625721394
51 -133145002477 -324669334955 -318206876431 137476873880 -255309696195 487292048515 224229989444 -479554690876 111742826929 38305573416 42644791557 -251765329740 235482862561 -399708709167 -315587901424 163402966066 -223054385149 345070087278 -272805549098 39238041052 204140830647 253737690743 471912806374 79828499155 -442834927208 298839291463 -161745836335 222266027574 278977588647 -207827369546 432363011377 427970350220 247372481854 -163988348871 -376587581297 -374905087926 -166840986193 26866116806 -135083298028 100692026596 102627663222 1383815659 -36825599864 206041896113 182325060797 416303801776 244656785272 92409735355 330844443212 -79663146557 478691508517 -371395095191 -241506708199 -155200861699 106959816351 45187356670 456502909751 443204836893 205629296463 -460246952697 -314872673626 -465856050590 -123061783436 243793214552 419123879596 -399082997301 238393876579 483084180384 470376228899 194606217879 215051527002 -173205646068 365099927347 -92255281560 155979388698 -108537749205 -8246457906 176165640669 -160431393729 116514221586 -38415691600 188778759301 -271983200112 432157630534 185895321278 157808127188 -262363374122 -205198300865 -406359009866 -68104846201 -345838819092 433138769554 -274688599991 -342325589080 -414355239325 333017242528 -330971106808 -207558687640 -82463775566 250695238239 -222438644954 142478057016
13 -152818438435 310355962165 16397857813 -301277081855 -384973280078 359683505194 -47906759915 -217062317168 203274536274 181966044791 310570949600 -430935759065 -86136620299 -479176804413 66010552256 22513461542 -34281702029 -328652405565 -288899358263 -103772031890 -69628082015 307310134548 51103348634 -29772772234 71144230464 -190461892956
7 457604733741 172656260278 499450614209 364550541091 -227704740933 428274648230 -180263101440 311490440653 -12343918677 327224687592 -56261091286 405323217113 94101975948 322118776301
53 -402020145627 -164383519750 130418179384 224059169517 -344045677149 -189884495777 -256745726688 -31434326680 126240084705 211884845379 44902087908 213930981100 -493627707005 -76091482106 -325396244332 -47834889287 -405356832270 -162186749122 -316389002751 30792558812 -158851479486 357546378792 -443730703528 -328703983607 -469020478412 -16927238328 266010444968 -30715019223 -348748974897 461821975168 -469113784362 -55250404661 -34427208609 -468416656818 54096805189 -480184897305 -308837302871 -97736660669 298491307440 -271136775040 -463826640492 87276708142 -442496064092 128648166371 438186273415 -269191439621 -6192924224 -48588190948 -375931930670 -376481316926 488069224631 -239635516768 -311360869003 8376030022 -180133529789 307522551532 134747239125 -421513852626 483809364952 77911340434 -99969883728 -345693477357 94478249826 192458104199 -471925415551 158492763833 -117448066648 38506256201 348621760424 -408123966263 60441707056 -313318208704 398566637140 -56531275416 -342600294781 -336228001320 87680516572 262284272239 -285550617047 -190907449317 146905801560 330516798808 -138690642378 202457878134 60004256460 116273553397 287569569790 318549091377 -198378146951 -432367702448 36917278327 188168303895 149990278598 180876494236 -374373910424 91198880966 122782224147 -323120971127 -303305867967 -112143170839 290120168491 88611475931 317474700891 353648060398 -59075231458 -1571295550
3 -203928295850 289878779924 -258709411024 -134641341694 -11122658621 -23053434455
103 -65673790204 254192680471 61715231538 -303537529801 -225051381962 -241242017476 336669322958 -263300560770 -108994038127 485484211698 177942315897 206016900346 -135490336285 247061597065 -214432146732 -365810386774 -273934353037 286507354484 473189145779 371755782455 -184775493426 -27375787742 136396210937 -275923272956 486360999283 -299189618229 9902932452 -343191265986 487325532821 -151365110022 -448907231888 111097024572 -272629422495 -485059852704 333489238672 -364888908744 -297256611193 239660667599 -72171028969 -422180750836 258695743399 384321832975 -24479286523 -401697062375 -224818033503 -28123901471 359732928154 149853096180 -261535428353 -444060727462 409587332936 -149487898987 348940805461 476017676282 -458719180411 -162647476262 -372768696803 -131478107828 233880550476 -277242108144 199704457400 -62984493823 -137034313584 297291896211 51484576217 -386800192243 -190337722045 84610895991 343368878515 180038201473 416737640703 -192256397890 -206772186656 471170129241 177187029121 -458303307163 288758289901 -425673857296 -291484243605 -65418596642 -278911242624 -305722096844 -433966314855 -118741807815 353882404441 -9721385086 214355341957 200716340775 401526723011 -88570345001 68238389011 55563921833 404198811810 455291579922 66388604494 293759181999 308699329294 142188567967 277299659222 480043048495 219703715629 -352467313805 -274648064642 484047678757 368369511733 -156109775256 -57806837632 217375129329 -310748772607 -451015844918 198837251727 437301823374 493241095912 402828428849 -246659470604 -397718665142 -421700989325 -380420169737 -43067646000 84163657195 452685549833 186566099844 409323991699 109028449099 -453956045188 -90990358773 -293698462561 257786113656 370985921412 -319351800633 265259095358 108627973873 -211333825118 -294596184880 13147417229 306375230572 277545359813 -45267611530 -3570918693 -214812628792 -140486486088 68029270306 -497389326336 -276300568960 -82022665805 -15988980194 365269211989 219151615965 -290569769586 423785572370 124501912679 26028635225 437458290689 5696679235 -438739399397 465459412879 420750992335 -12860403635 -219101221635 -410401892806 231786675160 9086334383 -10870617586 -291166902422 -143634216228 81717719129 65765397420 -65865091311 278025133897 -279781704200 437593425129 -373155347478 -324171192396 374666059331 311967882705 305208978152 208037406535 461377936397 -436340729210 -358041718536 -238461888273 218470465726 -197365877543 -244680328175 441885772134 351209763368 -39761787997 6282167279 415291808506 -378406654521 379379459600 250365380547 431013579913 196272675272 -195099351319 93566823561 298970638680 -187881944555 -381506714449 396038645364 -149228966165 347200115140 -367612514117 -8098999740 -440069729900 -437459056236
13 -311771271197 -446502059673 272649556292 482079786705 405865358610 30367271290 -443604093950 493854196739 -449124025 60811476577 26270888990 -52978118673 434161477691 -284939744409 -195341636750 -463554962055 45531372328 -465339245724 -256506148146 99859635624 -318422645711 247342752175 -318522339602 459502794295 -320278909905 -382685485241
7 -205345965784 -393378083544 411830895073 119868301143 81246237075 144905507864 286863789328 -451598099410 266872366316 -430493511227 -175173839402 -233288067734 -382078304366 78159907636
3 -378672771564 -499293312430 251072068582 182085648031 -121641677162 183258971517
3 -112085511727 6407774289 -97553580811 253217453022 100417568162 232805054044
5 -152822731832 133417643435 -162364647100 25864081702 79362022494 -147988421678 -165908634972 -260043276827 270323994462 326719900978
45 380936449803 -92792661670 354229219655 288390697347 -496549047528 -191890684278 -155445645868 390085726459 424746481201 -331759667411 268099968679 449677322967 197020074677 378497735540 338000529370 -482278381000 -364963865776 -120804698495 299183276854 -406162688930 -299540772475 -387709877867 232158423742 -186595339647 458310168682 245173957545 293575858601 60448224451 129954713224 454780874287 -278507193912 -160585498279 417574409822 -497983516192 -498249633236 -376922404336 -376215716766 374856351816 56941999847 435300322685 118559294202 395385088815 471181522110 -140903990082 365503784206 -232049796605 -478832344049 121585224113 -145609721842 79096331996 363732656400 -289090075431 344327568004 -318037079562 207827002605 -212810975365 139200602955 473291967983 -286751308844 483572685617 310292586130 130866683382 450991656142 331928105480 -260864556190 -406635337000 381755360347 385206313284 -306684371459 37869982671 -72044290868 -147297810133 20942522455 -210957509330 -261280186363 435739888314 314237623388 152238152759 169959771758 304995905982 -315808792512 483374484341 -422788205054 -222328977064 -110038854931 -377880431654 -64475770836 -106165602619 -360991645539 432584213061
7 -422231975906 -200739169353 138675332366 56249741723 58266225996 60016592759 183094188423 306878472122 181734823473 -261323177144 -326022854459 292536439743 187921528093 159103049737
3 -348346953209 -327179296793 294405927320 -351203794987 227892537474 91625193409
85 328825606419 36652608558 323841633193 -36957763851 -63665796333 149582894821 133155580439 -56551833896 -425685150979 -474693494837 357234610643 -403629946011 -310265282546 -428509922664 456696390619 -349987980839 187882001832 -384162289502 -31460099635 489482423285 -221475086510 17244727125 -47015384559 -232777761636 419460391122 89420162881 -105583931601 78607275885 61981760227 139193555172 416864578107 -193174276823 -71054708478 364469520684 -241696082400 -102687727474 -170103514879 322928922634 445916073371 -476315903000 -177055072354 461620260477 17870001736 -423863772733 136152820492 -180752991550 -373874519892 307860304046 -453462873563 -279485728023 -486949288745 200972239813 -139924710914 -121725651259 -238022807397 -86369760607 86450942599 -119143130080 29653074932 -242454388058 349170805816 151705923328 -201431391156 -372605784736 164046823821 -12111542984 450930693163 -112735103635 -463152208814 170003371625 -386548462736 -312233613250 -286927108088 -429692497909 -333322443456 -143587726002 -72097648667 -115401258047 34610761112 -277507237520 -161669526557 306870373807 296352796627 -425122289883 92122437242 -454892947783 -187670708954 -268210318297 321209844584 -284374087017 294233188868 -143785051369 495408504267 412273081909 -280901195379 148044096607 12513616826 270817534891 -331870193049 -1973707928 -179044785294 -233128712388 -209444615388 113500312722 75120572734 -407009425995 -330873198262 305279622229 -375473369786 -249347889213 -441487585632 -394950459196 -174436186754 -161385475500 -460413236152 -100337946601 277936402139 -460086405724 -46456165866 -460005223732 -79148353812 450504721584 -291949666939 -442778861589 208927062204 -492504329417 -365110114153 298936710133 -213174833316 -262244140618 125020755745 161868546931 -168128081908 -54676544179 133089842569 346162734481 416470236571 -416852207350 -60439933352 367462418446 -247938840066 286671921045 -490835316940 -152504843497 -345634469690 450718326936 -474403963412 117718474295 162825526512 475154817558 -293055500738 -471845656620 -256219743637 -461986554768 -105771606138 -110363102336 -198090020426 21008784194 -330947119663 181566497628 -47615967945 120513839004 -381459869389 -60504654683 206366632928 496922018005 110422330261 -314457097470 -221466523465 -52339721728
7 128118641501 186631055868 291680596671 -382755590548 -44141065582 -4554301735 395107751663 173044153802 212957748078 -333498418253 -293503641520 127348004666 77852725786 285903059312
81 59546930510 194436816356 -6626473975 280198692707 -482045448376 142975307834 -195156145698 136715772858 -417960771786 215129070782 61291804798 -22237959095 60909834020 -499530099797 367932318648 -380006521884 406665399161 415830082686 -236674761277 -82309230967 -131590904030 -105994867443 -488276393612 174549133365 149703950458 356648449719 384802793564 -371416950538 -333403505307 60824889019 450461786682 -247628234209 273380550450 442433430786 123999927949 -423616040462 196897798542 315437929618 -245066725530 461299907863 458221925403 68644255198 254187157728 -467279366202 -19619087464 233320812570 -389212657180 238905984321 -74462960276 -282782363604 -165537954152 290320980264 -214233321470 -319125570272 353918583529 66876331608 233377913354 439874271834 67222276500 -354924998178 430978061133 274102258856 -173846482147 385700448362 80137264719 -426489209722 353709483451 371664035074 14639342443 319483197210 -43801030397 38238197815 -246632731867 314659072931 -207578886629 353330947390 353800848058 221733166240 341726644822 248392043518 164222125738 427547364927 -154761866505 213647229463 -392347637979 -380624031592 293925101772 -56370947769 -199722498515 -314919705416 -186336655489 -19740160796 -458915272242 491546514905 -256081719769 -482701169784 459732261467 83732188951 160116148954 -142986052968 -327548123815 -72614848880 -111314941482 -153093016544 415551238653 169738395917 202459029714 -317160058215 416160754820 -473051902825 265854081961 -308608878780 -91391242384 243070803928 33391783727 319158462257 -499967108014 353951475515 -79172193342 -345794279987 -405920008619 161302267881 306377270168 237355330836 11457589227 337611107545 223311555443 -196551180303 -123040389559 -269330906574 -397666871965 116972470943 -63544332312 392654637290 -69107165359 184260102773 -1080824761 291340288608 144671235999 -1527916407 -279794750632 -438068106276 310323937707 -25453937018 -97906572557 247331561403 -39021209598 68631152421 188007121294 -18067777398 425561274832 -274161223682 -89080929099 224582415411 -295157745385 -254073017627 -262526503187 -18608222491 -1309392275 -41577131273 -457844942322 202271206631
3 159122180966 -452192760981 -105285777526 -189734539338 480003856578 182462885827
119 308411679607 74265761102 265656882787 -325734360062 417336443866 -49271772405 -230113310613 -230080418628 -376128943113 44698863543 198904583556 292984575402 -45713157181 -239335887478 498019443823 9477032585 -152911860334 -429600304891 -126151485194 250808125245 481477218671 -416189653294 200782817649 -362761515128 -470106878303 -39214043663 -354953941355 143965233882 -64694477973 -420023242440 78448841151 298654090985 360585984709 170909921951 -354544015067 47549412375 -205119026687 255859764179 -175509083864 -487501963035 -5569739968 -80008465601 145830310716 -443250618382 281331797028 486174051643 -267898965984 -30425469172 450966308336 -50343083939 408079784786 450234842463 152506048629 211791202291 443528232138 102650412638 150457651657 -454828126334 -144562665673 -164558809560 -482095924197 383206903880 164670485847 -26917834545 -452652073908 313004808878 487270449282 404606892682 -144664880188 125221809663 395141391034 -480987552544 63711311464 -237384105444 -444399530507 9887312776 270551425298 268570868656 -221952098757 125136040907 195535736016 -430615749177 320192376067 301669594739 385479941445 86262758628 223501243499 253394365195 -285819678933 -140773620289 -496808386871 -61502864845 18473893179 -403077266133 395576824851 256162809560 -72927268954 72528715977 -379921871647 -85040898334 -329181134621 -4690218020 7807818943 -497761921490 -77770386625 -431940076375 -375190694758 406141102735 392315153913 -375583812536 93990718756 44957026627 494613942687 402693727474 352928569471 5434618101 -282774180072 -339245948399 263404464238 -86137884569 -40966010904 314471323422 -350087486603 -332183410801 -448976506920 215693978926 -311223856085 -263875929528 -450871121115 -463600672298 441006220849 -203658659804 421563149858 316704540893 335716988349 -100571700651 162044194369 217644663861 -272468023827 498083401936 266654270126 -455297829096 169838212276 -134626052172 -65241801350 -245049425282 -443379831008 442100110436 28362868599 -248135888366 -494741523635 -280561202569 78665177141 81856790269 -479646075041 38827818137 135750552469 31327376855 -212509814050 214562917460 -212908367027 -92830238674 322128863456 492947728835 -11742489650 496065329758 498303408268 -79466978823 -11407054733 113402250508 19543352778 -88141493307 36274694156 -369734587552 175222439540 169836381762 72530108770 -74541321757 430893296343 -351880884194 -191126832594 -427722368821 -13860253390 445173735704 259645058661 409557572058 -422625839208 -371602346129 344091633262 -467132223289 -231008152817 -181879273467 -145479945766 -204473725382 91867615278 13430764672 -169864694899 -334147706550 65280592797 -272675213298 444969451029 -327498573263 -329415171793 437239098799 481941269702 151779481513 -482846570658 -48088372008 206862202709 263482371700 205582481671 -266054650194 -14190538560 -8932062196 210506735234 -210828088089 371028702180 391382627604 -69789554723 -434039002719 97288374601 384778560551 99341477546 386433110985 -206397128154 -384268265163 -391320536328 96936974021 93002303313 91305711581 -488161267707 431677559 -386166071931 133377280846 -454764212926 81510481695 211775894142 -113001666782
3 -445176498473 485716797870 -366164086789 -57290919384 14986711794 -498873542062
129 115502823430 192876984687 321274638558 165366271354 198234048531 467225895713 -214653378219 139866676479 435392951097 27260565910 -459308669417 -129173364317 36678929131 -398040478070 -170715691368 -225746240804 -53244813602 117340014603 54579112937 36520382639 -311700136313 -294546706971 157364921484 -135772876271 -372290504571 333291977100 -432762673093 53046788346 -455885273849 254621461385 -456206626704 414822075476 306204702614 -263584852108 -197623854827 399664519773 284443080324 -116215442594 -229782332074 63820540236 179552275072 288231738744 -114831287234 478171016079 69476727195 81315459954 -418252862951 -304418934883 328958346428 374194133502 -44295385267 -332519491125 54478842091 111313557071 -259321619178 -204498117652 -218781319781 -84945406571 357763674509 -127249614162 -126123155758 -179822962582 -473877710743 141625112687 -165497903090 -344223264532 321143006822 19377054888 -13397049397 271949572382 -88183751603 -152790800506 374469765403 415161095985 -214012268331 322666660799 424626182729 -246089508638 28164250556 474919436953 92259451557 -353161435971 183358946667 371658810820 -422887896617 234477024867 -401295851404 -273586355975 -440294379340 -373057052433 179989736378 224104462528 -21274076551 22519296744 -62658627779 -256453925630 -20038777738 282337367898 182001887206 -33555032933 350229524937 -379552807602 184267732633 -136179992294 -347948254015 37220458750 15391474829 -415131798440 166183661514 247930799027 443511864144 272470210107 146664343609 -397631042123 -230150533248 324328309308 -64358134085 176320246735 471822129549 -246959190697 168095402730 25859076774 398609463078 -227513693146 92663344271 118785633528 -239589253784 94912843124 250689578592 71832585414 -408790360162 77812590439 -150237837177 261578411218 -391212389753 483257376115 398418471635 -315593797161 -492927136362 431699046367 -314390462736 213773788285 188693224773 -219047324135 -72208759641 -388849813439 482808997380 -440078899236 294398125630 393102274226 -380484082214 -320778461089 -193835513523 486154222854 210258684917 -311015391634 211503905109 -351154723135 -107608648299 372352573961 154689941394 -163308171398 303136795667 153366320139 273813513002 -41918754829 321901252875 473952999326 11173457610 -473435068024 -388566865999 277616795514 25547594076 -30940541779 -258470332137 388194011472 490562969814 -239587563900 -415259255056 20382611323 -303297142406 -331475013322 -78434204020 -410338801290 115520275484 14129738097 286616044950 -120720610777 498065022750 -241524231499 353388612090 104078190216 -324089224834 -232879584530 344933005908 -305304831734 456273579949 -434938810269 -451681434620 446737037481 -368856760146 -361783896508 -430084850140 -244475312877 469298475407 157991700180 438944376045 -133264384061 -22114197035 -39305200120 20615900643 -184985973725 -291883699964 -172367781713 6853757196 313018243672 299172466527 9431150979 198415759344 -90080335545 58764941319 451156293019 323508866980 -21801192090 314890636510 118027432178 -228606248148 -454792735611 3288510024 -174810237565 -200857238704 310316219371 336881151346 448314285347 225931080861 -248521325527 220538132693 462067801022 350261812028 340824781377 -398762782522 -314022037579 206360573743 403063431802 -428411581985 -6845785540 82815413169 -301664311812 212465426750 -918528764 378360860458 376425883209 -365098348755 488290263334 92368453551 268279228717 -464600356279 380332650095
3 -403637412424 -355318847044 -408581810029 -277438569710 -139222466218 -69307316359
63 -186492454114 -247548078069 119187537869 -402926659631 57768140713 -421615959108 -106601932834 101514367666 429146585953 -63999657316 -250981414108 -451808948047 57622203397 -243962037723 165957626731 -275277431949 -324121139396 499387727584 -22413464506 -207522828461 410504603716 -318101644431 -272894380042 230394129981 -444416107583 -145273346288 -334957127382 -498075976035 450238309311 176169389708 427648064646 148186196874 110253997431 -39484190540 -198659409628 -97422192151 88555770734 -205083655987 -302020224650 -230431806170 262722408288 -154462179008 43873509179 -243661064535 255420407166 133781267159 10207149903 145108801613 133399064481 -274232482432 494046746750 -470553609994 409779040100 484806858461 -483891744624 -387529157049 -242848003629 -151429813658 71131616631 431909150877 -137398165947 -451180795184 204335051451 -482157403129 -229705481198 389482057136 486555397504 44323537752 122707579109 -483894354190 117620013476 46766598963 482766941647 -268214472461 -220023420508 337598782888 -406363254835 259594371896 484316939946 -339804199449 -340416472330 137170063162 429647235167 340151838418 -477949806478 -250844186055 479549943925 -464866164124 -110139509947 54903362670 56827386634 7065695946 -316764914811 -389116850629 259069346710 -130676656323 329839153136 -368820256492 33757551356 -377686678374 -82770333896 115209441452 384777635282 147500043105 493037864096 36911373276 293250308741 48670715442 -317548017398 192659132505 -162232066347 471166998600 -303065484297 -309018738013 -279572347542 -369793307906 -384986449910 -368878194069 -256407351119 744645251 349314832058 -79553551776 -147644401363 214957433154 263776637969 -31888311045
37 145730861763 132286259267 -323390203445 299317375663 315423021938 -66956965051 479809634378 462576575559 -305637897367 -25661317410 -188062534987 -94425789823 -334831417926 -350514478446 -190318677895 -30735149761 -393565087063 -463917852362 376233986521 398284180042 -352560006479 -373010062553 -337876226677 51984263375 -393112373954 163715012680 -329219291838 -145984206183 -35101056813 -276031710568 93291633573 -76869213756 54310529750 -411931918892 -289618597267 127611068835 -257179489711 -372401854895 275098188675 268136052306 -194952574882 -401702266140 146968449301 329420431903 22079564408 359847498061 331014496195 -472050988102 -281069726115 -60642073657 69564618901 184578168990 315699974920 -440707376199 60037269052 -90647899355 329798549334 -317845852495 397111580659 160888218628 -371000092882 114954193409 -128797001498 -483066140200 149220119067 325829916086 125147291284 -59429687242 373613348171 353422982084 315999557178 -489638340188 -15299657599 296637807412
5 16866121216 326547443785 -204187706440 -97752793504 -61670645401 -185436659346 -287152479769 -139712485782 -12722548336 149401224986
5 471988127088 -357231164750 -3215370934 461683572252 -314348138316 278943495256 -297925718965 256384811250 344452892357 -445165705375
89 -447135981147 327962207527 96098259834 401145684952 499443418811 146411868113 -24167700449 497911863959 357759362020 188773857750 216722869648 435653143998 -124988930125 444575688775 129153857766 -55146167778 4146456021 -435816274925 -26464174281 -196665625412 -14511477441 -117399897248 -456511679085 -327511771501 287442421907 -341354580056 -324420719791 324799399275 150629314896 -224223393818 216346918938 89960266645 -56616751736 -240617194557 -230255534746 254444807653 51082614600 253294632189 -379324768613 137541353068 -35911203611 259901089947 -337851704022 100477650575 415040991229 -372111488539 -11823974322 475453477341 124854701862 326240190223 -365486695834 -393498568746 -250729733496 246054895569 207738467356 393390329039 172333823830 374408105329 130792916114 -24754191993 30080102630 -287474533909 -362208660162 -309344640844 -481382433782 114715826052 15861511005 15304929351 -338283203001 137549097015 135460960509 -6779677936 -318005820185 398717049462 334370192994 -290618737130 -346043048820 283110808945 -272035358833 232111097188 296294822262 -230169352018 73165022569 -441346455338 -58746352120 -15258031205 157230197292 -55327380800 103318039143 278897319351 103696718627 -245673966941 30102639240 -253550441820 336409824824 -220206926912 39175878529 308920343783 63365150971 -385552234894 367742397760 488417629147 125958981749 -409952222327 349948867619 -487902836402 112574814172 27615805402 155504316862 -356319657925 -380866181049 243988520812 70228711036 204742015201 311243446455 -439486287506 306568608063 14307075419 -92302596006 -419968772176 454439333153 85232248802 -439521943656 90558158974 303083625530 440874965368 -368469675941 -349852109257 264863716794 -219274772666 296030157150 457746954149 95296050699 -269242988791 223977333271 405971513085 304688562548 139058755076 348440017946 -497603030874 285507778071 -486527581227 245583516427 41878338224 311708986205 -115125991224 -56472446562 384781201316 -130476829889 -473246633062 -28574013863 -425255974719 353641344631 -42661937206 211664096318 -258233264907 -11783706728 -175373881904 104419191183 -356404930751 452515413031 15880563536 130328328642 -1929274062 -13511644915 -387552663631 -297504885493 -447556018339 -435458854742 177115959896 -295268235167 360236081695 -496083576696 -376949757745 367038763066 -62732526363 -357990511161 453252935294
3 -165357669193 242339735265 322370963088 276810295775 -137957455887 -77479399543
3 257037349863 388567673921 -461284435801 303579281458 -415695491673 380334665477
