2 2
5 5
43 6
2000000000 0
1999999999 1
1 1999999999
0 2000000000
64998 2
2 64998
64997 2
2 64997
2297 3
3 2297
396 4
95 5
94 6
63 7
42 8
31 9
30 10
22 11
21 12
20 13
19 14
18 15
17 16
0 16
1 16
16 0
16 1
0 32
1 32
32 0
32 1
0 64
1 64
64 0
64 1
0 128
1 128
128 0
128 1
0 256
1 256
256 0
256 1
0 512
1 512
512 0
512 1
0 1024
1 1024
1024 0
1024 1
0 2048
1 2048
2048 0
2048 1
0 4096
1 4096
4096 0
4096 1
0 8192
1 8192
8192 0
8192 1
0 16384
1 16384
16384 0
16384 1
0 32768
1 32768
32768 0
32768 1
0 65536
1 65536
65536 0
65536 1
0 131072
1 131072
131072 0
131072 1
0 262144
1 262144
262144 0
262144 1
0 524288
1 524288
524288 0
524288 1
0 1048576
1 1048576
1048576 0
1048576 1
0 2097152
1 2097152
2097152 0
2097152 1
0 4194304
1 4194304
4194304 0
4194304 1
0 8388608
1 8388608
8388608 0
8388608 1
0 16777216
1 16777216
16777216 0
16777216 1
0 33554432
1 33554432
33554432 0
33554432 1
0 67108864
1 67108864
67108864 0
67108864 1
0 134217728
1 134217728
134217728 0
134217728 1
0 268435456
1 268435456
268435456 0
268435456 1
0 536870912
1 536870912
536870912 0
536870912 1
0 1073741824
1 1073741824
1073741824 0
1073741824 1
0 2147483648
1 2147483648
2147483648 0
2147483648 1
0 4294967295
1 4294967294
4294967295 0
4294967294 1
9 9
9 8
9 7
9 6
9 5
9 4
9 3
9 2
9 1
9 0
8 9
8 8
8 7
8 6
8 5
8 4
8 3
8 2
8 1
8 0
7 9
7 8
7 7
7 6
7 5
7 4
7 3
7 2
7 1
7 0
6 9
6 8
6 7
6 6
6 5
6 4
6 3
6 2
6 1
6 0
5 9
5 8
5 7
5 6
5 5
5 4
5 3
5 2
5 1
5 0
4 9
4 8
4 7
4 6
4 5
4 4
4 3
4 2
4 1
4 0
3 9
3 8
3 7
3 6
3 5
3 4
3 3
3 2
3 1
3 0
2 9
2 8
2 7
2 6
2 5
2 4
2 3
2 2
2 1
2 0
1 9
1 8
1 7
1 6
1 5
1 4
1 3
1 2
1 1
1 0
0 9
0 8
0 7
0 6
0 5
0 4
0 3
0 2
0 1
0 0
