20 10
 16 15 13  6 14  2  9 15  2 17
 11 15 12 18  1  7  5 13 15 18
 17 17 11 13 10 16 10  2 17  5
 12  3 13  3 14 15  4 18 11  1
 17 14 19  1  3 19 19  7 11 10
  0  1  4 19  3  7 15 16  3  1
 14  3 17  4  0 10  8  2  6  5
  2  7  8  3  9  9 17  9 12 13
  3  2 16  4  2 13  3  2 13 18
 11  9 10  3  0  1 16  1  3  0
  3 13  4  8 13  6  1 12 11  8
  5  3 12 16 11 10 19 17 16 12
  4  2 13 10  4 10  0  9 12 18
  0 14 18  0 11  8  6 13 18 11
 13 19  4  2 15  1  9  2  6  5
 15  5  8  1  9 12  6 14 18  7
  4  4 16 10  1  3  7  6  0  6
 12 13  6  9 12 11 18  2 12 16
 17  4  3 17  0 14  9 10 19 11
 14 13 18  0  4  8  0 12  7  8
19
1 2 3 4 5 6 7 8 9 10 9 8 7 6 5 4 3 2 1
