100 80
 42 39 49 73 66 40 65 30 32 43 62 52 32 75 57 74 66 30 62 67 76 34 30 68 46 43 60 49 33 76 69 37 79 48 61 40 56 76 77 38 69 56 63 55 41 48 48 50 67 58 69 76 67 68 60 53 68 73 38 42 35 69 50 46 64 61 61 77 58 57 65 63 52 58 65 57 59 78 44 73
 44 69 41 72 66 70 75 70 74 33 61 76 66 62 34 59 72 46 58 76 59 50 46 30 74 61 51 68 64 38 32 70 51 39 31 52 34 38 77 68 78 32 40 52 66 41 30 66 66 64 69 66 68 56 32 36 43 45 37 59 32 56 69 65 34 37 46 51 57 46 61 70 55 45 71 37 73 50 66 52
 48 64 68 61 72 51 76 52 78 55 70 64 41 62 31 34 76 71 51 36 47 50 68 68 45 63 78 55 79 33 41 52 58 40 36 59 34 42 30 70 63 54 30 73 68 43 63 44 49 43 68 63 43 32 31 30 52 45 71 39 74 41 72 48 72 76 62 44 42 63 36 56 46 70 79 39 44 37 79 66
 62 44 76 69 56 54 30 46 40 65 39 34 51 78 46 70 59 46 39 36 60 79 36 49 36 49 61 73 47 37 64 64 62 57 62 30 78 57 39 77 40 63 55 46 53 50 70 44 72 67 70 38 79 32 61 60 58 51 51 49 59 42 73 53 37 58 68 54 74 61 76 58 44 46 72 40 72 69 71 45
 54 47 65 40 63 45 39 72 47 54 56 49 61 51 78 42 61 63 45 35 33 66 54 47 58 38 78 39 53 51 43 46 37 36 39 66 54 69 44 41 54 53 68 65 35 69 72 42 46 30 49 54 74 48 79 74 51 30 39 31 42 66 52 67 39 75 66 76 69 32 42 46 43 58 57 50 64 55 69 59
 44 57 45 75 39 64 55 41 56 76 58 59 34 35 34 75 69 47 76 66 52 43 45 39 40 47 77 68 32 73 50 46 44 36 54 48 45 50 76 74 69 50 65 30 76 37 41 37 72 73 56 64 70 40 59 45 35 62 64 42 74 37 67 56 73 47 55 58 38 71 34 72 48 42 76 59 66 53 49 65
 33 71 50 36 69 40 35 59 31 64 37 54 74 70 41 38 48 65 33 75 37 69 65 53 66 56 37 73 51 67 51 70 74 46 60 33 68 37 67 52 45 79 45 49 70 45 62 39 72 54 79 56 38 66 48 63 60 64 77 57 30 68 59 61 57 46 44 39 65 56 46 66 56 49 70 79 48 41 42 53
 39 70 44 39 62 65 57 67 76 56 55 58 54 49 56 43 79 60 68 77 30 49 55 65 58 33 76 59 45 39 59 74 79 61 33 52 56 44 63 54 79 35 64 31 73 56 44 70 79 70 53 50 61 50 74 38 56 57 59 63 50 76 62 41 60 66 61 54 44 64 77 35 42 73 30 44 38 41 44 44
 33 48 30 50 32 68 75 43 71 63 48 75 52 42 71 42 41 65 47 42 75 61 59 44 56 57 58 74 52 57 48 63 54 56 35 54 43 44 77 65 36 59 51 39 42 31 75 62 67 79 70 47 73 53 60 38 72 41 37 56 68 63 67 75 44 50 60 73 67 46 42 59 46 70 63 59 60 41 30 35
 71 73 63 36 38 35 79 47 55 47 38 38 38 72 79 74 45 77 58 52 56 72 76 53 61 37 55 50 48 72 64 40 76 50 68 59 46 32 56 71 35 59 63 77 68 49 36 51 34 73 35 74 36 48 32 47 54 67 36 37 48 32 74 57 43 56 35 54 50 47 78 36 52 33 48 41 63 64 55 47
 79 69 56 55 60 30 54 65 61 34 43 54 54 30 77 61 69 79 67 42 78 63 75 39 62 36 58 56 79 42 77 49 36 34 42 47 56 53 34 53 31 79 46 47 58 78 58 77 43 48 79 30 32 40 73 50 34 56 43 61 72 60 58 41 47 32 73 38 77 79 57 30 77 57 47 72 57 45 73 74
 39 32 39 61 42 70 42 61 49 45 34 53 51 51 78 56 45 64 33 48 54 50 52 38 74 44 32 42 45 51 48 73 71 44 74 61 64 71 45 39 53 71 43 41 74 50 32 76 51 77 66 37 42 38 42 40 62 77 65 34 68 72 76 40 41 37 69 44 77 42 43 70 53 70 65 42 49 46 39 76
 72 55 72 45 71 43 48 73 43 62 47 33 75 37 71 39 39 54 64 56 39 59 37 65 71 44 77 34 38 33 34 34 55 77 57 51 50 44 32 46 34 73 56 36 62 78 69 32 43 31 56 30 32 77 75 58 42 60 38 56 50 58 73 73 36 63 34 68 61 47 51 43 62 48 56 47 79 33 70 79
 70 47 51 34 64 33 52 54 64 52 40 57 47 74 32 63 37 71 76 44 62 41 57 66 70 41 41 34 74 43 49 37 75 69 60 72 69 39 52 32 49 73 54 44 42 34 56 72 71 54 59 61 38 40 48 45 64 76 37 73 48 52 48 60 52 57 53 31 57 38 58 44 71 38 36 38 47 49 58 68
 37 56 69 38 49 40 65 78 63 38 53 49 52 59 78 52 31 63 54 35 64 51 46 62 68 32 73 67 77 31 75 64 73 60 47 79 31 62 44 38 48 34 30 61 38 66 70 63 33 30 48 42 51 30 37 34 42 54 34 70 46 47 57 72 56 43 43 72 46 61 64 71 65 33 41 63 57 79 75 40
 65 42 74 47 55 52 44 78 57 72 71 47 69 68 30 50 51 73 63 40 31 67 51 45 74 73 38 74 64 60 65 79 75 74 79 77 38 76 79 37 41 68 66 57 63 70 35 56 61 58 68 43 49 40 73 50 45 57 61 71 63 72 78 73 46 45 68 47 40 40 45 74 34 41 35 69 44 79 35 44
 76 48 31 75 39 69 46 50 64 56 76 39 58 33 74 63 52 61 50 56 75 59 41 78 42 57 74 64 31 30 61 66 77 36 77 65 67 72 77 30 30 55 36 78 55 65 32 38 54 73 45 38 32 78 60 57 33 48 63 31 42 59 64 73 31 54 41 77 73 46 70 50 53 58 72 45 61 45 50 34
 51 73 78 63 30 72 39 45 36 63 64 71 46 56 66 61 45 76 64 61 74 67 71 40 61 34 50 56 33 52 47 34 32 42 30 35 58 42 62 46 46 67 70 44 63 65 57 76 63 69 44 52 60 39 73 54 40 68 66 41 78 71 60 69 71 56 41 44 34 70 54 38 71 40 55 71 65 34 45 60
 67 40 37 69 52 46 63 69 43 63 49 37 56 37 46 70 35 79 57 66 53 67 38 72 32 31 77 31 73 66 62 55 79 38 54 67 41 51 71 35 34 36 60 42 75 44 32 63 74 69 31 59 32 72 79 70 62 53 77 65 59 67 55 48 58 52 65 37 48 44 73 73 42 73 42 64 48 37 63 72
 31 74 75 70 68 54 37 79 59 38 74 76 46 47 43 74 52 65 46 54 69 47 40 77 58 75 70 73 34 65 56 70 34 33 54 78 30 60 67 66 34 32 73 72 60 69 63 68 46 48 31 78 73 57 36 65 37 60 50 46 45 31 46 75 51 77 43 50 65 65 70 73 61 48 59 77 74 51 75 60
 64 67 60 55 59 54 70 77 46 61 73 73 44 42 37 56 38 30 75 35 45 76 38 63 76 67 50 71 64 65 53 79 69 78 30 66 48 45 46 75 68 79 58 52 46 61 53 78 38 55 36 71 69 75 60 73 30 34 45 45 56 37 46 52 61 76 46 77 39 64 62 45 47 31 60 42 63 51 40 53
 34 57 73 77 60 77 70 62 37 62 76 52 78 45 68 52 30 52 69 38 56 78 61 44 41 50 62 63 60 31 59 42 47 34 39 60 68 71 45 61 75 30 56 53 58 74 56 51 53 34 68 36 50 30 31 52 71 36 33 45 55 75 43 52 35 73 42 62 68 31 57 75 32 34 31 70 73 60 65 69
 45 45 68 43 46 42 53 73 72 55 71 76 63 59 46 39 46 53 49 58 62 53 72 31 64 35 79 35 54 45 69 72 60 46 52 65 46 65 54 34 40 40 57 56 52 64 39 58 65 47 34 61 76 69 53 78 36 61 59 41 32 73 62 76 40 42 60 43 76 32 55 31 38 39 56 46 39 74 63 58
 65 66 77 67 63 34 54 39 30 57 63 40 36 45 59 42 66 30 37 55 41 50 71 36 39 68 61 66 45 78 79 38 59 63 66 58 51 35 76 58 38 33 65 45 49 62 42 31 55 45 38 62 68 58 62 44 32 57 51 44 38 67 69 45 48 35 46 51 45 37 63 53 67 69 71 79 53 31 64 50
 66 65 74 63 63 73 32 70 67 57 34 73 38 40 31 73 69 68 69 49 76 34 56 65 37 56 69 73 32 64 48 55 43 62 62 38 57 41 32 53 58 30 52 52 69 44 36 62 49 39 42 39 48 50 37 56 32 56 78 72 71 75 35 47 69 46 77 56 54 38 53 56 32 58 79 43 50 36 72 54
 54 69 32 44 43 36 35 61 48 45 50 79 53 32 37 79 68 70 50 69 38 66 36 62 31 39 69 65 56 72 49 34 37 68 63 71 69 73 74 40 44 66 70 57 65 57 34 48 47 77 71 66 67 60 61 79 58 35 61 50 60 64 44 36 40 37 62 63 60 71 70 73 45 78 53 30 43 78 78 51
 57 53 35 68 73 79 57 37 31 78 74 39 35 79 55 45 42 72 68 48 73 68 35 64 37 58 47 31 74 74 38 30 33 75 45 35 66 66 44 37 30 63 58 33 59 35 50 38 62 57 74 39 44 33 76 38 68 47 32 54 47 30 53 77 51 61 61 59 32 40 40 55 49 54 49 44 56 57 65 44
 57 67 32 36 34 60 43 44 53 55 70 54 51 33 33 31 73 71 51 69 31 49 55 38 45 30 61 44 52 72 56 38 71 72 48 71 78 77 34 55 67 56 56 44 75 76 56 79 51 56 37 78 49 70 45 58 38 37 41 63 77 62 49 43 37 30 39 62 38 37 37 64 50 41 66 49 59 54 70 54
 75 58 52 36 51 59 59 56 63 36 70 45 58 61 40 79 78 43 75 65 54 73 37 38 55 70 57 53 45 67 43 38 73 62 32 76 73 52 41 48 66 57 60 41 73 60 44 64 51 51 37 67 37 47 63 66 48 65 70 51 74 69 62 62 61 41 73 67 79 63 31 73 58 45 53 63 54 50 44 65
 56 39 60 43 79 51 39 61 58 68 77 48 40 68 34 51 44 64 78 63 61 35 62 42 62 61 76 33 30 30 45 45 79 31 38 53 43 53 33 58 78 36 32 58 36 74 34 32 64 38 55 55 32 39 62 38 64 32 37 35 34 50 71 65 43 44 70 40 71 54 59 63 65 42 72 57 57 54 59 76
 53 62 71 65 36 76 54 68 65 53 75 61 46 65 63 34 63 36 64 34 30 31 72 57 36 76 64 31 47 76 75 54 30 78 48 55 38 76 54 60 79 35 61 63 51 33 36 58 38 55 33 51 63 40 75 43 75 45 60 74 52 64 64 33 53 68 67 68 32 48 74 66 31 54 51 56 32 68 71 41
 59 41 50 39 37 66 65 46 77 71 41 42 69 45 33 79 67 55 65 36 36 79 70 61 62 54 79 61 74 36 69 36 53 78 42 34 47 75 32 64 52 44 73 50 46 51 55 55 58 55 36 72 45 35 43 41 75 45 64 62 62 57 52 41 36 38 45 57 62 60 61 68 72 68 50 76 30 65 73 71
 48 74 33 78 30 61 38 75 37 54 56 54 32 56 60 54 61 36 51 62 79 42 33 51 72 66 53 54 71 76 51 37 46 60 62 38 36 32 44 56 77 71 36 38 71 62 54 69 72 78 59 41 69 73 72 30 52 76 41 31 69 79 70 58 54 52 40 74 36 52 47 50 39 58 69 30 66 55 63 79
 50 61 76 68 79 34 47 42 73 53 56 64 73 68 33 38 58 31 38 41 76 51 74 42 78 39 50 53 57 74 37 74 62 75 65 55 33 32 71 50 62 68 75 68 37 45 61 78 33 70 37 30 31 40 49 44 65 56 58 41 32 56 43 42 68 49 47 48 78 56 53 37 57 59 52 71 60 64 45 77
 44 31 73 68 50 61 39 39 32 67 53 39 32 47 72 68 61 57 49 78 40 73 45 61 59 30 76 60 48 34 47 33 42 71 38 64 57 31 58 31 75 47 77 50 47 44 30 35 77 60 55 62 69 78 44 49 35 50 69 31 52 67 45 39 70 34 35 67 54 47 62 49 55 38 54 40 69 49 45 73
 37 63 58 50 41 46 42 55 62 58 33 41 78 78 40 37 54 59 70 57 66 37 52 44 43 46 40 33 40 67 64 61 51 62 55 79 59 30 74 53 34 55 53 58 32 39 51 67 63 75 58 52 47 57 74 39 75 45 74 64 53 59 53 76 70 45 53 71 49 63 73 40 54 62 45 60 68 72 66 67
 51 53 70 52 74 39 69 30 52 76 75 78 53 37 49 40 78 41 64 34 65 56 62 36 42 65 58 33 44 57 45 71 62 54 36 45 51 48 72 37 35 46 47 30 34 69 56 75 52 69 57 59 38 49 63 33 79 65 73 76 68 74 64 62 79 32 40 54 59 75 63 50 51 77 73 37 42 76 50 50
 56 41 60 74 71 61 38 48 60 32 53 47 47 60 70 71 71 32 76 35 51 42 64 34 38 60 69 72 72 33 75 32 40 60 56 40 45 41 47 68 43 52 43 63 42 54 32 74 48 40 44 32 61 49 46 75 50 49 35 72 72 70 46 34 46 71 36 56 68 65 43 53 50 75 69 54 62 49 35 49
 55 33 50 71 44 75 70 33 51 68 51 32 40 69 46 69 52 60 47 54 71 39 75 37 67 70 41 56 67 44 34 68 77 31 57 65 34 77 46 39 71 55 78 59 75 67 79 47 74 53 45 52 64 48 34 75 40 70 49 70 70 39 56 51 39 44 38 63 39 41 74 49 52 65 62 69 75 55 66 74
 67 69 42 54 79 56 57 46 32 78 67 53 32 39 46 69 51 73 69 48 43 35 52 40 49 70 78 38 41 78 50 56 75 68 55 47 76 54 77 52 66 60 49 74 66 55 67 36 64 63 35 38 57 52 71 62 32 58 37 52 75 34 44 45 79 52 62 55 42 65 68 66 32 51 32 64 38 48 55 67
 66 48 30 36 66 65 67 37 33 33 77 59 77 76 78 41 49 64 45 35 37 39 52 34 31 49 37 59 60 36 62 73 33 53 50 31 33 77 70 61 47 66 72 64 50 61 52 42 44 37 44 33 49 55 44 76 76 71 63 61 49 39 61 63 30 46 54 47 44 69 54 52 32 44 76 35 48 48 39 44
 58 48 56 77 40 71 53 34 46 51 43 78 71 33 46 45 60 36 52 42 64 51 40 51 61 71 77 49 74 51 76 40 78 63 36 30 49 74 33 72 31 37 44 31 42 47 78 73 64 74 67 61 30 63 41 70 69 67 42 42 34 40 75 70 75 42 43 42 41 31 34 77 37 46 63 48 31 61 39 49
 72 51 73 33 59 72 66 46 54 67 72 64 33 35 63 74 62 33 47 48 55 36 47 59 31 59 77 70 56 64 30 72 52 49 57 72 40 74 67 38 78 75 51 70 78 64 39 37 38 78 73 66 58 64 62 51 44 75 50 47 37 46 73 41 60 44 59 78 40 47 42 76 67 61 42 78 76 55 72 43
 41 60 52 51 42 65 60 57 70 59 73 40 42 50 56 50 40 52 77 35 51 44 34 65 58 59 43 68 34 43 48 74 46 52 74 43 74 74 68 55 66 42 74 68 45 76 41 43 75 79 66 64 41 49 78 30 54 72 33 75 62 64 75 59 67 72 35 67 48 49 58 46 54 72 57 62 65 75 56 59
 36 75 39 69 54 74 56 73 69 68 72 50 70 62 79 74 59 74 38 34 32 30 45 53 68 63 64 64 76 53 50 37 32 79 65 40 60 61 43 63 32 31 54 49 67 31 57 44 61 58 44 37 71 36 39 71 54 46 66 73 51 70 43 62 61 73 70 53 53 31 60 46 33 65 53 42 64 70 75 41
 53 63 70 58 37 64 46 69 73 67 66 52 63 40 70 69 59 30 37 69 54 31 71 40 79 35 76 57 74 34 66 35 52 71 41 62 76 40 65 38 50 39 49 71 38 32 41 37 50 64 57 32 62 41 36 33 36 75 63 32 60 78 37 43 64 54 37 50 59 69 40 42 72 44 34 61 52 65 32 46
 46 32 78 74 47 68 58 39 36 38 34 68 34 65 61 30 33 75 48 58 36 34 60 66 39 76 69 64 79 66 40 73 47 79 54 61 60 47 35 42 74 38 43 72 61 59 33 59 41 41 68 57 79 50 57 70 64 48 36 32 49 65 30 40 44 45 45 43 73 42 61 51 58 60 74 65 56 79 65 41
 59 48 50 52 39 57 60 36 76 40 49 77 38 45 39 71 62 60 72 57 37 49 72 45 58 53 45 75 35 47 40 33 46 33 53 36 41 77 40 68 63 46 54 70 75 42 70 33 68 44 59 75 78 39 51 79 60 33 54 42 65 42 61 41 49 78 45 34 35 58 63 43 31 79 78 44 40 49 50 45
 66 62 38 52 47 64 74 77 61 33 34 66 62 43 50 68 53 52 49 59 50 30 42 60 45 66 31 41 63 61 73 71 47 66 50 31 72 55 62 39 73 52 47 57 45 35 48 66 33 68 45 57 37 50 32 42 36 53 54 64 75 75 51 73 42 53 41 39 55 70 30 35 68 55 38 35 33 56 66 32
 49 30 71 60 75 53 33 34 47 50 72 75 59 46 68 61 69 59 65 37 76 49 39 60 36 73 35 30 46 48 35 64 53 33 72 35 69 56 40 53 35 34 40 46 45 30 77 43 36 63 32 73 40 57 42 79 76 55 48 32 54 59 55 55 33 64 49 35 49 52 41 39 71 50 46 62 69 37 51 74
 37 35 60 79 76 42 40 31 54 65 67 42 78 37 44 48 65 50 61 46 69 65 72 56 36 58 60 64 63 33 30 58 56 36 74 72 41 78 75 79 46 35 65 70 41 38 43 30 66 61 74 42 63 46 60 39 79 34 34 57 64 36 78 44 66 68 56 55 67 70 36 57 43 61 49 38 65 69 60 39
 38 58 61 31 37 76 79 47 58 71 51 53 57 68 73 30 75 75 44 67 62 49 55 72 50 57 56 76 75 42 73 61 73 42 51 54 75 65 45 59 48 30 79 76 78 56 67 64 32 43 35 30 59 77 60 54 33 54 55 75 43 72 31 76 51 59 32 41 36 51 70 30 34 34 64 60 64 30 31 39
 75 50 31 51 68 46 72 54 73 48 47 37 46 31 49 65 41 42 46 53 54 52 62 36 65 78 36 48 54 74 52 44 77 62 41 75 74 74 58 48 64 51 67 74 60 40 65 55 48 68 46 41 39 65 71 76 56 69 59 46 37 76 41 71 52 39 34 30 38 61 78 34 63 44 30 56 60 78 35 72
 68 55 39 37 79 65 43 71 32 33 75 66 52 77 75 54 51 33 33 79 46 33 38 32 40 72 33 65 76 75 35 39 33 62 41 60 36 56 67 65 33 61 61 33 39 75 54 79 65 37 68 72 61 46 37 35 79 48 56 44 35 68 60 75 66 40 72 63 46 71 79 76 62 61 76 32 40 69 44 77
 71 33 79 41 72 36 70 58 78 49 61 45 66 46 76 50 75 31 62 36 75 73 57 42 34 57 59 58 47 62 33 78 35 47 60 57 42 67 76 40 46 71 41 79 49 52 66 79 60 69 48 53 61 51 75 76 30 41 32 64 53 62 77 59 62 46 63 73 62 32 38 42 56 75 73 70 64 32 35 75
 55 77 72 73 69 78 52 63 41 68 50 67 51 30 53 44 45 39 47 79 46 52 34 48 47 39 63 49 44 37 56 50 35 73 35 41 41 50 50 59 75 63 49 41 35 32 56 56 66 73 79 48 36 79 37 63 67 57 52 59 71 74 72 62 64 64 43 36 43 46 76 46 49 65 47 71 51 38 52 65
 42 41 31 42 50 41 64 67 30 40 61 54 76 49 45 69 42 50 61 73 69 72 33 75 47 31 45 53 44 69 75 40 33 74 34 55 30 48 75 62 63 65 45 46 45 77 58 73 59 70 60 51 35 64 66 73 64 34 75 43 62 55 30 45 35 47 76 66 46 37 79 70 55 76 39 58 62 73 63 77
 42 57 69 57 37 37 66 37 59 62 52 56 51 74 41 44 30 74 49 42 41 74 74 40 61 31 61 74 62 58 30 31 58 34 72 60 44 33 69 38 55 71 71 69 59 64 51 47 43 62 57 31 36 55 57 41 46 58 62 36 31 56 50 31 60 65 62 65 53 75 55 70 38 34 62 66 37 61 73 63
 33 59 56 71 77 54 66 65 40 49 72 50 56 46 33 72 40 58 39 64 34 64 48 48 56 38 35 45 33 60 39 48 51 54 63 30 36 74 37 77 36 62 57 79 75 60 60 47 30 58 58 31 34 30 68 61 71 38 32 62 49 56 52 55 33 78 50 66 61 46 47 65 41 75 61 45 77 34 78 45
 49 56 34 78 78 32 77 71 60 56 77 33 35 50 32 36 55 53 46 69 74 33 71 38 74 77 64 35 49 58 58 54 54 32 36 51 63 58 33 61 60 79 79 34 44 48 72 41 30 43 37 65 76 73 75 30 69 79 75 41 34 76 37 61 41 57 42 31 64 75 40 39 74 60 74 54 78 56 32 65
 63 52 68 65 41 35 73 46 70 53 36 69 71 36 73 46 43 44 37 34 32 78 45 32 67 71 34 39 42 37 41 53 41 76 39 66 70 68 71 63 39 42 72 32 52 39 44 43 32 49 62 61 43 42 38 45 68 48 62 45 39 58 49 47 46 55 57 50 40 46 71 34 47 53 39 57 69 41 47 77
 70 66 65 50 48 70 57 50 69 44 41 41 76 39 77 37 43 66 37 32 52 77 68 31 30 60 75 76 65 51 48 77 54 34 53 72 76 45 32 46 74 79 40 53 58 53 61 60 38 31 50 66 36 45 53 51 39 53 50 36 36 34 32 65 72 32 38 34 30 78 38 52 53 39 56 70 42 79 61 51
 75 61 76 37 44 61 61 62 34 38 67 42 74 56 56 63 50 78 40 78 40 59 44 61 36 77 71 39 35 48 55 43 35 60 49 69 57 70 72 56 43 40 59 59 76 39 45 39 50 36 35 32 59 58 67 38 70 60 47 68 46 46 39 65 39 72 63 68 30 41 59 46 55 47 44 62 38 58 42 60
 74 57 57 58 70 72 63 71 62 75 79 75 35 63 30 47 46 34 68 77 44 75 42 70 72 65 69 38 57 41 63 41 63 37 47 53 79 78 36 71 33 72 44 38 60 42 65 63 51 74 69 74 57 51 33 37 59 67 66 31 31 73 41 44 45 61 53 50 67 33 35 71 70 71 51 47 34 31 51 37
 41 59 32 71 51 76 40 79 46 41 45 49 59 39 79 77 37 57 79 67 45 70 52 76 69 55 41 48 67 30 61 40 38 52 76 67 34 37 65 50 74 43 53 57 39 31 50 49 44 42 37 57 44 54 74 66 43 76 37 51 71 46 41 39 54 53 30 44 41 49 55 79 50 45 65 31 72 43 45 64
 58 78 47 59 76 77 32 41 65 50 44 76 61 37 56 53 39 56 79 71 33 58 51 64 43 33 41 58 60 74 77 75 62 64 34 45 76 61 51 75 75 61 50 50 48 66 40 44 31 46 64 52 45 37 39 79 34 62 69 35 53 76 78 31 76 46 31 75 55 55 54 66 73 59 72 63 50 51 46 73
 56 48 34 74 39 37 49 70 69 54 74 67 55 56 47 32 56 56 78 41 49 40 55 31 73 62 62 65 79 61 47 51 30 30 46 62 52 41 57 53 56 45 60 73 69 74 55 72 51 70 72 73 73 73 63 63 54 51 54 65 54 73 37 34 56 50 63 74 48 58 30 70 68 40 63 79 48 44 42 44
 44 55 68 35 65 41 33 76 57 75 62 32 40 65 76 77 74 60 54 55 65 77 35 34 39 57 52 73 48 35 68 40 59 70 75 75 38 61 63 57 36 52 34 47 57 68 47 31 64 51 47 34 69 66 78 31 69 33 79 51 74 69 61 47 56 65 63 79 34 77 47 67 59 62 49 49 71 71 51 46
 45 55 75 75 50 72 63 69 69 72 74 72 33 71 70 53 35 30 57 65 69 63 71 37 56 54 69 38 53 62 59 71 71 48 31 78 75 72 37 30 64 42 55 53 31 71 64 40 34 50 38 38 33 72 70 73 72 44 35 75 72 37 61 49 38 45 61 77 35 68 43 68 43 79 66 72 78 53 78 41
 79 46 46 38 46 35 68 53 65 62 75 30 50 44 66 75 79 53 72 42 49 46 67 60 56 35 38 66 32 55 71 34 35 36 77 40 49 63 39 76 55 56 45 34 58 34 55 37 64 72 76 79 61 67 39 54 70 78 30 35 52 68 70 46 53 77 34 54 63 45 47 66 77 40 35 78 69 65 76 76
 53 41 41 77 40 73 36 72 62 44 37 36 48 38 69 52 76 65 78 76 32 51 52 69 77 45 66 61 55 45 47 75 43 42 45 61 30 35 78 59 75 33 32 38 32 64 36 74 31 42 76 34 76 76 61 53 66 68 42 46 42 38 57 69 70 47 70 43 55 50 30 33 61 64 73 70 66 50 55 31
 37 37 53 46 43 47 72 59 69 72 47 54 53 63 63 39 58 72 57 68 59 48 50 32 41 69 49 69 63 52 30 41 49 75 39 61 55 69 79 51 72 37 50 66 65 41 41 63 69 71 53 66 66 36 43 71 44 50 31 36 35 32 37 69 62 68 73 67 59 76 71 65 76 59 50 73 53 47 39 68
 55 42 63 54 75 49 56 32 66 74 71 30 47 55 69 78 57 72 51 32 79 31 31 59 44 51 79 78 45 61 72 78 54 74 49 32 59 52 34 76 65 74 56 69 65 40 39 77 56 34 75 65 66 76 36 67 55 41 51 41 68 67 76 65 43 46 78 37 68 38 62 32 61 49 52 33 53 58 30 76
 66 42 54 56 44 31 59 42 47 75 60 36 52 51 56 47 39 30 76 41 79 32 72 52 40 65 58 61 79 39 44 79 36 75 56 31 65 46 66 61 76 65 35 43 76 55 37 42 44 38 76 49 43 33 42 64 48 56 56 54 60 61 54 40 51 55 54 53 55 49 68 73 56 39 35 57 70 74 63 65
 51 75 67 54 37 73 43 66 48 69 58 71 64 59 51 60 34 44 77 68 68 48 71 51 70 41 53 78 65 57 48 78 40 37 47 32 64 61 38 78 63 71 61 32 60 72 46 38 48 45 65 58 31 79 76 40 59 33 61 69 43 56 74 40 30 59 68 45 54 35 40 44 30 42 41 67 68 43 69 70
 43 54 62 40 49 58 77 58 32 42 66 54 37 30 46 61 78 71 42 42 60 62 51 31 52 32 57 68 58 66 71 50 56 57 68 66 53 78 63 45 57 61 56 65 30 37 34 43 78 43 36 53 64 38 72 78 41 54 51 33 51 44 70 70 66 33 44 75 47 62 69 63 69 52 50 46 56 43 31 42
 65 35 74 47 71 39 46 46 76 40 47 75 70 79 57 68 38 50 55 37 64 63 71 48 64 40 50 49 51 67 48 57 61 51 39 75 64 68 60 71 47 37 50 63 38 30 39 32 74 70 73 62 62 61 45 59 51 69 41 38 49 31 67 37 74 34 70 77 50 57 48 58 58 58 46 79 77 58 45 47
 66 45 79 42 72 65 56 76 54 48 37 37 37 60 37 77 55 69 62 75 64 70 37 39 76 34 57 64 63 30 73 44 45 68 59 55 55 66 67 53 59 53 38 78 54 37 78 72 38 34 68 77 64 45 49 64 32 61 32 69 71 64 40 54 78 75 58 64 44 79 35 66 66 76 74 57 36 44 31 61
 50 47 48 75 35 53 49 59 70 53 56 56 76 36 32 53 73 42 75 67 52 52 60 64 38 76 55 77 73 69 53 35 53 67 69 50 38 43 49 73 47 38 45 45 56 71 56 68 74 36 70 49 63 60 38 68 51 77 77 52 54 55 74 30 48 46 55 64 61 41 54 74 32 62 45 70 38 52 38 72
 63 67 57 78 40 57 58 73 45 73 65 57 70 48 42 79 77 75 37 66 66 53 63 57 61 38 37 72 49 64 73 33 64 36 58 57 70 76 57 45 72 69 78 76 61 46 74 66 65 39 53 40 40 65 72 36 30 44 33 52 71 46 75 72 34 34 52 76 69 30 62 74 49 41 55 54 71 55 58 69
 31 63 48 56 49 41 69 51 49 75 75 74 31 41 31 54 73 46 75 59 74 59 47 72 55 30 70 46 41 32 50 65 78 64 74 66 31 74 37 61 42 43 39 59 61 47 42 41 65 46 71 65 51 34 31 73 33 41 76 65 66 37 76 30 49 50 41 61 53 35 54 51 45 75 35 40 43 64 33 46
 37 50 39 38 42 53 77 36 38 50 59 39 39 36 32 35 76 69 64 65 56 76 44 77 59 65 50 60 58 46 47 78 50 66 36 59 63 43 41 40 40 45 38 52 56 50 34 52 77 64 66 38 57 75 72 68 47 75 57 72 39 54 47 41 56 43 78 41 56 62 76 38 72 34 64 48 62 50 65 47
 61 66 79 75 48 43 51 75 35 31 60 38 71 49 64 42 44 71 35 35 40 45 77 56 79 38 67 35 55 65 32 36 74 50 38 56 50 65 37 73 64 76 45 32 38 48 49 31 41 33 34 76 59 56 36 41 70 47 64 78 31 74 56 32 50 79 39 45 55 59 79 58 37 71 79 37 75 72 75 58
 65 52 63 34 33 39 38 64 67 67 50 52 39 63 33 47 60 61 33 44 36 69 75 51 70 41 63 47 68 45 32 70 67 42 63 65 57 65 63 69 57 69 54 43 78 72 74 38 68 44 77 37 37 70 62 42 43 30 79 65 55 45 30 62 42 60 33 58 54 37 36 72 38 42 36 49 48 42 63 62
 70 67 38 45 30 65 76 48 49 46 40 55 72 54 49 76 71 53 79 41 70 34 74 61 73 40 40 74 49 70 50 72 55 60 38 75 64 36 45 56 45 65 43 40 59 59 37 52 71 60 66 73 79 65 43 47 36 35 38 37 33 57 59 69 49 46 56 66 61 44 42 75 50 78 65 56 54 49 65 79
 50 62 64 50 79 68 50 65 67 64 38 62 52 57 79 53 64 39 79 45 71 79 35 39 46 44 67 47 49 69 69 40 55 30 49 55 45 59 47 72 68 32 79 38 58 78 71 71 55 43 50 74 69 59 37 53 31 39 41 65 32 66 59 70 68 77 57 52 77 35 32 46 53 58 32 62 56 34 66 66
 60 54 70 49 56 32 54 46 64 51 62 78 47 42 61 49 62 58 79 44 51 70 46 40 53 30 48 39 50 40 64 31 60 61 46 50 58 75 38 68 67 40 34 58 36 53 72 55 48 68 64 68 70 67 76 78 57 50 63 39 45 66 32 56 70 43 42 46 77 43 35 42 76 79 47 41 40 57 59 65
 73 46 68 44 60 59 52 58 73 38 43 37 48 36 61 77 47 70 32 38 42 70 36 65 41 59 71 72 56 70 58 52 76 70 52 31 77 58 49 49 67 31 37 72 64 78 57 30 34 54 42 62 56 70 74 55 74 35 57 56 77 57 74 37 32 60 37 69 48 52 37 44 72 30 76 42 52 73 50 47
 63 48 60 42 49 34 30 54 52 32 41 59 48 41 32 39 53 78 49 37 79 62 31 59 33 54 73 54 70 59 37 59 54 48 77 34 78 34 78 76 63 38 39 55 67 46 77 76 42 77 72 47 51 35 40 31 59 39 73 77 78 74 33 44 66 39 43 31 72 70 37 58 59 60 49 31 30 51 73 60
 40 51 48 46 71 49 66 70 70 37 52 38 35 61 76 76 45 50 66 61 39 71 69 59 58 70 51 33 35 40 54 55 73 35 73 67 70 59 57 61 51 64 70 77 51 68 72 31 76 48 58 36 61 44 32 61 36 57 58 66 30 49 72 69 60 58 52 78 57 50 57 58 52 57 67 41 39 47 45 77
 33 46 42 54 48 76 79 69 38 76 65 47 66 70 51 60 55 38 47 32 67 35 51 41 32 65 66 40 61 53 41 35 78 43 43 49 34 33 56 60 67 48 48 51 41 46 32 34 51 35 78 67 58 58 72 61 67 56 73 42 30 44 75 69 60 35 49 38 79 60 54 34 44 61 65 66 58 76 78 41
 30 49 70 57 66 39 46 41 46 63 75 77 59 35 30 45 68 54 50 76 68 79 59 65 51 70 57 38 68 64 70 33 62 75 56 60 54 79 42 78 68 37 40 33 64 41 60 74 77 78 45 51 64 42 52 46 31 46 47 73 73 64 58 58 54 47 77 70 56 57 77 41 49 44 70 60 60 34 38 64
 53 73 41 36 54 32 57 47 46 75 39 39 77 39 63 61 54 39 78 66 38 32 59 72 66 67 47 67 62 39 57 73 49 50 50 40 51 59 44 57 65 62 70 63 34 51 75 35 45 70 64 61 37 40 43 35 61 55 38 74 39 34 79 55 56 57 43 58 44 60 77 41 76 76 59 31 49 69 54 71
 51 47 47 54 67 47 78 68 38 74 39 61 57 51 35 62 53 36 46 69 48 55 64 33 75 53 56 42 77 66 77 57 34 70 44 31 70 49 57 31 64 56 79 67 36 78 77 44 59 72 45 37 55 40 58 44 75 47 44 52 75 66 44 30 41 31 30 60 61 69 67 55 71 50 70 44 44 55 75 50
 30 37 79 62 79 41 56 53 52 77 38 30 50 50 73 74 62 62 38 47 31 60 40 46 53 70 55 50 52 75 70 72 59 48 47 77 64 63 51 65 42 78 34 53 60 52 51 70 73 38 57 30 49 53 55 31 67 47 60 58 30 38 72 56 31 63 55 54 77 38 79 57 49 52 63 60 64 59 35 46
 37 74 33 35 57 59 31 62 34 31 41 46 51 45 59 40 65 30 64 48 62 30 71 78 37 68 34 48 71 63 52 31 57 77 70 72 75 68 35 61 39 33 39 56 37 52 32 64 71 38 44 47 39 30 53 49 34 61 40 76 42 59 48 48 75 45 77 35 48 47 77 73 78 36 74 39 60 70 57 62
 46 71 71 78 52 58 46 65 32 31 56 62 38 47 39 69 69 68 71 57 47 44 62 68 62 36 50 56 46 62 74 69 77 50 79 51 74 64 62 44 35 47 40 35 71 30 60 64 57 77 79 51 67 36 40 36 65 47 53 78 68 45 39 65 38 39 58 62 50 75 63 75 62 42 30 34 53 65 65 51
 44 44 30 69 32 76 54 41 75 47 50 36 53 43 30 30 40 46 55 42 54 48 52 71 43 67 48 58 49 63 30 45 76 34 63 47 38 49 43 69 41 34 40 72 76 79 42 38 35 66 75 55 34 70 77 66 74 39 45 65 71 40 47 58 33 51 74 55 61 69 40 79 78 70 56 38 66 34 43 66
 61 38 78 55 64 55 30 70 63 41 59 75 36 64 30 50 37 43 64 50 50 76 73 53 63 33 60 46 49 40 68 33 47 42 35 76 44 48 50 61 30 73 55 68 59 58 61 30 46 48 45 73 79 42 64 46 35 70 49 66 54 36 72 60 56 50 70 40 50 69 67 44 60 51 33 32 56 49 44 54
 59 46 31 50 51 65 79 34 49 42 50 33 62 62 79 64 44 75 66 54 33 72 59 44 51 57 73 69 46 67 51 74 59 56 47 44 42 75 30 66 71 78 73 37 52 64 33 59 52 70 62 60 71 36 47 60 64 40 41 37 45 47 71 42 71 42 74 51 55 79 72 66 32 71 60 31 55 39 50 57
200
 65 71 64 71 63 50 33 42 33 43 41 41 77 40 77 41 32 42 58 42 34 43 32 60 56 42 32 59 56 70 55 70 56 58 33 49 33 58 57 68 30 68 56 59 55 49 57 58 57 42 43 42 41 43 56 70 30 43 57 71 76 77 78 78 79 71 57 38 56 43 72 41 73 42 58 70 57 35 68 65 69 64 78 71 77 79 42 49 41 79 31 78 32 34 69 56 49 69 44 52 69 61 71 70 33 62 49 45 69 60 71 59 57 60 40 60 56 48 57 76 72 48 61 50 71 52 63 50 62 60 36 59 30 42 64 53 63 51 63 67 38 67 31 66 64 40 49 41 30 43 74 41 80 72 78 56 71 67 76 68 71 34 56 39 37 50 30 79 60 79 30 50 36 40 73 73 78 32 70 69 54 32 72 34 56 33 80 34 70 68 75 39 76 67 76 69 54 33 77 71
