100 80
 85 26 51 97 51 14 52 19 40 88 65 23 84 61 50 55 29  6 98 89 87 93 45 74 50 66 54 53 45  1 50 22 98 41 95 17 44  2 44 53 81 82  4 48 75 27 97 12 49 41  5 77 30 31 36  2 19 29 42 81 15 40 80 31 17 99  6 47 65 31 22 42 19 66 32 16 65 36 75 20
  5 57 37  7 78 86 64 86  7 89 24 26 78 78 88 70 81 82 40 55 94 80 24 61 68  0 90 17 53 63  0 46 73 28  6 31 35 66 12 24 43 74 74 41 31 93  9  3 57  8 17 30  9 37 27 82 19 29 33 16 87 41 77  5 57 62 90 24  7 89  1  9 30 93 79 47 25 23 69 43
 37 26 21 80 94 98 45 69 40 78 29 43 69 63  1 54 90  1 30 79  3 79 91 30 49 40 41 37 60 64 81 44 39 19  1 34 30 65 34 85 76 56 62  2 50 76 54 98 26 16 31 11 30 69 81 71 59 89 73 75 91 67 47  9  9  0 69 43  4 52 88 87 47 56 30 67 35 89 10 87
 51 16 63 54 99 97 10 12 93 98  6 93 22 45 60 84 19 18  2 75  0 76 40 25 50 51 42 81 78 65 29 13 75 38 60 63 23 14 55 26 62 10 83 97  8 66  1 63 69 54 40 21  8 64 61 48 60  1 25 58 88 28 62 18 34 56 18 14 15 73 33 84 54 48 61 59 59 57 39 81
 82 20 88 91 16 52 63 99 27 45 18 83 22 57 48 87 92 73  0  2 90 40 99 51 31 19 10 24 33  1 34 23 11 64 13 16 15 81 95 14 79  5 75  8 92 92 16 50 40 29 31 43 65 85 48 89 36 12 18  7 41 41 33 17 34 64 50 48 98  2 47 27 18 89 62 61 57 28 85 83
 92 92  1 73 58 87 13 51 84  0 83 94 45 77 75 35 55 31 95 56 60 73 47 68 26 86 61 35 32 19 59  6 94 66 64 48 89 35 68 91 69 38 19 38 61 66 85 96  8 12  8 33 95 60 62 59 59 65 68 96 82 76 36 88 14 88 37 46 81 21 24 54 61 64 53 66 52 24 78 66
 48 83 15 91  1 38 99 20 51 83 93 80 23 70  0 38 49 26  3 63 55 50 31 82  8 98 27 73 37 25 60 52 61 54  4 62 78 86  3 65 11 76 59 94 23 26 25 15 22 81  7 17 37 31 81 13 31 46 98 27 85  0 22 11 59 69 28 99 24 96 59  5 26 65  4 12  1 32 74 21
 82 90 59 45 52 84  1 78 32 92 34 63 15 37 49 41 78  3  6 75 43 63 89 44 59 52 80 83 28 28  0  3  4 18 34  7 28 33 61  6 86  7 19 88 99 84 11 89 83 65 16 82 37 94 57 83 50 23 53 23 28 17 42 54 93 65 70 79 95 14 66 20 46 41 52 80 61 45 69 44
 65 97  6 34 13  0 64 17 15 46  2 19 74 56 31 13 75 66 69 61 83 67 63 38 42 32 45 86 75 82 73 44 40 73 84 66 75  3 52 37 46 73 22 30 93 63 87 64  8 85 97 71 25 42 38 74 79 95 23 24 70 16 61 68 54  1 23 30 34 31 99 31 14 38 22 83 60 10 18 35
 74 22 85 49 55 97 15 36 41 31 27 82 21 25 62 45 77 20 61  3 97 20 24 79 63 58 22 76  6 30 22  0 81  7 27 55  9 97 57 30 87 24 10 18 60 45 92 45  5  2  0 78 77 14 86 58 17 32 59 78 11 14 83 80 64  4 82 69 22 15 66 54 51 41 42 62 67 70 58 85
 62 55  4 70 87 66 81 42 74 43 84 28  7  8 79 38 86 12 71 90 35 31 85  4 48 29  4 11 75 50 53 30 99 15  4 16 41 34 46 97 10 57 61 35 77 17 73 86 34 58 83 39 87 34 93 70 64 21 93 37 69 95 63 85 91 55 93 70 55 87 55 86 77 21 68 79 56  6 20 78
 25  8 66 57 20 21 10 38 67 31 20 77 84 73 60  5 44 78 28  8 46  0 23 68  3 67 98 10 32 95 61 16  0 54 37  6 78 96 95 88 97 57  8 43  8  9  7 88 85 21 32 28 34 56  3 96 95  9 57 47 43 63 29 46 26 27 74 66  4 71 46 97 74 79 96 14 81 84 54 78
 73 54 90 45 40 45 87 19 34 42 66 81 77 46 45 59 98 87 20 40 47 65 99 36 92 60 38 42 91 40 43 64 89 79 53 97 85 67  6 82 77 48 59 73 78 40 17 91 38 27 81 50 54  7 30 72 23 45 99 47 83 75  3 79 43 32 34 40 93 29 32 23 61 86 86 54 37 96 46 26
 94 75 29 37 74 32 55 67 16 64 60 20 49 45 51  5 72 81 11 53 90 44 72 77 97  4  9 25  0 24 19 89 40 90 98 65 58 83 27 80 95 28 17 23 35 64 96 66 38 26 26 33  3 34 77 76 72 28  5 59 61 93 13 55 76 65 89 18 60 12 39 61 61 31 77 88 38  5 34 32
 30  2 86 99 61 31 33 43 52 70 64 97 70 28 94 41 32 24 63 97 33 76 24 60 92 50 65 17  5 96 50 19 65 74 60 89 92 71 67  0 77 22 92 51 25 13 18 10 59 25 49 27 34 44 52 20 44 46 16 83 38 25 20 88 84 43 83 61 30  1 45 63 66 62  8  4 77 88 29 71
 40 60 38 52 20 89 34 79 47 60 83 28 88 37  8 45 56 40 54 96  7 73 71 43 12 48 45  9 28 54 59 78 81 51 84 37 50 95 19 73  8 19 30 65 57 36 65 42 78 31 34 91 58 49 90 47 87 22 50 90 32 67 32 30 17 56  7 65 84 50 95 29 11 30 36 78  0 82 34 76
 70 12 50 68 19 98 84 77 38  9 84 40 95 41 58 72  6 63 92 41 84 53 91 72 18 85 95 21 25 94 46 89 82 16 93 67 28 98 76 30 89 16 23 23 73 51 38 93 38 94 84 92 15 10 71 24 66 58 14 18 88 49 20 68 89  4 16 47 24 32 25 99 41 35 55 72 76 25 63 29
 24  5 97 62 41 35 43 98 69  6 14 62 98 80 67 47 93 75 40 89 49 93 33 72 70 37 85 94 63 52  9 61  5 82  5 17 29 48 51  6 16 68 31 20 18 80 84  3 21 55 46 94 46 82 39 32 30 79 29 61 46 78 46 13 48 47 49 44 47 80 77 53 76 66 14 25 58 99 57 60
 30  8 81 84 57  6 20 57 53  1 20 21 88  8 29 58 45 52 32 49 66 67 46 40 91  6 27 83 84 45 65 87 99 28 57  1 29 82 95 22 44 22  3 87  5  2  5 12 17 84 22 58 57 53 18 65 82 76 47 70 11 83 71 98 37 42 47  6 10 33 19 95 86 49 37 46 62 80  8 36
  9 62 51 19 93 93 95 18 45 47 67 31  6 36 30 53 80 11 91 81 48 92 87 41 41 68 96 55 77 19 62 37 95 36 14  0 48 46 17 88 53 72 91 83 88 86 86 55 87 28 93 29 93 97 35 20 44 49 69 38 21 55 81 68 73 93 73 87 99 80 62 56 57 88 40 13 27 72 71 55
 47 19 18 74 97 95 35 87  8 45 56 94 14 81 66 27 71 48 51 90 23 72 49  0 82 13 48 77 45 91  6 49 73 42 99 57 14 42  1 92 24 92 74 89 28 46  8 57 40 52 36 36  0  5 35 93 32 51 62  3 15 96  3 77  7 89 29 44 99  0 84 82 57  8 53 60 89 61 88 45
 59 89 80 74 10 72 15  5 87 86 45 87 63  1 61 25 16 85 70 16  8 41 74 97 49 94 36 15 71 90 74 26 34 74  1 73 37 71 26 98  1 86 72 98 64 76 69 24 94 86 43 80  1 42  2 73 21 35 83 33  2 58 26 78 98 55 77 23 63 11 41 31  8  1 34 75 48 49  5 51
 62 83 37 58 35 89 36 42 69 98 64 60 61 48 90 26  9 13 54 32 74  6 75 59 17 65 34 24 93  6 34 28 66 98  3 97 74 78 85 32 64 32 67 17 79 98  3 40 53 64 40 32 59 79 78 32 13 93 92 26 32 90 15 22 80 87 55 60 79  9 94 64 55 70 91 91 37  7 90 33
 40 54  8 71  4 62 43 94 60 85 39 28 46  3 90 46  4 38 75 34 15 93 51 57 69 28 51 43 69 30 66 67 11 63 94 21  1 92  1 85 95 23 22 52 70  5 96 57 65 73  5 24 48 47 79 22  8  2 75  1 60 80 34 47 29  3 99 73 41 16 20 42 34 71  2 85 91 12 54 59
 17 45 54 56 46 96 45 69 49 76  6 66 48 28 88 24 87 20 87 37 17 89 10 95 70 76 52 89 45 99 76  0 38 42 93 76 78 73 50  1 49 11  1  7 19  3  8 93  2 92 88 45 25 72 18 71 70 69 61 93 21 99 65 74 37 83 57 51 15 20 36 16 39 55 29 65 14 92 66 97
 20 31 94 50 61 35 32 90 80 63 32 98 61  3 10 19 45 21 47 68 28 85 86  9 28 38 76 51 25 39 21 21 11 80 62 22 23 57 77 70 22 53 82 76 56 60 91 22 22 41 27 35 91 25 20 70  0 71 39 45 93 47 23 99 74 15 13 55 10 22 17 23 93 18 41 67 51 74 77 10
 54 60 24 78 81  4 97 83 17 50 33  1 15 75  9  7 32 47 33 61 24 24 58 57 69 20 55 82 39 11 24 59 54 31 31 46 73 95 15 28 18 52 84 38 36 41  7 69 37 18 70 74 67 63 41 73  0  3 81  5 70 91 79 90 62 36  4  7 47 76 12 81 16 38 33 49 53 22 32 51
 67  2 37 46 45 50 50 71 16 94 94 86 39 96 78 68 43 92 64 49 82 37 66 12  3 52 34 97 16 50 90 68 25  8 13 51 61  0  5 43 20  3 79 49 99 61 46  5 89 49 93 81 60 73 90 88 46 20 57 13 25 17 74 78 42 77 37 83 25 38 66 78 92 23 39 86 49 83 96 55
 19 89 41 33 65 87 41 70 91 51 85  2 34 73 69 85 75 82 15 58 45 96 34 61 92 29 87 60 45 15 32 22 79 26 21 54 80 90 13 14 58 37 15 36 45 23 46 39  8 29 18  8 31 15 45 71 53 79 54  5 89 66 44 51 41  9  8 13 93  3 37 73 44 53 58 59 14 34 68 33
 52 58 77 89 96 43 78 81 86 15 83 25 38  7 15 36  4 17 43  1 91 50 86 94 23 56 39 85 49 27 83  9 43 41 92 77 53 35 50 63 78 61 31 93  1 63 14 14 92 66 30 28 64 68 72 19 46 86 99 97  7 83 33 50 45 82 23 67 17 55 15 82 93 23 69 55 36 19 99 67
 58  0 39 25  2 99 43 86 41 68 90 52  0 40 45 87 47 19 96 74  6 75 68 97 71 91 82 24 54 17 20 24 79 99  2 42 99 93 90 30 10  6 79 72 88 95 37 97 67 23  1 35 37 73 43 66 29 37 71 85 18 57 14 57 62 74 16 52 48  8 40 77 34 90 49 55 85  0 17  0
 47 97 92  6 31 37 14 39 62 17 49 95 42 97  6 87 36 71 41 45 45 10 61 53 70 91 94 64 55 68 79 64 58 76 86 65  8 61 90 62 38 69 43 78 92 51 12 77 60 66  2 34 87 73 59 75 52 64 25 36 16 68  8 98 95 31 65  8 93 49 24 79  5 13 95 31 84 95 37 37
 19 71 89 51 74 79 80 60 88 46 66 76 35 28 80 62 81 62 76 53  9 11  5 24 86 53 61 20 88 58 73 20 23 27 55 48  5 17  7 16 67 57 53 63 32 33 55 56 67  4 28 37 83 64 63 32 80 76 10 81 23 30  4 28 11 12 16 99 82 83 65 48 50 99 39 41 77 24 87 29
 26 24 96 18 43 36 65 30 65 51 28 21 62 57  1  6 47 33 53 97  9 84 16 58 77 59 90 28 94  4 17 74 64 23 18 76 17 60 19 41 93 29 10 17 29 45 24 43 21 33 13 54 92 32 62 41 65  6 86 11 56 31 75 29  7 33 96  8 37 77 70 84 93 47 70 18 97 55 24 77
 50 86  4  6 35 47 43 87  7 89 20 49 90 21 79 78 12 20 96 33 35 38  4 71 71 20 34 40 93  8 39 89 80 98 99  6 49 59 39 83 71 44  1 68 72 47 39 50 62 83 48 91 45  0 45 13 11 52 42 72 97 83 96  4 80 10 35 28 42  3 70 12  4 88 51 68 32 44 51 18
 64 53 48 42  3 28 57 13 71 23 47 72 36 14 13 96 47 95 16 67 27 23 92 49 28 19  7 16 50 99  3  3 55 95 53 64 45 94 42 71 86  1 18 69 94 95 96 81  5 58  4 39 15 72  3 68 42 22 18 53 58 60 69 69 96  5 86 60 10 80 41 83 70 34 38 63  1 79 40 21
  5 38 32 79 21  8 39 35 21 60 49 86 40 34 14 26 76 13 34 48 39 75 36 38 12 55  2 21 44 74 28 26 22  5 91 42 61  0 75 14 19 83 78 96 30 83 92 31 10 81 48 71 74 74 45 21 75 78 22 85 57 47 34 47 60 65 40  4 53 23 25 64 63 20 97 32 16 28 45 84
 38  6 41 88 57 82 27 15  4  0 22 64 28 24 20 83 49 53  1 63 16 60 42 36 58 87 14 15 36 48  5 30 30 16 93 82 33 11 81 94 15  1 39 39 97 87 38 78 46 40 59 33 71  2 20 81 87 80 49 34 79 79 93 62 81 71 47 54 50 81 43 32  5 45 28 59 53 77 27 22
 33 27 64 53 39 47 88 43  8 77 36 51 87 17 19 17 11 66 10 27 54 20 88 93 44 78 54 47 39 92 17 48 21 51 30 80 46  3 17 60 56 42 25 98 53 14 81 75 68 26 52 43 96 62 32 41 81 27 99 92 49 88 26 36 44 79 35 91 15 84 17 69 42 19 77 74 21 79 68 65
 26 12  9 64 27 52 28 33 42  5 57 58 28 79 63 12 66 12 22 84 74 11 37 98 55 37 71 52 88 80 56 60 88 17 80 75  0 40 71 22 26  5 37 75 73 38 23 45 77 85 96 78 52 16 63 74 59  5 96 75  2 44 13 76 79 64 28 77 68 86 91 56 13  6 61 46 33 93 93 52
 91 62 27 10 78 35 23 17 95 18 58 53 60 53 92 79 55 13 80 95 88 55 60 78 56 66 68 44  6 33 46 93 52 45 51 40 84 14 82 44 81 52 75 71 15 50 38 76 96 53 28 72 18 24 89 27 87 29  8 11 46  2 47 75 27 64 64 47  4  8 46 64 12 66 82 80 68 33 85 21
  8  9 26 74 15 73 26 37 13 19 46 59 54  3 48 48 14 86 31 30 72 76 57 86 58  1 24  5 74 58 54 13 27 36 95 84 41 93 60 37 19 46 61 74 86 98 91 11 33  7 76  9 24 89 99 12 67 83 64 39 37 42 58 98 12 24 17  7 57 83 19 52 65  0 47  8 48  5  8  5
 34 59 91 24 99 23 93 38 62 19 76 45 15 57 96 64 50 96 41 70 28 48 68  2 88 56 11 86 98  0 19 19 91  4 30 36 35 62  2 56 45 99 50 58 17 32 59 48 55  5 78 16 18  1 14  3  2 70 74  1 45 18 31 83  6 40 11 25 74  0 24 56 92 97 89 83  2 57 24 29
 66 40  3 13 95 64  1 64 99 82 72 20 50 52 44 78  8 94 18 91 59 36  0 21 57 69 11 94 83 77 60 34 51 20 57 46 26 66 12 92 43 14 54 75 25 50 45 26 52 30 98 58 33 79  6 28 71 53 47 37 22 96 23 33  1  0 43 22 83 45 71 87 81 71 83 74 35 21  9 96
 18 41 60 66 42 45 61 52 39 71 43 26 34 76 58 43 38 64 28 67 35 45 39 47 30 42 39 91 95 30  3  3 15 55 80 76 34 58 21 62 47 28 59 48 86 36  2 26  8 33 46 30 56 18 18 64 89 97 11 73 72  1 81  5 78 32 98 72 56 48 81 22 53 10 67 59 96 53 78 89
 82 58 92 76 21 26 46 23 30 90  6 35 85 14 86  7 67 66 15 56 61 56 76 92 94 88 57 85 34 63 98 84 61 23 25 94  6 36  4  9  2 57 44 65  5 10 50 60 71 82 99 51 99 29 79 28 84 15 29 23 19 59 64  9 71 46 71 92 88 26  8 98 34 18 58 19 52 84 95 59
  3 39 81  0 23 21  3 80 11 26  1 40 26 91 69  7 64 76 17 98 47 77 17 64 26 75 97 24  2 91 32 44  4 29 57 66 91 96 99 93 42 40  1 73 77 67 92 67 19 97 15 61 65 83 27 75 60 12 22 77 78 44 61  1 42 76 85 34 56 24 58  8 19 58 73 30 50 55  2 21
 42 25 82 50 22 43 71 95 90 97 10 48 57 13 70 63 11 37 89  8 79 83 10 63 63 65 77 89 71 78 57 49 65  8 98 55  3 65 26 82 50 82 50 73 67 26 37  4 31  2 57 11 18 61 24 87 69 26 83 98 19 18  6 75 46 27  8 84 94 62  5 92 48 99 48 62 89 69 29 48
 49 95 39 89 36 50  8 10  9 93 79 76 25 15 83 68 72 96 20 67 82 60 58 74 70 64 20 92 52 85  2 61 39 69 51  7 94 53  8 52 33 97 64 12 70 67 16 45 54 64  6 56 55 87 80 72 80 76  0 13 41 77  0 56  1 15 74 49 58 80 11 32 66 54 53 65 89 29 17 63
 31  9  4 20  3 83 99 27 14 18 33 45 89  3 59 90 61 52 50 23 92 48 42 63 10 61 74 64 66 14 92 31 67 43 13 51 19 95 85 75 90 53 81 77 82 80  1 68 74 36 87 54 66 82 64 51 43  1 70  9 38 93 32 97 54 14 99 59 96 76 47 47 98 29 17 69 58 84 38 37
 18 53 57 88 48 16 81  3 22 37 97 71 93 95 20 58 10 98 90 76 29 88 34 68  8 77 31 51  6 47 72 92  1 23 95 92  9 90 36 15 77 15 26 89 72  8 25 56 81  7 80 54 13  2 31 60 65  8 25 24 67 60 92 71 55 98  3 52 20 54 10 82 18 65 42 75 65 74  9 77
 37 85 24 65 48 95 64 41 90 20 15 59 32 71 79 58 40 63 43 77 56 63 23 94 29  0 43 10 16 97 19 54 76  8 45  1 33 53 99 21 81 91 32 98 45 87  1 84 42 37 44 94 93 83 34 36 72 13 41 45 18 36 94 64 22 86 27 75 68 68 39 10 13 82 22 51  2 70 14 23
 74 71 97 49  6 85 42 88 85 83 65  2 19 10 61 29 27 62 19 21 58 42 28  9 38 38 42  0 49 44 67 97 75 48 60 13 75 50 85 24 82 72 54 73 16 95 36 17 68  9 35 90  5 85 47 16 83 85 67 99 86 88 94 70 10 84 51 73 80 64 39 16 55 21 64 21 58 23 25 43
 49 38 51 58 16 12 18 25 54 34 83 68 61 39 20 53 73 30 56 38  2 25 20 30 71 58 63 77 45 86 20 63  1 87 10 18 98 48  2 25 30 77 90  2 77 92 59  3 81 67 23 37 24 35 83 28 75 92 36 44 31 34  6 84 81 31 16 85 60 25 96  0 70 90  5 63 86  1 13 21
 81 10 63 20 32  6 22 65 88 14 78 98 18 72 55 53 72 76 38 92 13 85 40 28  8 31 56 85 94 77 75 55 45  8 54 56 11 57 69 94  7 99  2 79 63 67 29 65 86 61 11 95 69 74 11 85 54 41 87 71 56 87 26 96 71 40 36 36 50 14 97 62  6  6 32  4 73 40 77 60
 59 59 32 70 41 48 26 41 96 44 54 95 80 59 35 82 84 20 14 70 38 12 16 13 35 73  8 55  5 73 40 24 54 74 62 11 45 72 40 61 98 48 30  3 26 77 62 97 37 94 56 88 65 95 77 83 22 26 83 88 71  3 46 86 62 43 27 35 97 16 48  5  0 41  0  7  5 83 55 67
  7 42 95 42 25 11 68  6 71 68 25 26 31 26 13 23 98 38 17 77 16 60 83 30 19 95 62 95 79 77 50 67 99 75 27  3 12 20 18 10 62 90 15 67  0 96 47 56  7 61 85 95 22 91 19 86 48 68 32 20 62 17 75 15 45 37 15 62 20 87 95 20 51 62 49 74 41 25 44 51
 58 48 50 65 36  3 66 20 59 95 36  9 19 18 44 75  3  8 81 32 49 86  4 54 72 40 36 84 72 82 89 20 47 69 94 83 81  0 76 74 96 98 16 57 69 54 62 57 58 95 16 45 95 99 91 28 35 61  1  2 61 95 56 20 97 25 62 69 82 92 40 85 84 81 27 30 79 55 22 16
 19 44 72 53 61 15 41 50 27 44 80  6 26 48  8 53 58 51 64 58 66 97 85 85 23 31 41 66 70 12  7 51 26 29 67 29 46 31 76 26 10 92 27 41 39 85 97 67  5 14 75 10 58 41 79  3 88 15 40 71 14 70 89  9 42 60 82 67 57 52 60 57 24 92  6 25 23  6 64 56
 41 13 32  3 90 58 31 61 34 88 22 22 34 34 27 79 58 77 61 80 96 91 94 38 85 11 98 46 51 70 40 57 95 83 39 35 92 90 86 78 88 82  0 67  6 68 72 97 92 56 14  1 71 69 19 60 87  1 96 60 51 93 43 54 23 88 60 25 96 87 29 68 57 17 99 23 55 90 63 45
 88  3 15 86 90 14 15 10 98 97  9 96 98 49 81 76  7 28 27 13 36  5 85 39 24 93 60 79 60 79 27 50 15 59  1  8 63 63  0 69 64 14 60 52 21 71 53 97 55 33 35 58 48 10 17 96 49 92 37 93 51 71 81 83 71 96 72 62  1 59 33 14  8 53 83 97  2 48 45 37
  3 69 41 41 68 76 27 38 66 82 98 94  8 60 32 62 80 20 96 63 17 54  9 18 29 96 30 70 73 27 31 61 14 31 67 60 36 82 58 61 87 10 25 81 65 97 73 49 92 69  1 47 26  9 67 48  2  9 65 79 16 15 77 78 74 50  2 38 92 17 89 54  3 10 15 24  6 92 90 52
 84 14 81 69 43 90 79 67 80 39 66  5 67 74 36 45  1 89 95 14 78 79 40  4 78 95 78 61 67 11 55 24 58 60 93  5 86 73 62 33 91 19 25 97 13 25 50 62 34 42 61 50 36 70 70 91 54 63 39  3 36 79 30 64 45 43 60 52 74 41 67  0 40 61 50 75 91 47 53 76
 42 38 78 28 12  3 76 91 50 94 36 30 50 80 68 15  1 34 68 27 28 85 87 17 10 62 61 30 93 77 63 77 20 39 91 49 53 99 96 76 61 52 22 94  2 53  7 66 10 33 65 65 70  4 54 28 58  3 92 23 59  9 92  3 89 37  5 35  5 84  5 13 59 81 63 14 33 98 78 52
 80 78 67 25 23  5 37 72 20 44 92 84 82 96 38 36 98 61 92 29 20 94 18 64 91 10 41 82 37 70 99 53 48 35 50 85 14  1 47 84  7 31 25 15  6 48 89  2 19 68 86 94 47 72 90 86 83 52 50 60 60 84 78 94 77  7 58 41 70 15 31 95  7 91 66 88 28 32 22 75
 56 52 87 12 40 70 12 32 36  0 99 80 97 11 10 45 55 26 97 12 18 78 78 30 85 37  6 45 96 74  3 73 33 38 58 86 54 47 18 51 27 32 11 43 98 80 82 21 99 58 36 37 88 26 14  8 82 60 52 98  8 59 88 59  7 83 27 42 43 68 79 85 12  7 23 22 62 80 68 84
 51  5  9 74 14  5  5 48 16 38 21 30 16 26 20 42 58 79 84 22 65 10  4 73 22 68 86 61 42 56 33 40 80 97 16  4 26 70 55 59 81 29 47 94 21 76 33 75 92 49 84 91 80 53 43 50 63 40 65 71 40  9 28 41 82 99 19 24 61 80  8 49 48 76 77 13 78 65 49 57
 44 49 48 33 48 89 85 44 20 33 39 37 10  3 96 83 78 10 43 55 55  6 48 20 64  2 72 80 92  8 80 35 74 69 59 53 30 15 56 81 55 36  2 13 60 55 68  9 16 60 80 37 45 24 96 68 54 17  8 60 20 78 26 96 69 30 64 77 91 37 24 80  3 25 61 22 47 41 64  5
 74 12 84 30 72 19 13 87 18  9 73 87 71  5 77 77 42 88 74 51 96 69 94 56 80 55 37 58 80 96 92  6 51 63 74 15 75 84  0 65 33 53 72 65  5 77 11 58 34 30 67 39 12 32 10 21 75 67 66 87 20 12 52 90 76 41 32 94 98 18 95 84 53  4 21 70 33 40 96 65
 10 76 81 28  6 55 57 80 55 82 97 44 79 40 30 78  5  9  5 86 84 30 77 23  8  1 53 45 18 99 88 69 65 80 19 25 49 75 56 33 65  7 93 33 23 86  2 42 18 61  4 35 80 36 62 56  4 65 12  7 77 15 34 86 17 28 51 57 13 38 70 79 23 28 33 30 66 16 33 94
 24 25  5  2 33 59  8 53 27  2 59 42 74  6 69 78 13 38  8 70 69 95  0  8 27 17  9 82 75 54 79 94 58 61 45 69 91 31 10 77 34 98 67  6 28 52 15 53 27 63 85 32 94  8 85  8 50 28 24  4 70 81 83 46 79 62 28 38  4 92  2 89 64 23 24 24  9 86 87 62
 56 87 44 31 63 45  5 61 42 97  1 84 20 36 76  2 77 53 21 34 26 89 57 43 28 31 31 95 37  2 86  3 28 27  7 74 54 81 78 45 29 43 72 77 48 16 81 55 64 95 55 98  8 77 89 91 17 57  6 84 86 50  3 20 95 33 64 90 45  1 60 34 14 68 85 12 26 75  9 47
 83 78 25 94  8 18 48 77 96 18 77 29 79 39 18  0 36 89 66 29 19 97 47 94 77 58  3 85 81 26 58 64  0 26 91  7 80 84 27 43  9 18 89 38 92 35  2 77 56 10 30 58 57 68 77 91 73 79  2 65 87 39 18 38  9 97 76 40 83 52 53 26 74 40 99 89 52 62 11 30
 88 44 36 67 44 21 21 83 35 83 71 90 75 42 67 43 32 80 67 18 77  9 97 56 89 50 81 29 39  3 94 84 90 73 28 65 64 71 94 24 73  3 14 67 22 21 71  3 14  0 16 86 23 49 66 62 24 99 19 79 83 97 86  8 49 12 15 84  5 42 49 64 72 55 51 76 61 20 86 85
 30 10 38  8 85 74  7 64 30 19 16 26 66 41 14 17 75  7 70 72 56 64 76 49 94 37 13 66 74 40 58  2 79  0 13 70 25 94  6 82 31 25 84 29 21 92 91 71  7 38 29  0  6 77  6 18 78 33 47 56 96 40 20 10 89 90 85 78 12 26 88 27 30 16 52 19 34 62 22 75
 11 17 93 60 49 25 10  7 40  5 13 37 12 38 96 14 13 36 60 58 11 96 18  8  6 73 63 95 41 22 99 81 78 91 26 61 76 65 95 47 71  3 86 67 60  9 97 61 30 23 12 55 93 36 98 28 14 59 73 27 30  2  4 84 25 37 58 37 83 56  9 64 41 55 54 77 29 85 26 46
 47 71 75 38 28 87 71 88 85 21 52 56 42 87  7 27 99 66 81 39 67 71 39 79 94 75 20 68 60 56 72  8 97 33 50 92 88 99 18 79 28 89 87 93 68 23 69 95 69 23 52 38 24 85 11 10 51 59  1 11 45 72 14 31 40 95  1 25 47 28 60 93 28 74 74 18 51 12 37 20
 34 84 92 27 56 85 90 68 12 85 26 46 27 39 22 44 62 73 55 64 80 39 56 13 46 72 28 83 85 13 52 81 19 58 87 19 63 64 80 62 51 15 42 87  2 20 53 24 75 20  5 58 65  2  4 21 22 61 74 10 16 44 38  0 73 89 84 48 48 24 24 93 19 93  7 14 17 37 52 90
 19 18  6 75 79  0 42 91 68  1 54 90 42 82 13 45 76 50 98 65 15 72  4 60 45 47 94 79 70 70 57  7 59 85 80  2  3 19 47 94 77 36 22 87 12 60 82 28 30 50  6 45 70 26 42 56 32 85 90  6 11 56 91 87 88 69 10 50 19 54 35 97 15 92 48 32 28 69 38 10
 67 30 49 83 21 10 97 71 62  2 95 86 42 91 69 87 25 53 45 46 10 11 60 60 29 78 15 29 40 59 66 93 43 63 32 92 76 57 68 87 92 71 26 84 15 27 92  7 15 53 97 41 59 99 16 40 37 87 20 51 54 36 37 28 43 56 24  6 45  6 95 85 56 53 11 32 36 77 54 95
 30 15 42  5 55 38 36 89 39 92 75 42 25 65 12  8 77 48 60 81 42  7 54 39 66 87 94 34 61  7 35 42 70 20 21 26 85 54 92 55  7 52  3 15 59 68 44 73 81 10 37 93 80 14 62 18  9 98 31 65 98 45  4 88 58 82 39 17 37 83 95 80 93  7 46 55 16 27 70  9
 20 49 16 35 73 91 75 89 48 93 95 68  5 75 22 13 48 46 64  6  4 67 95  3 23 79 55 16  4 79 19 46 83  0 23 26 39 10 88 12 23 61 71 59 94 39 36 46 16 93 29 47 77 56 81 55  1 76 99 23 87 21 10 60 86 36 48  0 96 50 33 42 53 74 57 22 27 37 83 62
 69 34 30  9 51  9 81 67  8 86 60 72 78  6 49 72 74 58 45 13 64 97 84 31 29 89 68 12 19 27 90 78 37 13 29 84 21 91 63 61  0 80 32 27 40 46 31 49 15  3 31 44 64 48 52 26 23 42 32 56 35 24 72 59 78  7 51 85 85 76 34 57 11 13 26 24 91 10 42  2
  6 41 88 89 20  3 89 68 82 54 90 50 91  2 34 14 78 29 84 44 42 46 37 70 51 22 65 70 99 25 55 89 70 72 63 65 56 75 84 94 27 30 97 58 58 92 68 98 47 19 81 12 92 90 59  8  5 27 86 41 83 78 33 11 56 32 65 10 98 81 66 37 60 56 24 19 55 83 57 11
 22 55 60 64 36  5 22 78 38 31 43 84 14 10 30 17 40 86 69 82 74 47  3 25 56  1 55 39 54 22 73 98 69 45  1 92 79 96 89 80 89 20  0 15 15 22 84 99 25 37 12 60 13  8  3 80 69 17 87 94 78 14 77 50 78 30 50 10 26 77 61 10 74 62 38 23 59 73 28 95
 40 16 97 42 47  5 12 22 27 39 33 33  3 20 18  3 66 85 16 52 82 68 80 58 86  9 51 64 74 80 79 91 40 90 91 48  6 87 14 63 37 84 17 74 54 61 35 39 77 17 72 71 57 96 25 10 93 94 46 67 36 16 46 13  8 56 23 15 26 12 35 14 82 54 82  4 11 15 55 83
 81 66 57 43 59  0 15 50 43 35 46 29 73 13 27 37 52 47 88  5 43 45 37 77 21 32 80 82  3 19 97  7 77  5 70 61  1 21  8 53 58 32 88 21 67 62  9 83  8 26 44 97 92 59 23 53 89 83 81 37 11 65 65 30 87 40 78 42 96 14  1 92 35 66 21 79 50  9 65 14
 38 91 15 91 13 35 34 37 98 57 65 68 67  5 54 13 61  8 11 20 56 36 29 34 52  3  9 15  5 60 62 41 29 71 86  7 46 62 51 19 39 86 31 44 57 49 49 65 77 81 61 51  0 57 69 43 60 92 32  6 66 79 52 21 98 29  8 88 32 35 94 85 75 83 87  4 16 63 23 38
 38 63 87 11 44 50 33 76 88 63 82  4 22 86 78 53 86 60 96 93 16 60 22 15 49 47 60 59 31 73 38 31 72 92 11 97  7 99 76 88 42 31 65 28 10 61 73 83 60 94 30  4 42 47 31 86 80 58 86 90 42 62 45 87 38 36 18 25 10 96 89 27  2 91  1 68 20 39 56  4
 16 90 51 23 56 18 59 69 62 78 19 46 40 69 85 97 18 98 58 32 75 38  4 37 27 24 26 86 93 16 38 51 75 42 66 73  6  0 82 32 68 54 26 49 65 94 87 93 21 13 45 75 27 33 92 57 53 91 88 13 23 43 17  8 85 78 47 95 43 27 15 35 45 15 87 90 13 92 69 57
 84 50 57 33 89 95 61 24 91 37 50 49 54 31 82  1 19 57 29 53 17 45 11 37 18 70 98 30 29 78 39 13 69  9 36  2 91 46 60 66 28 92 89 67 81 48 10  2 80 71 10 29 81  3 64 91 89 16 66  2  8 23 94 31 65 25 89  1 59 16 78  9 30 64 95  8 54 19 66 31
 94 45 55 26 89 60  5 44 36 29 15  7  1 57 19 27 89 63 85 69 24 43 40 73 38 48 75 86 70 28  6 51 16 37 89 69 98 84  7 40 13 69 82 18  6 67 88 62 83 23 59 64 18 73 12 76 70 20 45 82 80 16 74 69 27 39  5  2 64 48 79 18 50 78 18 79 76 99 66 43
 15 37  9 65 74 58 99 28 19 38 41 50 88 83  4 40 33 73 58 88 46 36 70 12 57 82 88  1 13 55  6 20 81 71 97 72 26 61 45 36 57 46  8 13 46 85 17 63 68 96 67 12  5 37 70 50 16 90 71 68 72 97 49 91  4 21 51  6 12 51 32  2 31 68  9 64 61 38 25 83
 93 97 16 79  4 49  4 58 89 93 61 35 59 44 25 98 31 19 60  4 67  3 84 23 65 11 18 68 88 13 29 90 95 98 52 15  5 78 40 56 13 64 65 25 33 71 57 29 38 28 79 29 34  4 60 92 60 65 25 59 38 41 18 18 86 55 87 65 75 39 84 59  1 61  4 33  2 13 51 16
 27 44 27 61 51 45 60 97 93  4 33 40 70 11 70 49  8 54 97 95 79 51 80 77 45 23 14 22 28 62  7 37 26 97 86  1 62 26 25 20 17 85 60 88 95 68 54  8 26 16 20 91 86 45 11 16 11 72 43 29 22 69 12 17 90 47  3 70 11 57 32 42 64 44 37 46 78 16 27 66
 34 94 62 59 66 57  1 78 43 13 57 59 49 40 41 24  1 91 90 10 44 53 98 34 39  5  9 31 32 18 33 40 52 75 90 26 91 33 11 60 60 35 32 87 25 42 61 71 65 54 20 82  7 37 80 67 26 72 37 29 24 91  8 92 26 77 35 40 33 24 42 52 60  9 60 59 17 98 25 19
 19 98 33 70 50 42 73  6 85 32 95 95 73 15 75 28 28 52 95 68 68 92 34 42 15 88 46 91 43 88 77 72 23 16 32 75 23  6 12  9 52 54 69 56 47 23 48  0 58 84 28 97 71  5 66 12 76  8 11 71 74 53 50 79 64 33 84 21 78 77 70 32 41 93 62  9 69  9 29  8
 42 91 59 36 20 39 56 41 69 89 89 54 31 88 65 38 57  9 20 51 69 10 60 26 42 82 89 20  9 23  9 93 33 24 77 13 94 78 62  2 96 33 27 68 89 49 32 87 43 34 35 27 50 68 33 36 19 42 82 27 93 74 67 44  9 64 33 76 74 13 78 62 38 25 88 11 72 48 52 14
 89 34 88 35 78 21 80  3 17 74 82 38 97 29 74 95 76 28 43 95 43 44 41 86 50 32 47 50 56 55 13 49 89 64  4 78 12 47 31 63 55 60 50 30 47 11 87 24 67 64 89 59 84 78 25 32 65  6 94 23 70 98 93 69 64 17 69 81 11 34 55 49 28 70 57 53 23  2 54 55
 41 53 14 77 84 32 44 55 92 78 35 40 93 63 60 95 61 13 34 88 36 75 59 87  8 51 88 23 55 43 11 60 82 11 27 80 29 27 49  4 17 67 86 78 57 94 67 96 52  9 16 64 50 72 91  0 46 37 46 31 25 30 84 51  2 83  0 17  7 94 32 25  2 70 81 86 45 92 62 84
200
 39 93 94 96 19 35 36  5 66 43 43 36 66 20 88 90 41 50 71 60 10 72 24 58 86 69 65 85 90 17 78 16 48 86 11 88  7 81 20 15 70 67  8 67 65 25 25 81 62 24 39 98 28  8 94 38 84 29  0 64 79 86 38 96 33 43 75 66 82 36  7 38 38 90 83 24 57 16 88 77 58 51 70 44 56 55 51 96 88 97 59 82 49 73 54 71 73 50 58 78 14 32  0 78 24 76 26 77 31 23 60 72 47  9 92 28 88 76 44 58 67  4 31 70 90 12 27 37 75 27 96 89 73 11 41 34 61 72  7 66 26 32 11  9 73  9 99  3 20 41 57 47 67 62 19 29 41 92 48 32 71 27 88 86 31 22 11  0 56  8 10  3 34 87  0 73  8 95 46 41 51 27 18 78  7 68 40 29 96 63 97 40 22 34 99 77 63 20 32 65
