50 50
  3  7  4  2 27 23 29 28 29 21 15  9 11  8 17 24  5 20 11 17 27 12 16 17 22 28 22  8 13 15  7 26 13 19  5  3  4  0 23 11 15 10 22 11 13 16  3 12 13 14
 24 18 27 28 16 11 13 20 22  3 22 15 15 18 16  6  6 16 12  5 19 18 29 14 16 18 22 21  5  9 28 16 20  0  1  6 18 10  6 26  4  0 29 11 23 10 29 25 17 15
 11  0  5 16 25 19 13 27 14 19 19  1  9 29  1  6 16 28  8 15 15 29 27 27 23 17 18 19  4  7 15 11 11 22 12  0 28 19  8 25  6  2 13 19  8 14 21 26 13 12
 19 28  5 20  7 12 29 22 22 11 14 24  0 16 15  4  1 20 19 15  5 16 16 26 16 12 14 20 11 21 12 10 13 15 15 26 22 23 19 12 29 27 10 22 27 18 16 14  8  3
 21 18 19 24 14 25  0  3 15 26 17 20 24  1 29 29  8 23  9 25 29  6  3 25  1  0 26  7 29 16 28 24 12 14 15  2  0 27  0 26 26  4 17 23 22  9  1  0 22 25
  4  3 13 22  5 10 26  9 12 11 29 19 13  3 13 29 26 13 14 25 22  7  3 11 18  6 29 14  4  6 15 26 24 23 21 19  3 24  1  4 24 29 14 17 22  9 27  8  7 19
 12 18 17  2 20  5 18  9  0  9  6 29 22 24  6 19 18 15  2  4 22 23  8  6  0 20 13 16 14 21 11  0 14  3 26 22 28 27 12 15  0  6 28 20  0 27 17  2  7  2
  6 17  2  6 22  9 27 25 18 24  4 28 13 18 17  6  2 27  7 23 20 13 28  0 12 15 11 23 11  7 24  0 23 23  3  7  2 23  4 12  0  1 13 26 27  0 26 26 21 19
 28 20 26 24 10  2 13 20  8  4 16 23 23 28  2 22 28 13 26  3 13  8 26  3  9 21 15 17 19  1 14 13  9  8  9 16 16 10  9  3 20  2  7  3 26 18 17 26 15  3
 18  0  6 24  4 20  6 27 10  6 12 20 29  6 14  2  2 20 16  5 28 21 28 29  1  6 27 22 22  2 23 10 17 12 16 28  5 10  0  4 27 13 26 23  1  4 21  7  5  9
  2 15 25 10 28 10 22 20 29  3  3 14 18 29 27  6  7  3  2 18 29 12 28 16  0 10 16 28  1 23 11 25 15 23  1 19 29  3 15 26 10 12 10 20 27 19 16 17 25  7
 12 26 27 29 16  9 27 10 11 18 19 12  9 19 29 27  5  5 24 11 28 19 15 12  5 20 13 20  7 22 16 24 10 10  1  9  4  8 27 26 17 17 13 21 11 10  9 13 14 13
 17 15 23 17  4 28 12 26 28  9 20  5  8 24 19  7  1  6 14 16 16 27  6 20 15 26 26 20  0  9 23 23  0  6  8 27  3 23 26  0  5 10  6 11 20 20 19 18  2 21
 18 26 16 16 13  4 21  0 28 14  9 29 11 13  5 11 25 13 16 22 18  6 22 16  4  2  1 14  7 11 20  4 29 22 26 24 16 16 28 28 13 23  4 16  8 16 19  6 10 19
 21 20 17  2  8 10 16  1 12 21 29 11 28  1  9  4 19 26 24 27  3  5  4 21  5 15  0  4 13  5 28 21  2 12 27 16 11 27 11  9 16 12 26  9  9  8 20 24  6 23
 20 17 27  2 19 18 20 26 19  4  1 29  2  9 11 24 25 27 15  7 10 29 25  4 18 25 22 27 13  1  4 20 18 10  5 24 11 26 21  7 27 10 10 18 17 28 15 22 17 27
  6  2  0  8 13 29 11 13 20 10 11 24  5 20  5 11 16  5 16  2  0 21  2 14 22  9 17 17 17  4 14 19 25 28 25 18  7 14  1 15 27  6 14 23  8 28 29  7 20 25
  6 29  1 25 28  2  2 17 16 28 26 26  0 19 24  1  0 15 21 23 27 10 23 12  4  5 17 20 22 25  6  6  9 10 28 22 29 21 17  8  7 11 28 27 19 23 13 15 18 20
  4 14 29  4  1  3  2 26 13  0  8 17 21 14 16  7 16  1  4 20  1 11 24 24 13  4 29  9  1  2 15 26 14 21 24 27 27 22  9 13 14  5 13  4 19 16 13 24 13 27
  1  8 19  6 21 25 10 16 19 28 25 10 13  3 11  4 14 19  1 29  6  2 12 10  6 19 15  3 13  8 25 28 24 19 29 10 20 23 21  3 11 21  1 18 28 13  5 27 20  5
 16 23 13 17  6 24 17 18 21 19 21  2 22 11  5 24  5 20 25 14 27 24  1  3 22  0 11  4 29 20 21  7 29 12  1 11  2 23 19 27 18 12  8 23 23 26 15 22 23  8
 19 13 13 19 15 28  3 12 29 17 15 21 12 15 12 11 11 18 11 15 19 26 16 11  0  2  9 18 18  7 24 16 25 27  2 19 21 14  3 12 21  7  7 19  6 14  8 11  2  0
 21  9 23  5 24  9 19 24 13 10  0  1 20  3 14 18 20 25 22 10 25 13 14 24 11 22  4 16 16 14  5 28 24 13 12 25 18 22 19 28 28  8 22 22  9 25  0  1 13  8
 22 15  5 19 29  2 22 22 22  1 17 29  0 13 21  7 28 12  4 29 12 18  7  6 13 25  3  0  5  9 20  0 26 12  2 28 21  0 28 27  6  3  6 12  5  5 17 29 27 19
 16  1  2  2 17 10  8 21 24 28  0  4 28  4 13 26 12  1 29 19  8  0  8 27 21 18 21 13 24  2 25 26 27 24 20 22 23 14  1 20 21 13 29 26 29 23 25  1 28 12
 29  7 20  9  8  9 25 19 28  5  0 24 12 20  7 25  0  4 13 28  4 25 16 12 23 16 21  1 13 15 15  7 22  4 25 20  2  8 25 26 14  0 29 18 10  2 18 15 23 29
 26 16 13  8 14  3 13 25  9  0 24  7 24 16  1 26  5 10  5 15  8 28  8  3 21 24 14 16 27 28 13  1  2 17 14 29  4  1 11  0  3 25 16 18 14  2 17  1 24  6
 18 20  9 21 20 10 12 26 19 24  1  0 10  9 21 27 11 23 18 29  9  0 21 22  9 11  6 11 23 14 13 18  0  8 15 10  8  8 14  5 25  3 26 10 18 26  5 26 23 10
 12 28  7 12 25 24 25 20 15 20  0  1 20 13 19 23 24  7  1  0 16  4  3  1  7 13  6  0 17 11 28 11 15  7 17 13 13 10  0  0  0  2 10 25 19  0  6 14 21  3
  8  9 13  7 16 16 26 12 29  2 22 24 21 10 11 12 29 28 22 13 21  9  3 12 24  3  8  8  4 18  4 26 16 20  3 28 11  0 14  7 15 18  4  1 13 20 26 10 15 12
  1 11 27 27  9  6  5  4  4 19 10  6 14 22 24  3 26 22 26  6 23 19  8  9  0 16  5 18 11  2 15  1 29 12 21 16 29 25  2 13 18  0 11 10 15  6 10 10  2  2
 11  8  9  2 17 27  7  6 13 12 19 29 19 16  8 22  6  6 14 13 28 18 20 26  9 25 15  0 22 22 11 16 10 23 22 24 14 12 14 15 11  3 29 21 27 10 28 20 20 15
  3 26  2 14  1  5 25 15  6  5 27  9 18 17  8 17 16 26  0 27  0 13 21 20  0  4 20 17  4 15 10  6  3 23 17 28  4 10  7 29 25 28  3 18 23 23 22  2  5  0
 25 17 25 13 22 28 29 13 18 25  8 15 20 20 20 17 10 29  3 13  9 23 28 26 28  0  5 20 13 27  4 24 19 25 22 15 10 21 13  0 21 17 28  0  2 14  0 13  5 26
 22 28 13 12 20 23  8 10  5 26  3  7 23 16 25  6  4  6 29 17 14 16  8 21 26 10  3 21  5 10 20 27 17 26 21  5 16 22 11  5 14 28 16 16 13  9 19  9  4 16
 19  2 18  0 28 25  4 25 10 25  9 28  7 16 25 23 18  9 17  2 23 22 27 15 20 20 12 27  5 27 18  1 29 19 23 19 21  9 27 26 15 18 11 23  3 12 15 21  9 27
  5 11 12 26 15  5 14 29 28  0  9  0  0 24  4 16 13 26 27 29 16 25 11  9 10  0 11  8  5  6 17 29  7 16 13 29 16 17 29  1  7 28 25 19 20 11 28  1 13 15
  3 11 21  3 22 16  5 21 28  0  6 12 19 13  5 20 14  7 13 10 11 28 14 26  8  0 15 26 21  5  4 16 10 22  5  3 17  9 21 18 16 19 19 26 13  1 22  6 11 12
 26  6 25  4 21 20  2 15  4 27 10 29  8  8 26 25 29  8 27 28 24  8 21 11  6 22 13 15  5 24 10 26 22 23 20 14  1  1 12 17 28 17 10  8  4  7  8  5  9  0
 22  9  8 29 26 14 12 20 19 11  7 11 26 19  1 24  7  5 14 12 10 27 29 16 23 25 11  7 17 25 17 23  9 16 24 24  6 14 11 22 20  2  3  4 26 13  3  0 29 25
 28 28 23  7 29 28 10  9  3 11 29 18 13  2 24  5  3 18 24 27 28 20 22  0 10 15 15 17 10  2 14 15 11 20 11 14 11 13  7  8  0  0  4 26 20 12 16  6 25 28
 15 16 20 18 17 11  1  8  9 29 14 23  7 16 20  8 22 22 12  8  9  4  1 21 28 18 10  6 29 29 17  6  0  7 25  8 18 10 21 12  3  7 11 26  1 22 19  8  5  4
 27  3 27  7 23 11 20 16 19  2 14  6 26 16 25  0 13 26 21 27 10  5  3 20  3  4 18  9  2 27 27  3 12  5  1 23  3  4 28 28  0 14 21  1  7 24 11  1  3  4
 11 29 12  3 22  3 29 11 23 24 20  7 29  2  7  6  6 26 14 13 19 24  3  0  6 29  4 20 24 18  7  8 22 11 21 28 28  2 12 11 13  5  4  1  5 19 10 13 17 15
 22 27 29 21 23  7 21 27  0 18  3  4 26  2 13 22 19 24 23 21  5  0 19 24  3 27  6 18 11 20 25 17  5 15 17 25  0 21  0  5  4 22  4  8 25 24 21 22 29 29
 22 26  4  1 13 12  5  3 17 25 23  4  7 25 18 12  9  4  3  2 29 12 27  2 18 20 17  8 12 23 28  2 21 29 11 11 28  3 26 24 18 12 17 20 20  0  6  4 12  3
 14 26 16 22 17 10 28  7  9 22 26  7  8 27 23  3  6 26 13 14 21 23 15 14 18 17 17 19 20 12 14 26 23 24 21 19 10  0 15 28 27  1  3 11  2 19 12 29  3 12
  6 11  3 21  6 12 10 20 29  4  4  7  9  7 26 14 17 28 12  9 14 29 28 16 20 10 29 18 12 29 24 27 20  4 15 28 17 18 28  9 12 25  4 25  5 19 25 16 10 26
 26  9 23 16 22  1 21  5  0 16 28  3  6  8  7 14  7 20  6 21 10 10  3  1 22 24 18  5 26 21  8  4 26 23  8  4  9 29 27 24 21  8 12  0 13 13 14 13 19 24
 18 14  4  4 24 25 13 27 14 16 15 19 19 22 11  8 17  9  9  5 17  1  0  0 18 29 24 10  0 16 28  0  2 22 18 18 24  6  4  6 29  3 11  2 27  2 12  3  4 22
100
  5  1 16 17 11  7 20 27 24 29 16 18 10 22 22 17 23  4  1  3  7  1 18 26 10 21 16 29 27 10  9  9  0 15  9  1 18 18  1 13  5  9 25 28  2  7 16  4 11 19 29  8 18  0  8 14 15  8  3 20 23 26  4 29 18 29 25 26  2  4 13 21 25 10 22  5  6 14  9 22 23 18 20 13 15 28  3  5  3 16  8 22 26  8 18 26 15 12 23 15
