10 100
 43 20 70 57 28  3 61  1 36 30 38  0 97 92 63 70 26 98 41 21 74 37  9 46 21  0 91 40 56 11 56 11 75 81 25  2 91 84 41 42 33 10 84 94 79 51 90 67 44 21 12  2 34 29 37 64 20 30 44 90  1 48 50 79 59 36 13 18 28 13 59 87 22  2 60 86 99 53 96 73 63 22 49 10 15 51 39 54 19 61 86 35 39 51 59 25 57 81 50 70
 94 53 78 43 73 51 25 59 16 81 33 34 50 31 43 89 67 41 40 39 72 46 29 14  0 53 72 87 96 32 52 28 83 67 41  0 73 70 89 57 79 65 80 29 39  0 87 87 80 33 45 25 47 12 34 21  2 27  7 34 63 26 39 71 29  9 62 29 21 46 16 78 24 76 42 71 27 98 75 63 81 55 34  2 25 52 14 12 50 95  6 71 14 18 29 88  6 32 36 87
 30 32 19 82 78 33 49  3 74 19  1 84 38 30 64 41  1 32 34 97 42 24 40 34 66 86 45 72 24 81 33 10 29 56 64 82 56  2 61  4  5 73 65 23 58 79 68 96 85 89 11 46 61 25  3 91  1 26 10 26 34 98  0 21 58 12 68 53 63 91 61 83  9 94 64 61 85 15 56  4  1 27 13 87 82 56 21 44 66 56 47 61 27 21 59 22 74 68  0 26
 92 55 60 83 39 34 99 88  4 48 15 86 87 24 58  5 67 19 40 27 69 14 83 96 32 82 11  1 45 59 80 89 25 94 97 82 12 65 72  1 39 84  7 44 94 27 19 42 69 61 39  8 86 57 47 55 15  8 32 26 58 93 81 91 35 53 36 87 10 81 87  6 52 22 73 64 89 51 18 99 29 76 18 87 54 65 66 73 86 23 75 49  8 46 24 34 81 23 66 39
 77 95 47 15 45 59 28 15 51 86 28 35 77  1  8 98 75 35 73 93 90 46 69  6  8 66 86 82 13 41  7 14 23 42 61 48 58 86 66 47 74 87 76 66 32 21 63  5 17 87 99 63 11 89 20 14 85 72 93 55 71 86  1 18 21 75 36 34 72 89 55 96 67 84 39 66  3 65 67  7  9 61 78 40 75 63 12 73 78 50 23 31 82 87 20 92  8 69 82 10
  5 50 42 78 52 75 47 68 86  6 27 35 45 15 46 90 45 70  2 67 41 60  6 46 62 14 59  8 87 19 10 19 15 45 49 92 64 27 78 60 68 64 80 55 85 29 41 87 22 12 28 63 44 31 22 94 18 86 44 71 22 39 33 13 99 47 74 21 55 81 66 91 26  5 87 63 51  4  0 10 50 82  1  8 67 60  6 26 46 63 23 21 43 65 66 52 93 24 94 31
 88 45 95 67 22 38 36 88 28 61 64 48  8 72 10 35  8 19 41 51 28 56 75 28 43 53 25  4 73 38 61 70 42 98 98 49 11 18 43 93 69 40 75 98 15 66 20 59 76 46 62 36 38 16  1 96 81 79 27 44 51 48  3 69  9 91 63 59 36 48 50 75 88  2 75 64 31 46 73 77 97 51 59  7 38 42 32 63 78 38 91 55 82  7 26 41 97 45 29 77
 28 72 23 60 63 29 11 58 53 87 89 68  9 15 69 46 80 77 25 98 20 49 38 28 58 65 12 83 24 48 84 38  8 82 59 10 38 23 28  0 19 62 62 97 65 88 83 94  4 12 62  3 57 47 90 62 10 65 18 75 27 62 71 38 85 15 78 20 18  6 75 18  3 38 63  8 30 92 43 49 38 80 53 14  3 90 72 63  8 46 80 79 54 18 82 28 60 54 28 15
 77 19  1 46 21 75 42 31 87 17 44 67  3 61 34 99 35 56  7 45 63 45  9 40 68 18 61 19 19 25 84 55 47 27 56 29 27 32 22 77 30 25 30 63  4 81 68 58 97 42 25 32 22 90 93 85 45 34  6 78 40  0 46 33 29 12 95 18 14 62  5 41 67 49 99  8 40  8 44 26 93 67 52 52 73  7 98 26 76  6 64 32 89 99 43 73 86 76 71 70
 14 13 69 98 22 89 98 32 94 60 77 69 95 68 19 45 42 17 64 56 67 48 33 63 21 85 27 34 44 45 41 54 98 27 69 10 31 19 28 21 43 97 11 86 36  6 58 54 96 37  9 51 36 42 65 13 81 65 80  7 96 62 60 44 76 45 36 19 46 81 40 23 49 25 14 10 15 59  1 35 40 76 27 71 17 42 61 82  1 95 10 14 96 91 89 21 98 99 76 51
50
 32 89 38 39 66 96 81  6 95 26 84 48 16 43 89 57 56 70 77 26  3 73 49 12 64 17 88 77 53 19 75 13 68 26 75 30 36  8 35 70  1 28 43 62  8 38 43 34 15 20
