68
1 2 1
1 7 1
1 8 2
1 12 1
1 14 2
1 16 1
1 19 1
1 20 1
2 2 2
2 6 1
2 15 2
2 20 1
3 5 2
3 13 1
3 17 2
4 3 2
4 4 1
4 9 2
4 20 2
5 18 1
5 20 1
6 8 1
6 20 1
7 1 1
7 7 2
7 18 2
8 1 2
8 20 2
9 20 1
10 1 1
10 18 1
11 1 2
11 20 2
12 1 2
12 20 1
13 1 1
14 2 1
14 11 1
14 19 2
15 1 1
15 17 2
16 1 2
16 19 1
17 2 2
17 9 2
17 20 2
18 1 1
18 12 1
18 20 1
19 1 1
19 2 1
19 4 2
19 10 2
19 13 1
19 16 1
19 19 2
20 1 2
20 2 2
20 3 1
20 6 2
20 7 1
20 8 2
20 9 1
20 10 1
20 14 1
20 15 2
20 17 2
20 20 2
