66
1 2 2
1 3 1
1 7 1
1 9 2
1 13 1
1 14 2
1 15 1
1 17 2
1 19 1
1 20 1
2 1 1
2 7 2
2 19 2
3 1 2
3 12 2
3 19 1
4 2 1
4 5 1
4 8 1
4 18 1
4 20 2
5 2 2
5 16 1
5 20 1
6 20 1
7 20 2
8 1 2
8 10 2
8 19 2
9 1 2
9 19 1
10 4 1
10 19 2
11 3 1
11 19 1
12 12 1
12 19 2
13 1 1
13 8 2
14 3 2
14 5 1
14 6 2
14 10 1
14 16 1
14 19 1
15 2 1
15 11 2
16 7 1
16 19 1
17 2 2
17 13 2
17 20 2
18 2 1
18 20 1
19 7 1
19 9 1
19 19 1
20 1 1
20 4 2
20 7 2
20 8 1
20 11 1
20 12 1
20 16 1
20 18 2
20 20 1
