61
1 5 1
1 9 2
1 13 1
1 15 2
1 19 1
1 20 2
2 1 2
2 4 1
2 6 1
2 17 1
2 20 2
3 1 1
3 19 2
4 1 1
4 5 2
4 14 1
5 1 2
5 18 1
5 20 2
6 1 1
6 19 1
7 20 1
8 1 2
9 20 2
10 4 1
10 16 1
11 20 1
12 12 1
12 19 2
13 2 1
13 6 2
13 19 1
14 4 2
15 2 1
15 20 2
16 8 1
16 19 2
17 1 1
17 15 1
17 19 1
18 1 2
18 2 1
18 4 1
18 20 1
19 1 2
19 12 2
19 16 1
19 18 2
19 19 1
19 20 2
20 2 1
20 3 1
20 5 2
20 6 1
20 7 2
20 8 1
20 10 1
20 11 2
20 13 2
20 14 1
20 17 2
