64
1 2 2
1 8 1
1 10 2
1 12 1
1 13 2
1 16 1
1 17 1
1 19 1
2 1 2
3 1 1
3 20 1
4 1 1
4 3 1
4 5 1
4 7 2
4 11 1
4 20 1
5 1 1
5 5 2
5 20 1
6 7 2
7 2 1
7 9 2
8 2 2
8 9 2
8 20 2
9 2 2
9 19 1
10 5 2
10 12 2
10 13 1
10 17 1
10 18 2
11 9 1
11 11 2
11 14 1
11 18 1
12 3 1
12 20 1
13 2 1
13 20 2
14 10 2
15 5 2
15 7 2
16 1 1
16 4 2
16 20 1
17 1 2
17 20 1
18 1 1
18 6 2
18 9 1
18 10 1
18 15 1
18 18 2
19 6 2
19 8 2
20 2 1
20 3 2
20 4 1
20 7 2
20 8 1
20 19 1
20 20 2
