64
1 3 1
1 4 1
1 5 2
1 6 1
1 15 1
1 20 1
2 18 1
3 1 1
3 14 1
3 20 2
4 2 1
4 4 2
4 12 2
4 16 1
4 20 1
5 3 2
5 9 1
5 20 2
6 11 1
6 14 1
6 15 2
6 20 1
7 19 2
8 2 1
8 18 2
8 19 1
9 3 1
10 4 2
10 20 1
11 2 2
11 20 2
12 3 2
12 18 1
12 20 1
13 1 2
14 9 1
14 20 2
15 1 1
15 20 1
16 1 2
16 14 2
17 1 1
17 10 2
17 14 1
17 20 1
18 2 1
18 8 1
18 11 2
18 12 1
19 3 1
19 7 1
19 17 1
19 20 1
20 1 2
20 2 2
20 3 1
20 4 2
20 5 1
20 6 2
20 9 2
20 13 1
20 15 2
20 19 1
20 20 2
