100 20
0 0 0 0 0 0 0 0 0 0 0 0 0 0 0 0 0 0 0 0 
0 0 0 0 0 0 0 0 0 0 0 0 0 0 0 0 0 0 0 0 
0 0 0 0 0 0 0 0 0 0 0 0 0 0 0 0 0 0 0 0 
0 0 0 0 0 0 0 0 0 0 0 0 0 0 0 0 0 0 0 0 
1 0 0 0 0 0 1 0 0 1 0 0 1 0 1 0 1 0 0 1 
0 0 0 0 0 0 0 0 0 0 0 0 0 0 0 0 0 0 0 0 
0 1 0 0 0 0 0 0 0 1 0 1 0 0 0 0 0 0 0 1 
0 0 0 0 1 1 0 0 0 1 1 0 0 0 0 1 1 0 0 0 
1 1 0 0 0 0 0 0 0 1 0 0 1 1 1 1 0 0 0 0 
0 0 1 0 0 0 1 0 1 0 1 1 1 0 1 0 0 0 1 1 
0 0 0 0 0 0 0 0 0 0 0 0 0 0 0 0 0 0 0 0 
0 0 0 0 0 0 0 0 0 0 0 0 0 0 0 0 0 0 0 0 
0 0 0 0 0 0 0 0 0 0 0 0 0 0 0 0 0 0 0 0 
0 0 0 0 0 0 0 0 0 0 0 0 0 0 0 0 0 0 0 0 
0 0 0 0 1 0 0 0 0 0 0 1 0 0 0 1 0 0 0 0 
1 0 1 0 1 0 0 0 0 0 0 0 0 0 1 1 0 0 0 0 
0 1 1 0 0 0 0 1 0 0 0 0 0 0 0 0 0 0 0 0 
0 1 0 1 0 1 0 0 0 1 1 0 1 0 1 1 0 0 0 0 
0 0 0 0 0 0 0 0 1 0 0 0 1 0 0 0 0 0 0 1 
0 0 0 0 0 0 0 1 1 0 0 0 0 0 0 1 0 0 0 0 
1 0 0 1 1 1 1 1 0 0 0 0 0 0 1 0 0 0 1 1 
0 0 0 0 0 0 0 1 0 0 0 0 1 0 0 0 1 0 0 0 
0 0 0 0 0 0 0 0 0 0 0 0 0 0 0 0 0 0 0 0 
0 0 0 0 0 0 0 0 0 0 0 0 0 0 0 0 0 0 0 0 
0 1 1 1 0 0 0 1 0 0 0 1 0 0 0 0 0 0 0 0 
0 0 0 0 0 0 0 0 0 0 0 0 0 0 0 0 0 0 0 0 
0 0 0 0 0 0 0 0 0 0 0 0 0 0 0 0 0 0 0 0 
0 0 0 0 0 0 0 0 0 0 0 0 0 0 0 0 0 0 0 0 
1 0 1 1 0 0 0 0 1 0 0 1 0 0 0 0 1 0 1 0 
0 0 0 0 0 1 0 0 0 0 1 0 0 0 0 0 1 0 0 0 
0 0 0 1 0 0 1 0 0 1 0 0 0 0 1 0 0 1 0 0 
0 0 0 1 0 0 1 1 1 0 0 1 1 0 0 0 1 1 0 0 
0 0 0 0 0 1 0 1 1 0 0 0 0 0 0 0 0 0 1 0 
0 1 0 1 0 0 0 0 1 1 1 1 1 1 0 0 0 0 0 0 
0 1 0 0 0 1 0 1 0 1 0 0 0 1 0 0 0 0 0 0 
0 0 0 0 0 0 0 0 0 0 0 0 0 0 0 0 0 0 0 0 
0 1 0 0 0 0 0 0 0 0 1 0 1 0 1 0 0 0 0 0 
0 0 0 0 0 0 0 0 0 0 0 0 0 0 0 0 0 0 0 0 
0 0 1 0 0 0 0 0 0 0 1 0 0 0 0 0 0 1 0 0 
0 1 0 1 0 0 0 0 0 0 1 0 0 0 0 0 0 1 0 1 
0 0 0 0 0 0 0 0 0 0 0 0 0 0 0 0 0 0 0 0 
0 0 0 0 0 0 0 0 0 0 0 0 0 0 0 0 0 0 0 0 
0 0 0 0 0 0 0 0 0 0 0 0 0 0 0 0 0 0 0 0 
0 0 0 0 0 0 0 0 0 0 0 0 0 0 0 0 0 0 0 0 
0 0 0 0 0 0 0 0 0 0 0 0 0 0 0 0 0 0 0 0 
0 0 0 0 0 0 0 0 0 0 0 0 0 0 0 0 0 0 0 0 
0 0 1 0 0 0 1 1 0 1 1 0 0 0 0 0 0 0 1 0 
1 0 0 1 0 0 1 0 1 0 1 1 0 1 0 0 0 0 1 0 
0 0 0 0 0 0 0 0 0 0 0 0 0 0 0 0 0 0 0 0 
0 0 0 0 0 0 0 0 0 0 0 0 0 0 0 0 0 0 0 0 
0 0 0 0 0 0 0 0 1 0 1 0 1 0 0 0 0 0 0 0 
0 0 0 0 0 0 0 0 0 0 0 0 0 0 0 0 0 0 0 0 
0 1 0 1 0 1 0 1 0 0 0 0 0 0 0 0 0 0 1 0 
0 1 0 1 0 0 0 1 0 1 1 0 0 0 1 0 1 1 1 0 
0 0 0 0 0 0 0 0 0 0 0 0 0 0 0 0 0 0 0 0 
1 0 0 0 0 1 1 0 0 0 1 0 0 1 0 1 0 0 0 0 
0 0 0 0 0 0 0 0 0 0 0 0 0 0 0 0 0 0 0 0 
1 0 0 0 0 0 1 0 1 0 1 0 1 1 0 1 0 1 0 1 
0 0 0 0 0 0 0 0 0 0 0 0 0 0 0 0 0 0 0 0 
0 0 1 0 0 0 0 0 1 0 0 0 1 0 0 0 0 0 0 0 
0 0 0 0 0 0 0 0 0 0 0 0 0 0 0 0 0 0 0 0 
0 0 0 0 0 0 0 0 0 0 0 0 0 0 0 0 0 0 0 0 
0 0 0 0 0 0 0 0 0 0 0 0 0 0 0 0 0 0 0 0 
0 0 0 0 0 0 0 0 0 0 0 0 0 0 0 0 0 0 0 0 
0 0 0 0 0 0 0 0 0 0 0 0 0 0 0 0 0 0 0 0 
0 0 0 0 0 0 0 0 0 0 0 0 0 0 0 0 0 0 0 0 
0 1 0 1 1 0 0 1 1 1 0 0 1 0 1 1 0 1 0 0 
1 0 0 1 0 0 0 0 1 0 1 1 1 1 1 0 0 1 0 1 
0 0 0 0 0 0 0 0 0 0 0 0 0 0 0 0 0 0 1 0 
0 0 0 0 0 0 0 0 0 0 0 0 0 0 0 0 0 0 0 0 
0 0 0 0 0 0 0 0 0 0 0 0 0 0 0 0 0 0 0 0 
0 0 0 0 0 0 0 0 0 0 0 0 0 0 0 0 0 0 0 0 
0 0 0 0 0 0 0 0 0 0 0 0 0 0 0 0 0 0 0 0 
1 0 0 0 1 0 0 0 0 0 0 0 0 0 0 0 0 0 0 0 
0 0 0 0 0 0 0 0 0 0 0 0 0 0 0 0 0 0 0 0 
0 0 0 0 0 0 0 0 0 0 0 0 0 0 0 0 0 0 0 0 
1 0 0 1 0 1 0 0 0 0 0 1 1 1 0 0 0 0 1 1 
0 0 0 0 0 0 0 0 0 0 0 0 0 0 0 0 0 0 0 0 
1 0 0 0 0 1 0 0 0 1 0 1 0 0 0 0 0 1 0 0 
0 0 0 0 0 0 0 0 0 1 1 0 0 0 0 0 0 0 1 0 
1 0 1 0 0 0 1 0 0 0 1 1 0 1 0 0 1 1 1 1 
0 0 0 0 0 0 0 0 0 0 0 0 0 0 0 0 0 0 0 0 
0 0 0 0 0 0 0 0 0 0 0 0 0 0 0 0 0 0 0 0 
1 0 0 1 1 0 0 1 1 1 0 0 1 0 0 0 0 1 0 1 
0 0 0 0 0 0 0 1 0 0 0 0 0 0 0 0 0 0 0 0 
0 1 1 0 0 0 0 0 0 0 1 1 0 0 1 0 1 0 0 1 
0 0 0 0 0 0 0 0 0 0 0 0 0 0 0 0 0 0 0 0 
0 0 0 0 0 0 0 0 0 0 0 0 0 0 0 0 0 0 0 0 
0 0 0 0 0 0 0 0 0 0 0 0 0 0 0 0 0 0 0 0 
0 1 0 1 0 0 0 0 0 0 0 0 1 0 0 0 1 0 0 0 
0 0 0 0 0 0 0 0 0 0 0 0 0 0 0 0 0 0 0 0 
0 0 0 0 0 0 0 0 0 0 0 0 0 0 0 0 0 0 0 0 
1 0 1 0 0 0 0 0 0 0 0 0 0 1 0 1 1 0 0 0 
0 0 0 0 0 0 0 0 0 0 0 0 0 0 0 0 0 0 0 0 
1 0 0 0 0 0 0 0 0 0 0 0 1 0 0 0 1 0 1 1 
1 1 1 0 1 0 1 0 0 1 1 0 0 0 0 0 0 1 0 0 
0 0 0 0 0 0 0 0 0 0 0 0 0 0 0 0 0 0 0 0 
0 1 0 0 0 1 0 0 0 0 0 0 0 0 0 1 0 0 1 0 
0 0 0 0 0 0 0 1 0 1 1 0 0 0 0 0 1 1 1 1 
0 0 0 0 0 0 0 0 0 0 0 0 0 0 0 1 0 0 1 0 
17 14
20 5
6 14
9 13
4 10
15 9
16 12
14 3
9 12
7 5
7 18
18 10
17 15
12 10
13 7
14 12
16 10
18 1
13 17
12 8
7 3
16 4
15 1
18 6
6 14
2 19
19 19
1 12
8 6
11 16
10 11
10 14
6 15
3 8
13 17
8 3
3 11
2 12
8 6
20 2
19 12
8 9
7 17
20 10
3 7
7 16
9 15
1 14
18 9
4 2
12 3
16 18
7 13
2 17
2 2
16 8
5 19
16 17
15 20
19 15
14 3
16 4
9 14
13 8
1 7
19 11
2 2
20 16
4 17
14 2
6 14
15 11
14 2
8 20
11 4
6 13
10 2
13 17
2 8
11 12
6 13
13 10
1 6
12 19
14 7
19 9
7 12
7 17
18 1
15 10
9 10
5 10
19 18
16 7
5 9
7 9
18 19
11 20
6 7
20 1
99
1 50
1 59
1 61
1 70
1 88
1 89
1 92
2 17
2 49
2 89
3 6
3 63
3 81
3 100
4 25
4 73
5 6
6 32
6 87
6 98
7 50
8 66
9 13
10 59
11 76
11 91
11 95
12 27
12 68
13 46
13 70
13 86
13 87
14 28
14 46
14 71
15 45
16 59
18 23
19 41
20 65
21 41
22 57
23 43
24 36
24 99
26 28
26 31
26 77
27 58
27 89
29 61
30 75
33 55
34 71
35 63
36 62
37 92
38 50
38 96
39 76
40 78
41 89
42 50
42 60
43 70
44 71
44 74
45 52
47 59
48 72
49 67
50 94
51 78
52 79
52 94
53 82
54 91
55 70
55 75
56 97
57 80
57 89
57 97
59 72
59 93
62 70
64 69
64 84
64 87
64 90
65 87
66 83
73 75
76 87
78 88
82 83
83 89
85 94
