100 20
0 0 0 0 0 0 0 0 1 0 0 0 0 1 0 1 0 0 0 0 
0 1 0 0 0 0 0 0 0 0 0 0 0 0 0 0 1 0 0 1 
0 0 0 1 0 0 0 0 0 0 0 0 0 0 0 0 0 0 0 1 
0 0 0 0 0 0 0 0 0 1 0 0 0 0 0 0 0 0 0 0 
0 0 0 0 0 0 1 1 0 0 1 0 0 0 0 0 0 0 0 0 
0 0 0 0 0 0 0 0 0 1 0 0 0 0 0 0 0 0 0 0 
0 0 0 0 0 0 0 1 1 0 0 0 0 0 0 0 0 0 0 0 
1 0 0 0 0 0 1 0 0 0 0 0 0 0 0 0 0 0 1 0 
0 0 0 1 0 0 0 0 0 0 0 0 0 0 0 0 0 0 0 0 
0 0 0 0 0 0 1 0 0 0 0 0 0 0 0 0 0 0 1 0 
0 0 0 1 0 0 0 0 0 1 0 0 0 0 0 0 0 0 1 0 
0 0 0 0 0 0 0 0 0 0 1 0 0 0 0 1 0 0 0 0 
0 0 0 1 0 0 0 0 1 0 0 0 0 0 0 0 0 0 0 0 
0 0 0 0 0 0 1 0 0 0 1 0 0 0 0 1 0 0 0 0 
0 0 0 0 0 0 0 0 0 0 0 0 0 0 0 0 0 0 0 1 
0 0 0 0 0 1 0 0 0 0 0 0 0 0 0 0 0 1 0 0 
0 0 0 0 0 0 0 0 0 0 0 0 0 0 1 0 0 0 1 0 
0 1 0 0 0 0 0 0 0 0 0 0 0 0 0 0 0 1 0 0 
0 0 0 0 0 0 0 0 0 0 0 0 1 0 0 1 0 0 0 0 
1 0 0 0 0 1 0 0 0 0 0 0 0 0 0 0 0 0 1 0 
0 0 0 0 1 0 0 0 0 0 0 0 0 1 0 0 0 0 0 0 
0 0 0 0 0 1 0 0 0 0 0 0 0 0 0 0 0 0 0 0 
0 1 0 0 0 0 0 0 0 0 1 0 0 0 0 0 1 0 0 0 
0 0 0 0 0 0 0 0 0 1 0 0 0 0 0 0 0 0 0 0 
0 0 0 0 0 0 0 0 0 0 0 0 0 0 0 0 0 1 0 1 
0 0 0 0 0 0 0 0 0 0 0 1 0 1 0 0 0 1 0 0 
0 0 0 0 0 0 0 0 0 0 0 0 0 0 0 0 0 1 0 0 
0 0 0 0 0 0 0 0 0 0 0 1 0 0 0 0 1 0 0 0 
0 0 1 0 1 0 0 0 0 0 0 1 0 0 0 0 0 0 0 0 
1 0 0 0 0 0 0 0 0 0 0 0 0 0 0 0 0 0 0 0 
0 0 0 0 0 0 0 0 0 0 0 0 0 0 1 0 1 0 0 0 
1 0 0 0 0 0 0 0 0 0 0 0 0 0 0 0 0 1 0 0 
0 1 0 1 0 0 0 0 0 0 0 1 0 0 0 0 0 0 0 0 
0 0 0 1 0 0 0 0 0 0 0 0 0 0 0 1 0 0 0 1 
0 0 0 0 0 0 1 0 0 0 0 0 0 0 0 0 0 0 0 0 
0 0 0 0 1 0 0 0 0 0 0 0 0 0 0 0 0 0 0 0 
0 0 0 0 1 0 0 0 0 1 0 0 0 0 0 1 0 0 0 0 
0 0 0 0 0 1 0 0 0 0 1 0 0 0 0 0 0 0 0 0 
0 0 0 0 1 0 0 0 0 0 0 0 1 0 0 0 0 1 0 0 
1 0 0 0 0 0 0 0 0 0 0 0 0 0 0 0 0 0 0 0 
0 0 0 0 0 0 0 0 1 0 0 0 0 0 0 0 0 0 0 0 
0 0 0 1 0 0 0 0 0 0 1 0 0 0 0 0 1 0 0 0 
1 0 0 0 0 0 0 0 0 0 0 0 0 0 1 0 0 0 0 0 
0 0 0 0 0 0 0 0 0 0 0 0 0 0 0 0 0 0 1 0 
0 0 0 0 0 0 0 0 1 0 0 0 0 0 0 0 0 0 0 0 
0 0 0 0 0 0 0 1 0 0 0 0 0 0 0 0 0 0 0 0 
0 0 0 0 0 0 0 0 1 0 0 0 0 0 0 0 0 0 0 0 
1 0 0 0 0 0 0 0 0 0 0 0 0 0 0 0 0 0 0 1 
0 0 0 0 0 0 0 0 0 0 1 0 1 0 0 0 0 0 0 0 
0 0 1 0 1 0 0 0 0 0 0 0 0 0 0 1 0 0 0 0 
0 0 0 0 0 0 1 0 1 0 0 0 0 0 0 0 0 0 0 0 
0 0 0 0 0 0 1 0 0 0 0 0 0 0 0 0 1 0 0 0 
0 0 0 0 0 0 0 0 1 0 0 0 1 0 0 0 0 0 1 0 
0 0 0 0 0 0 0 1 0 0 0 0 1 0 0 0 0 0 0 0 
0 0 0 0 0 0 0 0 0 0 0 0 0 0 0 0 0 0 0 1 
0 0 0 0 0 0 0 0 0 0 1 1 0 0 0 0 1 0 0 0 
0 0 0 0 0 1 1 0 0 0 1 0 0 0 0 0 0 0 0 0 
0 0 0 0 0 0 0 0 1 0 0 0 0 0 1 0 0 0 0 0 
0 0 0 1 0 0 0 0 0 1 0 0 0 0 0 0 0 0 0 0 
0 0 0 1 0 0 0 0 0 0 0 0 0 0 0 0 1 0 0 0 
0 0 0 0 0 0 0 0 0 0 0 0 0 0 1 0 0 0 0 0 
0 1 0 0 0 0 0 0 0 0 0 0 0 0 1 1 0 0 0 0 
0 0 0 0 0 0 0 0 0 0 0 0 0 0 0 0 0 0 0 1 
1 0 0 0 1 0 0 0 0 0 0 0 0 0 0 0 0 0 0 0 
0 0 0 0 0 0 0 0 0 0 0 0 0 0 0 0 0 1 0 0 
1 0 0 0 1 0 0 0 0 0 0 0 0 0 0 0 0 0 0 0 
0 0 0 0 0 0 0 0 0 0 0 0 0 0 0 0 0 1 0 0 
0 0 0 0 0 1 0 0 0 1 0 0 0 0 0 0 0 0 0 0 
0 0 0 0 0 0 0 0 1 0 0 0 0 0 0 0 0 0 0 0 
0 0 0 0 1 0 1 0 0 0 0 0 0 0 0 1 0 0 0 0 
0 0 0 0 0 0 0 0 0 0 1 0 0 0 0 0 0 0 0 0 
0 0 0 0 0 0 0 0 0 0 0 0 0 0 0 0 0 0 0 1 
0 0 0 0 0 0 0 1 0 0 0 0 0 0 0 1 0 0 1 0 
0 0 0 0 0 0 0 0 0 0 0 0 0 0 1 0 1 0 1 0 
0 0 0 0 0 0 0 0 0 0 0 0 1 0 0 0 0 0 0 0 
0 0 1 0 0 0 0 0 0 0 0 0 0 0 0 0 0 1 0 0 
0 0 0 0 0 0 0 0 0 0 0 1 0 0 0 1 0 0 0 0 
0 0 0 0 0 1 0 0 1 1 0 0 0 0 0 0 0 0 0 0 
0 0 0 0 0 0 0 1 0 0 1 0 0 0 1 0 0 0 0 0 
0 0 0 0 0 0 0 0 0 0 0 0 1 0 1 0 0 1 0 0 
0 0 0 0 0 0 0 0 1 0 0 0 0 0 0 0 0 0 1 0 
0 0 1 1 0 0 0 0 0 0 1 0 0 0 0 0 0 0 0 0 
0 1 0 0 0 0 0 0 0 0 0 0 0 0 0 0 0 0 0 0 
0 0 0 0 0 0 0 1 0 1 0 0 0 0 0 0 0 0 0 0 
0 0 0 0 0 0 0 0 0 0 0 0 0 1 0 0 0 0 0 0 
0 0 0 0 0 0 0 0 0 0 0 0 1 0 0 1 0 0 0 0 
0 0 1 0 0 0 0 0 0 0 0 0 0 0 0 0 0 0 0 0 
0 0 0 0 0 0 0 0 0 0 0 0 0 0 0 0 1 0 0 0 
1 0 0 0 0 0 0 1 0 0 0 0 0 0 0 0 0 1 0 0 
0 0 0 0 0 0 1 0 0 0 0 0 0 0 0 0 0 0 0 0 
0 0 1 0 0 0 1 0 0 0 0 0 0 0 0 0 0 0 0 0 
0 0 0 1 0 0 0 0 0 0 1 0 0 0 0 1 0 0 0 0 
0 0 0 0 0 0 0 0 0 0 0 1 0 0 0 0 0 0 0 0 
0 0 0 0 0 0 0 0 0 0 0 0 0 0 0 1 0 0 0 0 
0 1 0 0 0 0 0 1 0 0 0 0 1 0 0 0 0 0 0 0 
0 0 0 0 0 0 0 0 0 0 0 0 1 0 0 0 0 0 0 0 
0 0 0 0 0 0 0 0 1 0 0 0 0 0 0 0 0 0 0 0 
0 0 0 0 1 0 0 0 0 1 0 0 0 0 0 0 0 0 0 1 
0 1 0 0 0 0 0 0 0 0 0 1 0 0 1 0 0 0 0 0 
0 0 0 1 0 0 0 0 0 0 0 0 0 0 0 0 0 0 0 0 
1 5
9 18
14 3
19 3
14 10
19 16
11 19
4 16
2 6
19 4
8 2
7 11
10 1
16 4
12 15
3 1
12 16
10 11
15 3
17 11
16 13
15 3
14 9
16 1
6 4
3 20
8 4
8 5
10 9
9 19
1 20
8 14
1 8
7 12
3 5
3 9
17 14
10 9
4 6
12 11
20 7
3 16
5 19
6 4
2 18
11 9
11 15
17 10
7 19
16 13
13 3
2 8
9 6
10 20
3 10
7 20
16 1
7 13
6 3
4 2
17 2
11 13
13 2
11 14
6 6
1 11
9 11
2 17
5 15
20 11
10 13
16 12
5 11
3 2
16 12
7 4
11 19
13 16
7 15
13 5
6 13
2 2
16 11
6 12
8 3
4 8
14 11
20 9
15 5
10 16
1 6
12 13
5 11
17 1
2 20
10 4
8 1
6 17
1 9
16 8
3423
1 2
1 3
1 4
1 5
1 6
1 7
1 9
1 10
1 11
1 12
1 13
1 15
1 16
1 19
1 20
1 21
1 23
1 24
1 25
1 28
1 29
1 30
1 32
1 33
1 35
1 36
1 37
1 38
1 40
1 42
1 43
1 44
1 45
1 47
1 48
1 49
1 50
1 51
1 52
1 53
1 54
1 55
1 56
1 57
1 58
1 59
1 60
1 62
1 63
1 65
1 67
1 68
1 69
1 70
1 71
1 72
1 73
1 75
1 77
1 78
1 79
1 81
1 82
1 83
1 85
1 86
1 87
1 88
1 90
1 91
1 92
1 93
1 94
1 95
1 96
1 97
1 98
1 100
2 3
2 4
2 5
2 6
2 7
2 8
2 9
2 11
2 14
2 15
2 16
2 19
2 23
2 26
2 27
2 28
2 29
2 30
2 32
2 33
2 34
2 35
2 36
2 37
2 38
2 39
2 40
2 42
2 43
2 44
2 46
2 48
2 49
2 50
2 51
2 52
2 54
2 55
2 56
2 57
2 58
2 59
2 60
2 62
2 63
2 64
2 65
2 66
2 67
2 68
2 71
2 72
2 73
2 75
2 77
2 79
2 80
2 82
2 85
2 86
2 88
2 89
2 90
2 92
2 93
2 94
2 96
2 98
2 99
2 100
3 4
3 5
3 6
3 7
3 8
3 9
3 10
3 11
3 12
3 13
3 14
3 16
3 17
3 18
3 19
3 20
3 22
3 26
3 27
3 29
3 30
3 31
3 32
3 33
3 34
3 41
3 42
3 44
3 45
3 47
3 50
3 51
3 53
3 55
3 56
3 57
3 58
3 60
3 61
3 62
3 63
3 66
3 67
3 68
3 69
3 70
3 73
3 74
3 75
3 77
3 82
3 83
3 84
3 85
3 86
3 87
3 89
3 91
3 92
3 93
3 98
3 99
3 100
4 5
4 6
4 7
4 8
4 9
4 12
4 13
4 15
4 16
4 17
4 18
4 19
4 20
4 21
4 22
4 23
4 24
4 25
4 26
4 30
4 31
4 32
4 33
4 34
4 38
4 40
4 43
4 44
4 45
4 46
4 47
4 50
4 51
4 52
4 54
4 55
4 56
4 57
4 58
4 59
4 60
4 61
4 62
4 63
4 66
4 68
4 69
4 70
4 71
4 72
4 74
4 75
4 76
4 78
4 79
4 80
4 81
4 82
4 83
4 84
4 86
4 88
4 89
4 90
4 92
4 93
4 95
4 96
4 98
4 99
4 100
5 6
5 9
5 10
5 14
5 18
5 19
5 22
5 24
5 25
5 26
5 28
5 29
5 30
5 31
5 32
5 34
5 36
5 37
5 38
5 40
5 41
5 43
5 44
5 46
5 47
5 49
5 50
5 54
5 55
5 56
5 57
5 59
5 61
5 62
5 65
5 66
5 67
5 70
5 71
5 73
5 76
5 78
5 79
5 80
5 81
5 82
5 84
5 85
5 86
5 87
5 89
5 91
5 92
5 93
5 94
5 95
5 98
6 8
6 9
6 10
6 11
6 12
6 13
6 14
6 15
6 16
6 18
6 19
6 21
6 22
6 23
6 24
6 25
6 26
6 27
6 28
6 30
6 31
6 32
6 33
6 35
6 37
6 38
6 39
6 40
6 41
6 42
6 43
6 44
6 46
6 47
6 49
6 50
6 51
6 52
6 53
6 54
6 55
6 57
6 58
6 60
6 61
6 62
6 63
6 66
6 67
6 68
6 69
6 70
6 71
6 73
6 74
6 76
6 77
6 78
6 79
6 80
6 81
6 82
6 84
6 85
6 87
6 88
6 89
6 90
6 93
6 94
6 95
6 96
6 97
6 98
6 99
7 8
7 9
7 10
7 12
7 13
7 15
7 16
7 17
7 18
7 19
7 21
7 22
7 23
7 24
7 26
7 27
7 28
7 29
7 30
7 31
7 33
7 34
7 35
7 37
7 38
7 39
7 41
7 44
7 46
7 47
7 48
7 49
7 52
7 53
7 54
7 56
7 57
7 58
7 59
7 60
7 61
7 62
7 63
7 65
7 67
7 68
7 71
7 72
7 75
7 76
7 77
7 78
7 79
7 81
7 82
7 83
7 90
7 91
7 92
7 93
7 94
7 95
7 96
7 97
7 98
7 100
8 9
8 11
8 12
8 14
8 17
8 18
8 19
8 20
8 21
8 22
8 23
8 24
8 25
8 27
8 29
8 31
8 33
8 34
8 36
8 38
8 39
8 46
8 47
8 48
8 49
8 50
8 51
8 52
8 53
8 56
8 57
8 58
8 59
8 60
8 62
8 63
8 64
8 65
8 66
8 68
8 69
8 70
8 72
8 74
8 76
8 77
8 79
8 80
8 81
8 83
8 84
8 85
8 88
8 89
8 90
8 91
8 92
8 93
8 95
8 96
8 97
8 99
9 11
9 12
9 13
9 14
9 15
9 16
9 17
9 18
9 19
9 20
9 21
9 22
9 24
9 25
9 26
9 27
9 28
9 31
9 32
9 33
9 34
9 35
9 36
9 38
9 40
9 41
9 42
9 43
9 44
9 45
9 46
9 48
9 49
9 51
9 52
9 53
9 54
9 55
9 56
9 57
9 58
9 59
9 60
9 61
9 62
9 63
9 64
9 65
9 66
9 67
9 68
9 71
9 72
9 73
9 75
9 76
9 78
9 80
9 81
9 83
9 84
9 85
9 86
9 87
9 90
9 91
9 92
9 93
9 94
9 96
9 97
9 98
9 99
10 11
10 12
10 13
10 14
10 15
10 16
10 17
10 18
10 21
10 22
10 23
10 25
10 26
10 27
10 28
10 29
10 30
10 31
10 32
10 33
10 34
10 35
10 36
10 37
10 38
10 39
10 40
10 41
10 42
10 44
10 45
10 46
10 47
10 48
10 49
10 50
10 52
10 53
10 54
10 55
10 57
10 59
10 61
10 62
10 63
10 64
10 65
10 67
10 68
10 69
10 71
10 72
10 74
10 77
10 80
10 81
10 82
10 83
10 84
10 85
10 86
10 87
10 88
10 90
10 91
10 92
10 93
10 94
10 95
10 97
10 98
10 99
10 100
11 12
11 13
11 14
11 15
11 18
11 20
11 24
11 25
11 26
11 27
11 29
11 34
11 35
11 37
11 38
11 39
11 41
11 42
11 43
11 46
11 51
11 52
11 53
11 55
11 56
11 58
11 59
11 61
11 65
11 66
11 67
11 68
11 70
11 71
11 72
11 73
11 74
11 75
11 76
11 77
11 80
11 81
11 83
11 84
11 85
11 86
11 87
11 88
11 89
11 91
11 92
11 93
11 94
11 95
11 96
11 97
11 98
11 99
11 100
12 13
12 14
12 16
12 17
12 18
12 19
12 20
12 22
12 26
12 27
12 28
12 29
12 30
12 32
12 33
12 34
12 35
12 36
12 37
12 38
12 40
12 41
12 43
12 44
12 45
12 46
12 47
12 51
12 52
12 53
12 54
12 55
12 57
12 58
12 59
12 60
12 61
12 62
12 64
12 66
12 69
12 70
12 72
12 73
12 75
12 76
12 77
12 79
12 81
12 82
12 83
12 84
12 85
12 86
12 87
12 88
12 89
12 90
12 91
12 92
12 93
12 94
12 97
12 98
12 100
13 14
13 15
13 17
13 18
13 19
13 21
13 22
13 24
13 25
13 26
13 28
13 29
13 30
13 31
13 32
13 33
13 34
13 35
13 36
13 37
13 38
13 39
13 40
13 41
13 42
13 43
13 44
13 47
13 48
13 49
13 51
13 52
13 53
13 54
13 55
13 56
13 57
13 58
13 60
13 61
13 64
13 66
13 69
13 72
13 73
13 75
13 76
13 77
13 78
13 80
13 81
13 82
13 84
13 85
13 86
13 87
13 88
13 89
13 92
13 93
13 97
13 99
13 100
14 15
14 16
14 17
14 18
14 19
14 22
14 23
14 27
14 29
14 30
14 31
14 32
14 35
14 36
14 37
14 40
14 43
14 44
14 45
14 47
14 49
14 50
14 51
14 52
14 53
14 54
14 55
14 56
14 57
14 58
14 59
14 60
14 62
14 63
14 64
14 65
14 66
14 67
14 68
14 71
14 72
14 74
14 75
14 77
14 78
14 81
14 82
14 84
14 86
14 87
14 89
14 91
14 92
14 95
14 96
14 97
14 99
14 100
15 19
15 20
15 21
15 24
15 25
15 26
15 27
15 28
15 29
15 31
15 32
15 33
15 34
15 35
15 36
15 37
15 38
15 39
15 40
15 42
15 43
15 45
15 46
15 47
15 49
15 52
15 53
15 54
15 58
15 59
15 62
15 63
15 64
15 67
15 68
15 69
15 70
15 72
15 73
15 76
15 77
15 78
15 79
15 80
15 83
15 84
15 86
15 87
15 88
15 89
15 90
15 91
15 92
15 93
15 95
15 96
15 97
15 99
15 100
16 17
16 18
16 19
16 22
16 23
16 27
16 28
16 29
16 30
16 31
16 33
16 34
16 35
16 36
16 37
16 39
16 42
16 43
16 44
16 45
16 47
16 48
16 49
16 50
16 51
16 52
16 53
16 55
16 56
16 57
16 58
16 60
16 61
16 62
16 63
16 64
16 66
16 68
16 69
16 72
16 75
16 76
16 77
16 80
16 82
16 85
16 86
16 87
16 88
16 89
16 92
16 93
16 94
16 97
16 98
17 22
17 24
17 29
17 30
17 32
17 33
17 34
17 37
17 38
17 39
17 41
17 43
17 46
17 47
17 48
17 49
17 50
17 52
17 54
17 55
17 56
17 57
17 58
17 59
17 60
17 62
17 63
17 64
17 66
17 69
17 72
17 73
17 74
17 76
17 78
17 79
17 80
17 81
17 82
17 85
17 89
17 91
17 92
17 93
17 98
18 19
18 21
18 23
18 24
18 25
18 26
18 27
18 30
18 31
18 32
18 34
18 35
18 37
18 38
18 39
18 42
18 43
18 44
18 47
18 48
18 49
18 50
18 51
18 52
18 53
18 55
18 56
18 57
18 62
18 63
18 64
18 65
18 69
18 70
18 71
18 72
18 76
18 77
18 78
18 79
18 80
18 82
18 83
18 85
18 86
18 88
18 89
18 90
18 92
18 94
18 95
18 96
18 97
18 98
18 99
19 20
19 22
19 23
19 25
19 26
19 27
19 28
19 29
19 31
19 32
19 33
19 34
19 36
19 38
19 39
19 40
19 43
19 44
19 45
19 46
19 47
19 48
19 51
19 54
19 55
19 56
19 57
19 59
19 60
19 61
19 63
19 65
19 66
19 67
19 69
19 70
19 71
19 73
19 74
19 77
19 78
19 82
19 83
19 84
19 86
19 88
19 91
19 94
19 96
19 98
19 99
19 100
20 21
20 23
20 25
20 26
20 28
20 31
20 33
20 35
20 37
20 39
20 40
20 41
20 43
20 44
20 45
20 47
20 53
20 54
20 56
20 57
20 59
20 61
20 62
20 64
20 66
20 67
20 68
20 70
20 71
20 73
20 76
20 77
20 78
20 80
20 81
20 82
20 83
20 84
20 85
20 86
20 87
20 89
20 91
20 96
20 98
20 99
21 22
21 23
21 24
21 25
21 28
21 29
21 30
21 33
21 34
21 35
21 39
21 40
21 41
21 42
21 43
21 44
21 46
21 47
21 48
21 49
21 51
21 52
21 53
21 54
21 56
21 58
21 59
21 62
21 63
21 65
21 66
21 67
21 68
21 69
21 70
21 71
21 73
21 75
21 77
21 79
21 80
21 82
21 84
21 86
21 87
21 92
21 94
21 95
21 96
21 97
21 98
22 23
22 24
22 26
22 27
22 28
22 29
22 30
22 31
22 32
22 33
22 34
22 35
22 36
22 37
22 38
22 39
22 40
22 41
22 42
22 44
22 45
22 46
22 48
22 49
22 52
22 54
22 56
22 57
22 58
22 59
22 61
22 62
22 64
22 65
22 66
22 67
22 68
22 69
22 70
22 71
22 72
22 74
22 75
22 78
22 80
22 81
22 85
22 87
22 88
22 92
22 95
22 96
22 97
22 100
23 25
23 29
23 30
23 31
23 32
23 33
23 34
23 35
23 36
23 38
23 40
23 42
23 43
23 44
23 46
23 47
23 48
23 49
23 50
23 52
23 53
23 54
23 58
23 59
23 60
23 61
23 62
23 63
23 64
23 65
23 67
23 68
23 69
23 70
23 71
23 72
23 74
23 77
23 78
23 79
23 80
23 81
23 82
23 83
23 85
23 86
23 87
23 88
23 89
23 91
23 93
23 94
23 95
23 97
23 98
23 100
24 25
24 26
24 27
24 29
24 30
24 31
24 33
24 34
24 35
24 36
24 37
24 39
24 42
24 43
24 44
24 45
24 46
24 50
24 51
24 52
24 57
24 58
24 59
24 60
24 61
24 62
24 63
24 65
24 67
24 69
24 70
24 72
24 73
24 76
24 79
24 82
24 83
24 84
24 92
24 94
24 95
24 97
24 98
25 27
25 28
25 31
25 32
25 33
25 35
25 36
25 37
25 38
25 43
25 44
25 45
25 46
25 47
25 48
25 49
25 50
25 51
25 53
25 55
25 56
25 57
25 58
25 60
25 61
25 62
25 63
25 66
25 68
25 70
25 71
25 73
25 74
25 75
25 77
25 78
25 79
25 80
25 81
25 83
25 84
25 85
25 86
25 87
25 89
25 90
25 91
25 92
25 93
25 95
25 96
25 97
25 98
25 99
25 100
26 27
26 28
26 30
26 31
26 33
26 35
26 37
26 38
26 39
26 43
26 45
26 46
26 47
26 48
26 51
26 52
26 55
26 56
26 57
26 58
26 60
26 62
26 63
26 64
26 65
26 66
26 67
26 69
26 72
26 73
26 74
26 76
26 77
26 78
26 79
26 84
26 85
26 86
26 87
26 88
26 89
26 91
26 92
26 93
26 94
26 97
26 98
26 99
26 100
27 28
27 29
27 30
27 31
27 33
27 34
27 35
27 36
27 37
27 38
27 39
27 40
27 41
27 44
27 45
27 46
27 47
27 50
27 51
27 53
27 54
27 55
27 57
27 58
27 59
27 60
27 61
27 62
27 64
27 67
27 70
27 71
27 72
27 75
27 76
27 78
27 79
27 80
27 81
27 83
27 85
27 88
27 89
27 92
27 93
27 94
27 96
27 97
27 99
27 100
28 29
28 30
28 32
28 33
28 35
28 36
28 38
28 41
28 44
28 45
28 46
28 47
28 48
28 49
28 51
28 55
28 56
28 58
28 59
28 61
28 62
28 64
28 65
28 66
28 67
28 69
28 70
28 71
28 73
28 74
28 75
28 76
28 77
28 80
28 81
28 82
28 89
28 91
28 92
28 93
28 94
28 95
28 96
28 97
28 98
28 99
28 100
29 31
29 33
29 35
29 36
29 39
29 40
29 41
29 43
29 45
29 46
29 48
29 49
29 50
29 51
29 52
29 53
29 54
29 55
29 56
29 57
29 59
29 63
29 64
29 65
29 67
29 69
29 70
29 73
29 75
29 76
29 77
29 78
29 81
29 82
29 84
29 85
29 86
29 87
29 88
29 89
29 91
29 92
29 94
29 95
29 96
29 97
29 98
30 31
30 32
30 33
30 34
30 35
30 36
30 38
30 39
30 40
30 44
30 45
30 47
30 48
30 50
30 51
30 52
30 53
30 55
30 57
30 58
30 59
30 60
30 64
30 66
30 67
30 72
30 74
30 76
30 77
30 79
30 80
30 81
30 83
30 85
30 86
30 90
30 91
30 92
30 93
30 95
30 96
30 97
30 98
30 100
31 32
31 34
31 35
31 36
31 37
31 38
31 41
31 44
31 45
31 47
31 48
31 50
31 51
31 53
31 54
31 55
31 57
31 58
31 59
31 60
31 61
31 62
31 63
31 64
31 65
31 66
31 69
31 72
31 76
31 78
31 79
31 80
31 82
31 83
31 84
31 87
31 88
31 90
31 91
31 92
31 93
31 94
31 97
31 99
31 100
32 33
32 34
32 35
32 38
32 39
32 40
32 43
32 44
32 45
32 46
32 47
32 48
32 50
32 51
32 52
32 54
32 55
32 56
32 58
32 59
32 60
32 61
32 62
32 63
32 64
32 65
32 66
32 68
32 69
32 70
32 71
32 73
32 74
32 76
32 78
32 80
32 81
32 83
32 85
32 87
32 88
32 90
32 91
32 92
32 93
32 94
32 97
32 99
33 34
33 36
33 38
33 41
33 42
33 43
33 46
33 47
33 48
33 49
33 51
33 52
33 53
33 54
33 55
33 56
33 57
33 60
33 61
33 62
33 63
33 65
33 67
33 69
33 70
33 71
33 73
33 75
33 76
33 77
33 78
33 79
33 80
33 81
33 82
33 83
33 84
33 85
33 87
33 89
33 90
33 91
33 92
33 93
33 94
33 97
33 98
33 100
34 35
34 36
34 37
34 38
34 39
34 40
34 41
34 42
34 44
34 45
34 46
34 48
34 49
34 51
34 52
34 54
34 55
34 56
34 57
34 60
34 62
34 64
34 65
34 67
34 68
34 69
34 70
34 71
34 72
34 73
34 75
34 76
34 79
34 81
34 83
34 84
34 86
34 87
34 88
34 89
34 90
34 93
34 94
34 95
34 96
34 97
34 99
35 36
35 37
35 39
35 40
35 41
35 43
35 44
35 45
35 47
35 50
35 51
35 52
35 53
35 54
35 56
35 57
35 58
35 59
35 60
35 61
35 62
35 63
35 64
35 67
35 68
35 69
35 70
35 71
35 72
35 73
35 74
35 75
35 76
35 77
35 78
35 80
35 81
35 82
35 84
35 85
35 86
35 87
35 88
35 91
35 92
35 93
35 95
35 97
35 98
35 99
35 100
36 39
36 42
36 45
36 46
36 47
36 48
36 49
36 50
36 52
36 53
36 54
36 55
36 56
36 58
36 59
36 61
36 62
36 65
36 66
36 67
36 69
36 70
36 72
36 74
36 76
36 77
36 78
36 80
36 81
36 82
36 83
36 84
36 85
36 88
36 89
36 90
36 92
36 94
36 95
36 96
36 98
36 99
36 100
37 41
37 42
37 43
37 45
37 46
37 48
37 49
37 50
37 51
37 54
37 55
37 57
37 62
37 64
37 65
37 67
37 68
37 69
37 70
37 71
37 72
37 73
37 75
37 76
37 78
37 79
37 80
37 82
37 83
37 84
37 86
37 88
37 89
37 90
37 91
37 93
37 94
37 95
37 96
37 98
37 99
38 40
38 41
38 42
38 43
38 45
38 46
38 51
38 52
38 54
38 56
38 57
38 58
38 59
38 60
38 61
38 62
38 63
38 64
38 66
38 68
38 69
38 70
38 72
38 74
38 76
38 78
38 81
38 82
38 83
38 85
38 87
38 88
38 90
38 91
38 93
38 94
38 97
38 98
38 99
38 100
39 41
39 42
39 43
39 44
39 46
39 47
39 49
39 51
39 52
39 53
39 54
39 55
39 56
39 57
39 58
39 59
39 60
39 61
39 62
39 63
39 65
39 66
39 67
39 68
39 69
39 70
39 72
39 73
39 74
39 75
39 77
39 78
39 79
39 80
39 81
39 82
39 83
39 84
39 86
39 88
39 90
39 91
39 92
39 93
39 96
39 98
39 99
39 100
40 41
40 43
40 44
40 45
40 46
40 48
40 49
40 50
40 51
40 53
40 54
40 55
40 56
40 58
40 60
40 63
40 64
40 65
40 67
40 68
40 69
40 70
40 71
40 72
40 73
40 74
40 75
40 78
40 79
40 80
40 81
40 82
40 84
40 85
40 87
40 88
40 91
40 92
40 93
40 95
40 97
40 98
40 99
40 100
41 44
41 45
41 46
41 48
41 50
41 51
41 52
41 53
41 54
41 55
41 56
41 57
41 58
41 59
41 60
41 63
41 64
41 65
41 67
41 68
41 70
41 72
41 74
41 75
41 76
41 79
41 80
41 81
41 82
41 84
41 85
41 86
41 87
41 88
41 91
41 92
41 93
41 95
41 96
41 98
41 99
41 100
42 43
42 44
42 45
42 47
42 49
42 50
42 52
42 54
42 55
42 58
42 59
42 60
42 61
42 64
42 65
42 66
42 67
42 69
42 71
42 72
42 73
42 74
42 75
42 76
42 78
42 79
42 80
42 81
42 82
42 83
42 84
42 86
42 87
42 88
42 89
42 90
42 91
42 93
42 96
42 97
42 98
42 99
43 44
43 45
43 46
43 50
43 51
43 52
43 55
43 56
43 57
43 58
43 59
43 60
43 61
43 62
43 64
43 67
43 69
43 71
43 72
43 73
43 74
43 75
43 76
43 77
43 80
43 81
43 82
43 83
43 85
43 86
43 87
43 88
43 90
43 91
43 93
43 94
43 95
43 96
43 97
43 98
43 99
43 100
44 45
44 46
44 47
44 50
44 52
44 53
44 54
44 55
44 56
44 58
44 59
44 60
44 63
44 64
44 65
44 67
44 69
44 70
44 71
44 72
44 73
44 74
44 75
44 77
44 78
44 79
44 80
44 81
44 82
44 86
44 87
44 88
44 90
44 91
44 92
44 93
44 94
44 95
44 96
44 97
44 99
45 46
45 48
45 50
45 51
45 52
45 54
45 55
45 56
45 57
45 61
45 64
45 65
45 67
45 69
45 78
45 80
45 82
45 83
45 84
45 85
45 86
45 87
45 88
45 89
45 90
45 91
45 93
45 94
45 95
45 96
45 98
45 99
45 100
46 47
46 48
46 50
46 51
46 52
46 53
46 54
46 56
46 57
46 58
46 59
46 60
46 61
46 63
46 65
46 66
46 67
46 68
46 70
46 71
46 72
46 73
46 75
46 76
46 77
46 79
46 80
46 81
46 82
46 83
46 84
46 85
46 86
46 88
46 91
46 93
46 96
46 97
46 100
47 48
47 49
47 50
47 52
47 54
47 58
47 59
47 61
47 62
47 63
47 66
47 67
47 68
47 69
47 70
47 71
47 73
47 74
47 75
47 76
47 77
47 78
47 80
47 82
47 84
47 86
47 87
47 89
47 90
47 91
47 92
47 93
47 96
47 98
47 99
48 49
48 50
48 51
48 52
48 53
48 54
48 55
48 56
48 57
48 59
48 62
48 63
48 67
48 69
48 71
48 73
48 74
48 75
48 78
48 79
48 80
48 81
48 84
48 85
48 86
48 87
48 91
48 92
48 95
48 96
48 97
48 98
48 99
48 100
49 51
49 52
49 53
49 54
49 55
49 56
49 57
49 58
49 61
49 62
49 64
49 66
49 68
49 69
49 70
49 71
49 72
49 73
49 77
49 78
49 79
49 82
49 83
49 85
49 86
49 88
49 90
49 91
49 92
49 93
49 94
49 97
49 98
49 99
50 51
50 52
50 53
50 54
50 55
50 56
50 58
50 59
50 60
50 65
50 68
50 70
50 71
50 72
50 73
50 74
50 76
50 77
50 78
50 79
50 80
50 82
50 83
50 84
50 85
50 86
50 87
50 88
50 89
50 90
50 94
50 95
50 96
50 97
50 98
50 99
50 100
51 53
51 54
51 55
51 57
51 58
51 60
51 61
51 62
51 63
51 64
51 65
51 67
51 69
51 72
51 75
51 76
51 77
51 78
51 79
51 80
51 81
51 82
51 83
51 85
51 88
51 89
51 90
51 91
51 92
51 93
51 94
51 95
51 96
51 97
51 98
51 100
52 53
52 55
52 56
52 58
52 59
52 60
52 61
52 65
52 68
52 69
52 71
52 73
52 74
52 75
52 76
52 77
52 78
52 79
52 80
52 82
52 83
52 84
52 88
52 90
52 91
52 93
52 94
52 96
52 97
52 98
52 99
53 54
53 55
53 56
53 57
53 58
53 59
53 60
53 62
53 64
53 65
53 66
53 68
53 71
53 72
53 74
53 75
53 76
53 77
53 78
53 79
53 80
53 81
53 82
53 83
53 85
53 87
53 88
53 89
53 90
53 91
53 92
53 95
53 96
53 98
53 100
54 55
54 57
54 59
54 60
54 61
54 64
54 65
54 66
54 68
54 69
54 71
54 72
54 73
54 74
54 76
54 77
54 78
54 80
54 81
54 83
54 84
54 85
54 86
54 88
54 89
54 90
54 91
54 92
54 93
54 94
54 95
54 96
54 98
55 56
55 57
55 58
55 59
55 60
55 61
55 63
55 64
55 65
55 66
55 67
55 69
55 70
55 71
55 74
55 75
55 76
55 78
55 79
55 82
55 83
55 84
55 85
55 86
55 87
55 88
55 89
55 90
55 91
55 92
55 94
55 95
55 97
55 98
55 99
55 100
56 57
56 58
56 59
56 61
56 62
56 63
56 64
56 65
56 67
56 70
56 71
56 72
56 74
56 77
56 80
56 81
56 82
56 83
56 84
56 85
56 87
56 88
56 89
56 91
56 92
56 95
56 97
56 98
56 100
57 58
57 59
57 60
57 62
57 64
57 65
57 69
57 70
57 71
57 72
57 74
57 76
57 78
57 80
57 82
57 83
57 84
57 86
57 87
57 88
57 89
57 90
57 91
57 92
57 93
57 94
57 95
57 96
57 98
57 99
57 100
58 59
58 60
58 61
58 62
58 64
58 65
58 67
58 68
58 69
58 70
58 71
58 72
58 73
58 75
58 76
58 77
58 79
58 80
58 84
58 85
58 86
58 87
58 88
58 90
58 91
58 92
58 93
58 94
58 96
58 97
58 98
59 60
59 64
59 65
59 67
59 68
59 69
59 73
59 74
59 75
59 77
59 78
59 79
59 81
59 83
59 84
59 85
59 86
59 89
59 90
59 91
59 92
59 93
59 95
59 96
59 97
59 100
60 61
60 62
60 64
60 65
60 66
60 67
60 68
60 70
60 71
60 73
60 74
60 75
60 76
60 77
60 80
60 81
60 82
60 83
60 84
60 85
60 86
60 90
60 93
60 94
60 96
60 99
60 100
61 62
61 63
61 65
61 67
61 68
61 69
61 71
61 72
61 73
61 76
61 78
61 79
61 80
61 81
61 82
61 84
61 85
61 86
61 87
61 91
61 93
61 94
61 96
61 97
61 98
61 99
61 100
62 63
62 64
62 65
62 66
62 67
62 68
62 69
62 70
62 71
62 73
62 74
62 76
62 78
62 79
62 81
62 82
62 85
62 86
62 90
62 92
62 94
62 95
62 96
62 97
62 99
63 64
63 65
63 68
63 70
63 72
63 74
63 76
63 77
63 79
63 81
63 82
63 83
63 84
63 93
63 94
63 97
63 98
63 99
64 67
64 69
64 70
64 71
64 73
64 75
64 76
64 78
64 83
64 85
64 86
64 87
64 88
64 89
64 90
64 91
64 93
64 95
64 96
64 97
65 66
65 67
65 69
65 70
65 72
65 77
65 79
65 81
65 82
65 83
65 85
65 86
65 88
65 90
65 91
65 93
65 94
65 95
65 96
65 97
65 98
65 99
65 100
66 67
66 68
66 69
66 70
66 71
66 74
66 75
66 76
66 77
66 78
66 80
66 81
66 82
66 83
66 84
66 88
66 89
66 90
66 91
66 92
66 93
66 94
66 96
66 98
66 99
66 100
67 69
67 70
67 73
67 75
67 76
67 77
67 78
67 80
67 81
67 82
67 83
67 85
67 87
67 89
67 90
67 92
67 93
67 94
67 95
67 98
67 99
68 69
68 70
68 72
68 73
68 74
68 76
68 77
68 80
68 82
68 83
68 87
68 89
68 90
68 92
68 93
68 95
68 96
68 98
68 99
69 70
69 71
69 72
69 73
69 74
69 75
69 76
69 77
69 78
69 79
69 83
69 85
69 86
69 87
69 89
69 91
69 94
69 96
69 98
69 100
70 71
70 72
70 73
70 76
70 77
70 78
70 79
70 80
70 81
70 82
70 83
70 84
70 85
70 86
70 87
70 90
70 91
70 92
70 97
70 98
70 99
70 100
71 73
71 74
71 75
71 76
71 78
71 79
71 81
71 82
71 83
71 84
71 87
71 89
71 90
71 91
71 92
71 93
71 94
71 95
71 96
71 97
71 98
71 99
71 100
72 73
72 74
72 75
72 79
72 85
72 86
72 87
72 88
72 89
72 90
72 91
72 92
72 93
72 95
72 96
72 97
72 98
72 100
73 74
73 75
73 76
73 77
73 80
73 81
73 82
73 83
73 84
73 86
73 90
73 91
73 92
73 93
73 94
73 95
73 96
73 97
73 98
74 75
74 77
74 79
74 81
74 82
74 83
74 84
74 85
74 86
74 87
74 88
74 89
74 90
74 92
74 93
74 94
74 95
74 96
74 99
75 78
75 79
75 80
75 82
75 83
75 86
75 90
75 91
75 92
75 94
75 95
75 96
75 98
75 100
76 79
76 80
76 81
76 82
76 83
76 84
76 85
76 86
76 88
76 89
76 90
76 92
76 93
76 94
76 95
76 96
76 97
76 98
77 78
77 79
77 80
77 81
77 82
77 85
77 88
77 90
77 91
77 92
77 93
77 94
77 95
77 96
77 97
77 98
77 99
78 79
78 80
78 81
78 82
78 84
78 88
78 89
78 90
78 92
78 93
78 94
78 95
78 96
78 97
78 98
78 99
78 100
79 80
79 81
79 83
79 84
79 85
79 86
79 87
79 88
79 91
79 94
79 95
79 97
79 98
79 99
80 81
80 82
80 83
80 84
80 85
80 89
80 90
80 91
80 92
80 93
80 94
80 95
80 97
80 99
80 100
81 82
81 87
81 88
81 89
81 90
81 92
81 93
81 94
81 95
81 96
81 98
81 99
82 83
82 85
82 86
82 87
82 88
82 89
82 90
82 91
82 92
82 93
82 94
82 95
82 96
82 97
82 98
83 84
83 85
83 86
83 87
83 88
83 89
83 90
83 92
83 93
83 94
83 95
83 96
83 97
83 100
84 87
84 88
84 89
84 90
84 91
84 92
84 93
84 94
84 95
84 96
84 97
84 99
84 100
85 87
85 88
85 89
85 90
85 91
85 92
85 93
85 95
85 96
85 97
85 100
86 88
86 90
86 92
86 93
86 94
86 95
86 96
86 98
86 99
86 100
87 88
87 91
87 93
87 94
87 95
87 96
87 97
87 98
87 99
87 100
88 92
88 93
88 94
88 95
88 96
88 98
88 99
88 100
89 91
89 93
89 95
89 96
89 97
89 99
89 100
90 91
90 92
90 93
90 94
90 95
90 96
90 98
90 99
90 100
91 92
91 93
91 94
91 95
91 97
91 98
92 93
92 95
92 96
92 97
92 98
93 94
93 95
93 98
94 95
94 98
94 99
94 100
95 96
95 98
95 100
96 97
96 98
96 99
97 98
97 99
97 100
98 99
98 100
