100 20
1 0 0 0 1 0 0 1 0 1 0 0 0 0 1 0 0 0 0 0 
0 0 0 0 0 0 0 0 0 0 0 0 0 0 0 0 0 0 0 0 
0 0 0 0 0 0 0 0 0 0 0 0 0 0 0 0 0 0 0 0 
0 1 0 0 1 1 0 1 0 0 0 0 0 0 0 0 0 0 0 0 
0 0 0 0 0 0 0 0 0 0 0 1 0 0 0 0 0 0 0 0 
0 0 1 0 0 0 0 0 0 0 0 0 0 0 0 0 0 0 0 0 
0 0 0 0 1 0 0 0 0 0 0 1 0 0 0 0 1 0 0 0 
0 0 0 0 0 0 0 0 0 0 0 0 1 1 0 0 0 0 0 0 
0 1 0 0 0 0 0 0 0 0 0 0 0 0 0 1 1 0 1 0 
0 0 0 0 0 0 1 0 0 1 0 1 1 0 0 0 0 0 1 0 
0 0 0 1 0 0 0 0 0 0 0 1 0 0 1 1 0 0 0 1 
0 0 0 0 1 0 0 0 0 0 0 0 0 1 0 0 0 0 0 0 
0 0 0 0 0 0 0 0 1 0 0 1 0 1 0 0 0 0 0 0 
0 0 1 1 1 0 0 0 0 0 0 0 0 0 0 0 0 1 0 1 
0 0 0 0 0 0 0 0 0 1 0 0 0 0 0 0 1 0 1 0 
1 0 1 0 0 0 1 0 1 0 1 0 0 0 0 0 0 0 0 0 
0 0 0 0 1 0 0 0 1 0 0 0 0 0 0 0 0 0 0 0 
0 0 0 0 0 1 0 0 0 0 1 0 0 0 0 0 0 0 0 0 
0 1 0 0 0 0 1 0 0 0 1 0 0 0 0 0 0 0 0 0 
0 0 0 1 0 0 0 0 1 1 0 0 0 0 0 0 0 0 0 0 
0 0 0 0 0 0 0 0 0 0 0 0 0 0 0 0 0 0 0 0 
1 0 0 0 0 0 1 0 0 0 0 1 0 0 0 0 1 0 0 0 
0 0 0 1 1 0 1 0 0 0 0 0 0 0 0 0 0 0 0 1 
0 1 1 0 0 0 0 0 0 1 0 0 0 1 0 0 0 0 1 0 
0 0 0 0 1 0 0 0 0 0 1 0 0 0 0 0 0 1 1 1 
0 0 0 0 0 0 1 0 0 0 0 0 0 1 0 0 0 0 0 0 
0 0 0 0 1 1 0 0 0 1 1 0 1 0 0 0 0 0 0 0 
0 0 0 0 0 0 1 0 0 0 1 0 1 1 0 0 0 1 0 0 
0 0 0 0 0 0 0 1 0 0 0 1 0 0 1 1 1 0 0 0 
0 1 0 0 1 0 1 0 0 0 1 0 0 0 0 0 0 0 0 0 
0 0 0 0 0 0 0 1 0 0 0 1 0 1 0 0 0 1 0 0 
0 0 0 0 0 1 0 0 0 1 0 0 0 0 0 0 0 0 1 0 
0 0 1 0 0 0 1 0 1 0 1 0 0 1 0 0 0 0 0 0 
1 0 0 0 0 0 0 0 0 0 0 1 0 0 0 0 0 0 0 0 
0 0 0 0 0 0 0 0 0 0 0 0 0 0 0 0 0 0 0 0 
0 0 0 0 1 0 0 0 1 0 1 0 0 0 0 0 0 1 0 1 
0 1 1 0 0 0 0 0 0 0 0 0 0 0 0 1 0 0 0 0 
0 0 0 0 0 0 0 0 0 0 0 1 0 0 0 0 1 0 0 0 
1 0 0 0 0 0 0 0 0 0 0 0 0 0 0 0 1 0 0 0 
0 0 0 0 1 0 0 0 1 0 0 0 0 0 0 0 0 0 0 1 
0 0 0 0 0 0 0 0 0 0 0 0 0 0 1 0 0 0 0 0 
1 0 0 0 0 0 0 1 1 0 0 0 0 0 0 0 0 0 1 1 
0 1 0 1 0 0 0 1 1 0 0 0 0 1 0 0 0 0 0 0 
0 0 0 0 0 0 0 0 0 0 0 0 0 0 0 0 0 0 0 0 
0 0 0 0 0 0 0 0 0 1 0 0 0 1 1 1 1 0 0 0 
1 0 0 0 0 0 0 0 0 1 0 0 0 0 0 0 0 0 0 1 
0 0 0 1 0 0 0 0 0 0 0 0 0 0 0 0 0 0 1 0 
0 0 0 0 1 0 0 0 1 0 0 0 0 0 0 0 0 0 0 0 
0 0 1 0 0 1 0 0 0 1 0 0 0 1 0 1 0 0 0 0 
0 0 0 1 0 0 0 1 0 0 0 0 0 0 1 0 0 0 0 0 
1 1 0 0 0 0 0 0 1 0 0 0 0 0 0 0 1 0 1 0 
0 0 1 0 0 0 0 0 0 1 0 0 1 0 0 0 0 1 1 0 
0 0 0 0 0 0 0 0 0 0 1 0 1 0 0 0 0 0 1 1 
0 0 0 0 0 0 0 0 1 0 0 1 0 0 0 1 1 0 1 0 
0 0 1 0 0 0 0 0 0 0 0 0 1 0 1 0 0 0 0 0 
0 0 1 0 0 0 1 0 1 0 0 0 0 0 0 0 0 0 0 0 
0 0 0 0 0 0 0 0 0 0 0 0 0 1 0 1 0 0 0 0 
0 0 1 0 0 0 0 0 0 0 0 0 0 0 0 0 0 0 0 0 
0 0 0 0 0 0 0 0 0 0 0 0 0 0 0 0 0 0 0 0 
0 0 0 0 0 0 0 0 0 0 0 0 0 0 0 0 0 0 0 0 
0 1 1 0 0 0 0 0 0 0 0 1 0 0 0 0 0 0 1 1 
1 0 0 0 0 0 0 0 0 1 0 0 1 0 0 1 1 0 0 0 
0 0 0 1 0 0 0 0 0 1 0 0 0 0 0 0 0 0 0 0 
0 1 0 1 0 0 0 0 1 1 0 0 0 0 0 1 0 0 0 0 
0 0 1 0 0 1 1 0 1 0 0 0 0 0 0 0 0 0 0 0 
0 0 0 0 0 0 0 0 0 1 0 0 1 0 0 0 0 1 0 0 
0 0 0 0 0 0 0 0 0 0 0 0 0 0 0 0 0 0 0 0 
0 0 0 0 0 1 0 0 1 1 0 0 1 0 0 0 1 0 0 0 
0 0 0 0 0 0 0 0 0 0 0 0 0 0 1 0 0 0 0 0 
0 1 0 0 0 0 0 0 0 0 0 0 0 0 0 0 0 0 0 0 
1 0 0 0 0 1 0 0 0 0 0 0 0 0 0 0 0 0 0 0 
0 0 0 1 0 0 0 0 0 0 0 0 0 1 0 0 1 0 0 1 
0 0 0 0 0 0 0 0 0 1 0 0 0 0 0 0 0 0 0 0 
0 0 0 0 0 0 0 0 0 0 0 0 0 0 0 0 0 1 0 0 
0 0 0 0 0 0 0 0 0 0 0 0 0 0 0 0 0 0 0 0 
0 0 0 0 0 0 0 0 0 0 0 0 0 1 0 0 0 0 0 0 
0 0 0 0 0 1 1 0 1 0 0 0 0 0 0 0 1 1 0 0 
0 1 0 0 0 0 0 0 0 0 0 0 0 0 1 1 1 0 0 0 
0 0 0 0 0 0 1 0 0 0 0 0 0 0 0 0 0 0 0 0 
0 0 0 0 0 1 0 0 1 0 0 0 1 1 0 1 0 0 0 0 
0 0 0 0 0 1 0 0 0 0 0 0 0 1 0 0 0 0 0 0 
0 0 0 0 0 0 0 0 0 0 0 0 0 0 0 0 0 0 0 0 
0 0 0 0 0 0 0 0 0 0 0 0 0 0 0 0 0 0 1 0 
0 0 0 0 0 0 0 0 0 0 0 0 0 0 0 0 0 0 0 0 
0 1 1 0 1 0 0 0 0 0 0 0 0 0 0 0 1 0 0 0 
0 1 0 0 0 0 0 0 0 0 0 0 0 0 0 0 0 0 0 0 
0 0 0 0 0 0 1 0 0 0 1 0 0 1 0 0 0 0 0 0 
0 0 0 0 0 0 0 0 0 0 0 0 1 0 0 0 0 0 0 1 
0 0 0 0 1 0 0 0 0 0 0 0 0 1 1 0 0 0 0 0 
0 0 0 0 0 1 0 0 0 1 0 0 0 0 0 0 0 0 0 0 
0 0 1 0 0 0 0 0 1 0 0 0 0 1 1 0 0 0 0 0 
0 0 0 0 0 1 0 1 0 0 0 0 0 0 0 0 0 0 0 0 
0 0 0 0 0 0 0 0 0 0 0 0 0 0 0 0 0 0 0 0 
0 0 1 0 1 1 0 0 0 0 0 0 0 0 1 0 0 1 0 0 
0 0 0 0 0 0 0 0 0 0 0 0 0 0 0 0 0 0 0 0 
0 0 0 0 0 0 0 0 0 0 0 0 1 0 0 0 0 0 0 1 
0 0 0 0 0 0 0 0 0 0 1 0 0 0 0 0 0 0 0 0 
0 0 0 1 0 0 0 0 0 0 1 0 0 1 0 0 0 1 1 0 
1 0 1 0 0 1 0 0 0 0 0 0 1 0 0 0 0 0 0 0 
0 0 1 1 0 1 0 1 0 0 0 0 0 0 0 0 0 0 0 1 
5 4
13 2
2 4
13 6
14 6
12 13
3 3
7 5
1 8
1 14
15 11
11 16
14 12
1 17
8 6
11 1
15 16
5 20
6 17
15 19
3 12
7 19
14 12
5 19
5 20
13 1
8 1
7 11
18 11
16 17
8 4
19 5
10 3
7 6
8 18
15 6
8 10
9 4
1 3
3 4
17 18
2 16
6 5
1 3
17 11
7 12
12 12
8 14
1 11
5 9
4 1
12 3
10 1
14 19
19 6
8 18
1 19
20 4
1 18
5 18
9 14
8 2
11 1
9 14
5 6
1 12
5 16
17 13
11 4
6 17
17 7
18 7
18 18
12 10
2 17
3 18
13 18
17 6
2 4
10 10
6 20
13 17
16 14
3 5
15 15
13 18
10 13
4 8
4 12
16 8
9 16
19 4
3 15
12 2
16 20
6 2
11 7
15 6
4 11
19 20
100
1 2
1 100
2 3
3 4
4 5
5 6
6 7
7 8
8 9
9 10
10 11
11 12
12 13
13 14
14 15
15 16
16 17
17 18
18 19
19 20
20 21
21 22
22 23
23 24
24 25
25 26
26 27
27 28
28 29
29 30
30 31
31 32
32 33
33 34
34 35
35 36
36 37
37 38
38 39
39 40
40 41
41 42
42 43
43 44
44 45
45 46
46 47
47 48
48 49
49 50
50 51
51 52
52 53
53 54
54 55
55 56
56 57
57 58
58 59
59 60
60 61
61 62
62 63
63 64
64 65
65 66
66 67
67 68
68 69
69 70
70 71
71 72
72 73
73 74
74 75
75 76
76 77
77 78
78 79
79 80
80 81
81 82
82 83
83 84
84 85
85 86
86 87
87 88
88 89
89 90
90 91
91 92
92 93
93 94
94 95
95 96
96 97
97 98
98 99
99 100
