99
1 65 64
1 64 61
1 61 47
1 47 41
1 41 29
1 29 24
1 24 12
1 12 9
1 9 1
1 78 74
1 74 63
1 63 53
1 53 46
1 46 36
1 36 35
1 35 33
1 33 28
1 28 19
1 19 4
1 4 1
1 82 72
1 72 49
1 49 40
1 40 27
1 27 22
1 22 21
1 21 7
1 7 1
1 91 84
1 84 69
1 69 66
1 66 48
1 48 45
1 45 15
1 15 1
1 92 89
1 89 67
1 67 59
1 59 55
1 55 54
1 54 51
1 51 34
1 34 5
1 5 1
1 94 93
1 93 79
1 79 62
1 62 56
1 56 50
1 50 32
1 32 20
1 20 16
1 16 13
1 13 6
1 6 1
1 96 86
1 86 85
1 85 83
1 83 77
1 77 73
1 73 14
1 14 2
1 2 1
1 98 97
1 97 95
1 95 87
1 87 81
1 81 76
1 76 71
1 71 42
1 42 38
1 38 30
1 30 8
1 8 1
1 99 88
1 88 68
1 68 58
1 58 57
1 57 52
1 52 43
1 43 37
1 37 31
1 31 26
1 26 25
1 25 23
1 23 11
1 11 3
1 3 1
1 1 10
1 10 17
1 17 18
1 18 39
1 39 44
1 44 60
1 60 70
1 70 75
1 75 80
1 80 90
1 90 100
100
178.04
