100 20
0 0 0 0 0 0 0 0 0 0 0 0 0 1 0 0 0 0 0 0 
0 0 0 0 0 0 0 0 1 0 0 0 0 0 0 0 0 0 0 0 
0 0 0 0 0 0 0 0 0 0 0 0 0 0 0 1 0 0 0 0 
0 0 0 0 0 0 0 0 0 0 0 0 0 0 0 0 1 0 0 0 
0 1 0 0 0 0 0 0 0 0 0 0 0 0 0 0 0 0 0 0 
0 0 0 0 1 0 0 0 0 0 0 0 0 0 0 0 0 0 0 0 
0 0 0 0 0 0 0 0 0 0 0 0 0 0 0 0 0 0 0 1 
0 0 0 0 0 0 0 0 0 1 0 0 0 0 0 0 0 0 0 0 
0 0 0 0 0 0 1 0 0 0 0 0 0 0 0 0 0 0 0 0 
0 0 0 0 0 0 0 1 0 0 0 0 0 0 0 0 0 0 0 0 
0 0 0 0 0 0 0 0 0 1 0 0 0 0 0 0 0 0 0 0 
0 0 0 0 0 0 0 0 1 0 0 0 0 0 0 0 0 0 0 0 
0 0 0 1 0 0 0 0 0 0 0 0 0 0 0 0 0 0 0 0 
0 0 0 0 0 0 0 0 0 0 0 0 0 0 0 0 0 0 1 0 
0 0 0 0 0 0 0 0 0 0 0 0 0 0 0 0 0 0 1 0 
1 0 0 0 0 0 0 0 0 0 0 0 0 0 0 0 0 0 0 0 
0 0 0 0 0 0 0 0 0 0 0 0 0 0 0 0 0 0 1 0 
0 0 0 1 0 0 0 0 0 0 0 0 0 0 0 0 0 0 0 0 
0 0 0 0 0 0 0 0 0 0 0 0 0 0 0 0 0 0 1 0 
0 0 0 0 0 0 0 0 0 0 1 0 0 0 0 0 0 0 0 0 
0 0 0 0 0 0 0 0 0 0 0 0 0 0 0 0 1 0 0 0 
0 0 0 0 0 0 0 0 1 0 0 0 0 0 0 0 0 0 0 0 
0 0 0 0 0 0 1 0 0 0 0 0 0 0 0 0 0 0 0 0 
0 0 0 0 0 0 0 0 0 0 0 0 0 0 0 1 0 0 0 0 
0 0 0 0 0 0 0 0 0 0 0 0 0 0 0 0 0 0 0 1 
0 0 0 0 0 0 0 0 0 0 0 0 0 0 0 0 0 1 0 0 
0 0 0 0 0 0 0 0 0 0 0 0 0 0 1 0 0 0 0 0 
0 0 0 0 0 0 0 0 0 0 0 0 0 0 0 0 0 0 1 0 
0 0 0 0 0 0 0 0 0 0 0 1 0 0 0 0 0 0 0 0 
0 0 0 0 0 0 0 0 0 0 0 0 0 0 0 0 0 1 0 0 
0 0 0 0 0 0 0 0 0 0 0 0 1 0 0 0 0 0 0 0 
0 0 0 0 0 0 0 0 0 0 0 0 0 0 0 0 1 0 0 0 
0 0 0 0 0 0 0 0 0 0 0 0 0 0 0 0 0 0 1 0 
0 0 0 0 0 1 0 0 0 0 0 0 0 0 0 0 0 0 0 0 
0 0 0 0 1 0 0 0 0 0 0 0 0 0 0 0 0 0 0 0 
0 0 0 0 0 0 0 1 0 0 0 0 0 0 0 0 0 0 0 0 
0 0 0 0 0 0 1 0 0 0 0 0 0 0 0 0 0 0 0 0 
0 0 0 0 0 0 0 0 0 0 0 0 0 0 0 0 1 0 0 0 
0 0 0 0 0 0 0 0 0 0 1 0 0 0 0 0 0 0 0 0 
0 0 0 0 0 0 0 0 1 0 0 0 0 0 0 0 0 0 0 0 
0 0 0 0 0 0 0 0 0 0 0 0 0 0 0 0 0 0 0 1 
0 0 0 0 0 0 0 0 0 0 0 0 0 1 0 0 0 0 0 0 
0 0 0 0 0 0 0 0 0 0 0 1 0 0 0 0 0 0 0 0 
0 0 0 0 0 0 0 0 0 0 0 0 0 0 0 0 0 1 0 0 
0 0 0 0 0 0 0 0 0 0 0 1 0 0 0 0 0 0 0 0 
0 0 0 0 0 0 0 0 0 1 0 0 0 0 0 0 0 0 0 0 
0 0 0 0 1 0 0 0 0 0 0 0 0 0 0 0 0 0 0 0 
0 0 0 0 0 0 0 1 0 0 0 0 0 0 0 0 0 0 0 0 
0 0 0 0 0 0 0 0 1 0 0 0 0 0 0 0 0 0 0 0 
0 0 0 0 0 0 0 0 0 0 0 0 0 0 1 0 0 0 0 0 
0 0 0 0 0 0 0 0 0 0 0 0 0 0 0 0 0 1 0 0 
0 1 0 0 0 0 0 0 0 0 0 0 0 0 0 0 0 0 0 0 
0 1 0 0 0 0 0 0 0 0 0 0 0 0 0 0 0 0 0 0 
0 0 0 0 0 0 0 0 0 1 0 0 0 0 0 0 0 0 0 0 
0 0 0 0 0 0 0 0 0 0 0 0 0 0 0 0 0 0 0 1 
0 0 0 0 0 0 0 0 0 0 0 0 0 0 0 0 0 0 0 1 
0 0 0 0 0 1 0 0 0 0 0 0 0 0 0 0 0 0 0 0 
0 1 0 0 0 0 0 0 0 0 0 0 0 0 0 0 0 0 0 0 
0 0 0 1 0 0 0 0 0 0 0 0 0 0 0 0 0 0 0 0 
0 0 0 0 0 0 0 0 0 0 0 0 0 0 0 1 0 0 0 0 
0 0 0 0 0 0 0 0 0 0 0 0 0 0 0 1 0 0 0 0 
0 0 0 0 0 0 0 0 0 0 1 0 0 0 0 0 0 0 0 0 
0 0 0 0 0 0 0 0 0 0 0 0 0 0 0 0 0 1 0 0 
0 0 0 0 0 0 0 0 0 0 0 0 1 0 0 0 0 0 0 0 
0 0 0 0 0 0 0 0 0 0 0 0 0 1 0 0 0 0 0 0 
0 0 0 0 0 0 0 0 0 0 0 0 0 0 0 1 0 0 0 0 
0 0 0 0 0 0 0 0 0 0 1 0 0 0 0 0 0 0 0 0 
0 0 0 0 0 0 0 0 0 0 1 0 0 0 0 0 0 0 0 0 
0 0 0 0 0 1 0 0 0 0 0 0 0 0 0 0 0 0 0 0 
1 0 0 0 0 0 0 0 0 0 0 0 0 0 0 0 0 0 0 0 
0 0 0 0 0 0 0 0 0 0 0 0 0 0 0 0 0 0 1 0 
0 0 0 0 0 0 0 0 1 0 0 0 0 0 0 0 0 0 0 0 
0 0 0 0 0 0 0 1 0 0 0 0 0 0 0 0 0 0 0 0 
0 0 0 0 0 0 0 0 1 0 0 0 0 0 0 0 0 0 0 0 
0 0 0 0 0 0 0 0 0 0 0 0 0 0 0 0 0 0 0 1 
0 0 0 0 0 0 0 0 0 0 1 0 0 0 0 0 0 0 0 0 
0 0 0 0 0 0 0 0 0 0 0 0 1 0 0 0 0 0 0 0 
0 0 0 0 1 0 0 0 0 0 0 0 0 0 0 0 0 0 0 0 
0 0 0 0 1 0 0 0 0 0 0 0 0 0 0 0 0 0 0 0 
0 0 0 0 0 0 0 0 0 0 0 1 0 0 0 0 0 0 0 0 
0 0 0 0 0 0 0 0 1 0 0 0 0 0 0 0 0 0 0 0 
0 0 0 0 0 0 1 0 0 0 0 0 0 0 0 0 0 0 0 0 
0 0 0 0 0 0 1 0 0 0 0 0 0 0 0 0 0 0 0 0 
0 0 0 0 0 0 0 0 1 0 0 0 0 0 0 0 0 0 0 0 
0 0 0 0 0 1 0 0 0 0 0 0 0 0 0 0 0 0 0 0 
0 0 0 0 0 0 0 1 0 0 0 0 0 0 0 0 0 0 0 0 
0 0 0 0 0 0 0 0 0 0 0 0 0 0 0 0 0 0 0 1 
0 0 0 0 0 0 0 0 0 0 0 1 0 0 0 0 0 0 0 0 
0 0 0 0 0 0 0 0 0 0 1 0 0 0 0 0 0 0 0 0 
0 0 0 0 0 0 1 0 0 0 0 0 0 0 0 0 0 0 0 0 
0 0 0 0 0 0 0 0 0 0 1 0 0 0 0 0 0 0 0 0 
0 0 0 0 0 1 0 0 0 0 0 0 0 0 0 0 0 0 0 0 
0 0 0 0 0 0 0 0 0 0 0 0 0 0 1 0 0 0 0 0 
0 0 0 1 0 0 0 0 0 0 0 0 0 0 0 0 0 0 0 0 
0 0 0 0 0 0 0 0 0 0 0 0 0 0 0 0 1 0 0 0 
0 0 0 0 0 0 0 0 0 0 0 0 0 0 0 0 1 0 0 0 
0 0 0 0 0 0 0 0 0 0 0 0 0 0 1 0 0 0 0 0 
0 1 0 0 0 0 0 0 0 0 0 0 0 0 0 0 0 0 0 0 
0 0 0 0 0 0 0 0 0 0 0 0 0 0 0 1 0 0 0 0 
0 0 1 0 0 0 0 0 0 0 0 0 0 0 0 0 0 0 0 0 
20 3
5 1
16 18
17 1
5 5
18 16
6 10
12 9
15 5
7 16
12 11
5 20
20 16
19 8
6 15
19 17
1 13
7 3
18 14
12 16
10 6
10 9
20 8
15 11
9 15
18 13
11 19
9 17
11 3
4 20
2 14
8 10
14 14
12 13
16 7
3 1
17 2
18 8
1 6
7 2
3 3
7 12
11 16
16 4
4 12
13 16
18 13
2 8
2 13
3 9
11 10
5 20
14 12
15 2
5 4
1 5
9 18
14 3
19 3
14 10
19 16
11 19
4 16
2 6
19 4
8 2
7 11
10 1
16 4
12 15
3 1
12 16
10 11
15 3
17 11
16 13
15 3
14 9
16 1
6 4
3 20
8 4
8 5
10 9
9 19
1 20
8 14
1 8
7 12
3 5
3 9
17 14
10 9
4 6
12 11
20 7
3 16
5 19
6 4
2 18
379
1 5
1 12
1 23
1 24
1 42
1 67
1 73
1 78
1 79
2 8
2 11
2 40
2 42
2 56
2 60
2 72
2 90
2 98
3 11
3 16
3 22
3 30
3 32
3 57
3 83
3 85
3 89
3 93
4 40
4 46
4 92
4 95
5 22
5 26
5 36
5 38
5 47
5 71
5 82
6 14
6 24
6 42
6 47
6 49
6 52
6 60
6 66
6 69
7 19
7 39
7 44
7 52
7 56
7 100
8 11
8 27
8 34
8 47
8 48
8 51
8 62
8 66
8 69
8 95
9 12
9 13
9 16
9 67
9 81
9 84
9 85
10 32
10 34
10 42
10 50
10 54
10 62
10 71
10 74
10 95
11 46
11 72
11 89
11 97
11 100
12 13
12 14
12 38
12 61
12 62
12 66
13 28
13 53
13 55
13 82
13 93
14 30
14 40
14 60
14 65
14 67
15 25
15 35
15 53
15 58
15 90
16 19
16 60
16 68
16 94
17 41
17 43
17 64
17 74
17 81
17 92
18 82
18 92
19 32
19 38
19 66
19 94
20 23
20 26
20 44
20 66
20 78
20 80
20 84
20 99
21 25
21 33
21 68
21 70
21 79
21 94
21 95
22 48
22 52
22 74
22 95
23 31
23 32
23 33
23 49
23 52
23 53
23 59
23 80
23 87
24 25
24 46
24 70
24 76
24 97
24 98
25 48
25 49
25 50
25 57
25 68
25 86
25 91
25 99
26 35
26 47
26 55
26 69
26 72
26 97
26 99
26 100
27 50
27 79
27 99
28 36
28 55
28 59
28 66
28 75
28 89
28 92
28 96
29 55
29 65
29 94
30 40
30 44
30 57
30 77
31 36
31 53
31 60
31 80
31 84
31 99
32 34
32 40
32 65
32 87
32 90
32 94
32 97
33 53
33 55
33 76
33 78
33 87
34 45
34 46
34 49
34 60
34 71
34 73
34 81
34 83
34 88
35 45
35 70
35 75
35 97
35 99
36 49
36 74
36 88
36 94
37 50
37 62
37 76
37 82
38 46
38 100
39 41
39 47
39 68
39 69
39 92
40 60
40 67
40 72
40 92
41 50
41 54
41 60
41 67
41 79
41 80
41 91
42 45
42 60
42 71
42 73
42 80
42 81
43 64
43 75
43 76
43 82
44 46
44 50
44 69
44 72
44 90
45 65
45 96
46 53
46 54
46 65
46 76
46 81
46 86
47 62
47 77
47 99
48 63
48 74
48 84
48 86
48 99
49 61
49 90
50 55
50 58
50 78
50 82
50 89
51 72
51 78
51 91
51 92
51 98
52 56
52 59
52 74
52 78
52 82
52 90
53 54
53 66
53 78
53 85
53 87
53 88
54 69
54 93
55 75
55 83
55 89
55 91
55 99
56 57
56 63
56 91
57 58
57 87
57 95
58 85
58 86
58 87
58 88
59 90
59 92
59 97
60 68
60 70
60 71
60 86
60 93
61 79
61 80
61 86
62 70
62 73
62 74
62 86
63 74
64 87
64 89
65 79
66 68
67 80
67 90
67 99
68 70
68 83
69 75
70 71
70 73
70 77
70 78
72 86
72 87
74 79
75 78
75 96
76 80
76 81
76 94
76 95
77 82
78 82
78 90
78 94
79 86
79 91
79 99
81 87
81 90
82 98
83 85
83 86
83 87
83 96
87 97
88 99
90 100
94 95
94 98
96 97
