10 20
  94  93  48  47  30  81  94  37  47  90  99  34  73  31  13  83  75  84  96  11
  73  11  84  90   6  37  53  25  65  34   5   7  89  73 100  19   3  40  96  93
  45  29  92  62   4  57  78  37  67  71  23  14  57  32  71   5  88 100  37  14
  92  56  84  30  89  36  62   6  93  62  22  24  81  87  34  95  78   8  91  23
  27  93  40  35  34  39  19  66  34  56  57  41 100  33  74 100  90  49   3  45
  16  23  93  24  66  11  94  71  25  10  15  59  68  15   7  50  28  44  24  46
  50  24  46  61  99  99  91  85  76  24  20   5  55  21  33  96  52  43  19  11
  85  59  69  17  96  47   8  71  27  80  84  28  81  19  15  12  12  63   2  14
  22  17  35  88  56  73  67  51  28  19  32  17  14  21  21  28   4  43  54  40
  86  98 100 100  12  50  50  12  78  98  28  70  90  31  99  28  30  17  20   5
5
4 4
10 20
1 1
10 1
1 20
