99 99
  63  23  91  61  70  97  28  87  69 103  77  92  77  80  44  82  73  40  90  20  42  60  99  65  45  47 102  81  28  42  50 106  47  92  71 108  91 100  39  52  11  14  52  63  92  41 100  68  34  77  53  34  17  97  22  53  75  52  53  24 100  49  71  44  54  33  77  13  54  82  65  96  64  84  22  13 109  72 108  46  86  14  48  86  55 103  77  54  12  85  15  64  94  17  68  34  69  53  82
  36  93  94  97  57  57  41  66  16  47  62  58  40  88  37  45 108  50  44  38  17  34  28  34  28  67  26  86  85  77  68 101  29  16  68  37  42  69  71  49  97  55  35  99  96 102  39  52  26  76  71  91  60  73  21  48  83 106  92  33  28  65 100  85  44  10  21 105  31  33  18  27  21 106  46  49  79  90  24  15  64  82  15  35  73  10  62  81  44  22  60  82  12  22  80  27  24  37  51
  32  73  30  82  47 101 100  83  85  73  18 100  20  38  93  93  86  14  78 105  49  73  54  12  70 109  39  47  56  11  35  41  66  87  95  24  41  95  63  68  52  85  50  85  94  62  10 102  71  13  64  65  54  74  66  59  97 108 107  47  42  40  20  56  66  63  13  60  34 107  50  54  58  41  54 105  98  43  14  24  33  71 104  12  90  98  51  47  27  22  19  35  94  41  84  42 108  60  24
  66  36  84  40  29  74  86 100  92  38  87  59  23  28  57  85  75  37  42  25  54  91  82  70  72  60  41  96  30  78  10  14  74  50  20  39  12  36  89  59  87  55  90  77  44  28  11  48  41  68  47  35  92  80  39  57  29  26  62 101  32  82  12  26  74  65  55  81  56  45  34 102  40  30  48  76  17  17  44  84  54  41  99  52 104  52  65  77  82  19  20  19  45  34  38  51  16  62  73
  25  46  63  31 103 106  85  50  42  55  93  38  37  17 106  31  72  67  27  54  31  18 103  27  50  48  65  28  32 105 108 104  56 100  19 106  39  51  77  80  35  53  70  44 100  89 101  20  22  90  90  18  20  30  82  92  69 101  22  96  66 106  62  22  89  68 106 107  84  46 107  20  95  88  74  84  20  89  53  88  50  16  91  89  46  19 100  16  26  49  61  21 100  39  68  48  62  36  78
 102  19  72  11  43  35  22  45  49  94  92  77 104  36  20  44  22  13  94  38  98  50  19  57  57  30  86  65  49  40  19  57  81  24  15  66  22  47  97  40 102  71  32  79  82  83  10  24  89  28  71  17  30  44  21  96  26 108  82  75  33  17  66  27  51  79  73  88  22  98  40  27  76  54  99  54  79  22  26  73  85  97  76  99 103  91  48  80  21  36  24  13  59  10  60  35  42  68  48
  32 104  33  60  89  73  92  44  84 100  10  42  97  25  31  40  81 100  48  76  23 105  65  64  81  28  67  16  96 104  76  52  91  26  73  50  24  67  92  74  42  93  31  65  65  42  38 104 103 100  49  61  55  11 101  14  72  86  58  82  83 106  89 103  99  38  15  83  42 102 107  52  89  54  96  34  11  91  32  15  43  77 104  47  18  43 101  42  66  25  82  37  40  38  96  29  27  89  33
  17  68  91  45 102  75  22  40  20  32  49  26  30  15 103 101  56  71  75  71  75  33  84  65  96  69  11  84  64  86  21  78  93  43  18  66 103  41  83  27  29  90  10  36  12  77  42 103  96  85  52  71  96  33  45  59 105  40  55  46  51  27  72  77  35  20  39  77  95  15  67  49  99  10  90  77  32  22  54  52  55  44  88  13  48  14  36  40  43  85  21  75  41  38  76  33  47  65  78
  43  74  15  50  20  99  83  26  69  70  84  96  65 108  49  69  58  32  12  31  16  21 101  81  63  90  48  60  28  18  61  29  75  92  46  52  85  32  61  74  31  13  37  18  33 107  13  49  22 104  54  49  16  85  49  26 107  66  24  48  17  21 104  60  38  62 106  42  13  36  63  10  84  56  91  68  29  93  64  54  68  80  56  53  98  12  54  69 105  42  73  61  34  10 102 104  50  54  79
  29 100  79  71  33  53 101  98  87  98  85  44  80  15  34  21  53  49  11 104  41  54  99  39  11  89  22  79  69  78  94  38  71  70  62  30  58  61  59  48  13  64  87 107  94  31  97  43 104  78  27  54  95  55  27 107  10  68  77  74  31  41  67  48  71  71  20  52  25  35  47  69  77  26  86  25  31  37  57 105 106  23  35  19 104  11  24 102  62  36  78  39  36  10  17  59  77  79  21
 109  90 102  93  30 107  61  51  80  99 104  63  79 104  48  44  81  61  25  93  84  67  30  10  38 102 109  45  13  81  97  64  40  33  91  31  38  28  22  33  71  76  56  17  24  89  45  95  85  80 101  49  57  22  68  42  52  16  11 108  40  21  55  82  48  52  34 101  39  56  39  69  10 107  68  84  91  97  31  64  41  94  47  12  60  18  42  26  75  36  42  23  59  82 107  42  98  66  63
  53  18 105  16  75  23  12  66  82  18 108  49  55  21  58  70 109  74  40  22  96  16  89  80  64  79  92  37  42  21  14  12  45 100  86  37  53  49  79  29  90  33  50  70  11  64  47  81  78  18  71  53  68  95  74  53  64  97  25  52  13  12  57  16  43  47 102  62  85  44  65  85  44  54  95  91 104  70  54  91  62  48  87  57  42  51  59  42  12  99 101  88  19  28  73  12  18  63  52
  25  37  76  99  18  38  85  60  36  39 105  95  12  14  63  61  35 100  32  84  79  55  61  86 108  58  93  63  40  52  89  32  39  59  26  82  58  23  22 107  55  54  99 105  59  93  97  60  61 109 103  57  47  99  48  88  98  58  93  48  38  33 105  32  93  83  91  81  91 108  50  44  24  22  45  40  48  66  28  47  88  16  43  58  82 108  13  64  76  84  78  68  50  58  31  37  53  22  82
  37  53  61  40  25  48  45 102  76  97  10  67  81  44  53  44  37  70 102  98  14  81  30  64  85  19  31  25  29  60  75  22  60  30 106  56  47  55  61  90  10  24 106  69  15  35  33  12  14  50  60  35  85  83  25  29  80  88  64  86  83  33  21  52  30  62  27  49  55 103  40  96  58  51  46  27  99  42  52  68  80  11  19  46  68  76  29  16  56 106  77  51  72  67  24  22  97  41  63
  58  38  74  84  69  57  99  30  70  75  23  90  48  95  95  73  40 100  80  36  32  33  20  98  94  61  33  29 101  83 107  14  14  30  78  28  24  63  93  62  70  84  15  10  99  90  94  74  15  63  45  74  48  54  78  61  31  14  80  66  68  79  54  35  34  11  51  40  38  56  58  58  36  60  27  57  84  67  54  34  61  83  45 102  99  83  34  11  17  87  33  44  18  46  28  40  27 105  55
  22  53  32  21  41  17  34  49  57  80  98  70  18  53  35  80  12  84 102  39  99  43  33  93  60  61  16  26 101  89  84  81 106  77  11  10  39 100  30  45  23  79  24  90  54  59  36  78  28  66  15  48  83  43 101  38  90  19  92  97  48 105  63  43  60  78  29  55  91  12  71  56  47  84  58  14  25  33  49  93  10  73  45  16  30  86  34  23  93  30  46  39  69  51 103  84  83  92  47
  88  42  19  71 100 106  16  83  91  72  19  82 105  48  96  36 101  15  85  70  78  13  44  20 105 108  89 109  73 107  16  43  43  47  25  43  71  59 106  51  25  94  51  91  23  65  90  53  61  20  87  44  11  75  26  29  98  68  73  35 106  98  13  17  53  65  74  92  40  48 103  86  68  49  51  73  79  19  75  80  59  35  82  85 106  87  56  54  72  11  45  76 104  52 109  89  56  67  49
  21  54  97  68  81  28  51  30  74  35  97  33  22  54  58  96  17  24  41  27  51  34  55  35  75  16 100  95  98  89  29  73  27  39  14  75 101  60  72  90  84  76  22  14 104  12  95  97  61 102  10  46  43  41  77  64  20  18 106  26 106  91  36 105 103  93  90  14  79  73  43  18  37  17  49  27  72  97  60  89  31  55  52  35  24 104  10  41  43  11  67  19  92 104  80  46  36  94  98
  89  20  28  53  95  15  97  65  50  92  77  74  18  39  72 105  29  59  82  48  63  22  23  10  59  57  70  62  36  10  97  93  17  99  36  46  88  42  83  92  21  49  19  67  67  90  21  93  77  84  88  40  19  81  10  98  91  24  33  89  53 104  31  15  30  61  60  28  53  91  69  82  44  51  93  74  58  85  44  20  43 102  87  93  84  89  52  27  26  34  40  79  13  91 102  85  72  21  15
  60  37  77  73  21  88  25  71  42  54  22  63  75 105  92  94  74  23  60  58  22  39  48  36  54  73  40  96 108 105  66  68  61  74  63  42  28  84  16  27  23  56  91  74  28  55  97  76 105  91  53  62  44  70  49  72  46  29  17  70  70 101  51  37 109  87  55  50  55  29  93  33  77 103  80  50  33  97  34  51  68  32  72  26  87  21  40  97  94  15  80  63  42  48 103  90  38  91 106
  95  86  81  44  68  72  74  72  40  26  53  90  91 103  77  69  37  77  59  43  63  47 104  85  86  77  49  18  50  42  87  13 103  39  66  76 107  86  87  43  72  27  55  22  17 104  49  38 109  72  16 101  24  58 109  82  30  11  18  64  88  71  66  20  27  64  72  17  32 101 101  69  48  38  53  57 102  29  58  20  83  63  86  79  36  91  82  18  61  61  87  78  30  34 108  14  46  43  50
  18  22 109  10  15  47  43 106  92  72  88 104 102  27  75  30  60  53  15  14  32  21  29  98  67  50  98  83  30  66  94  17  45  60  11  49  47  27  11  93  95 103  52  76  13  34  66  69  47  36  11  34  62  31 100  11  10  76  85  49  47  19  63  54  90  30  13  95  24  18  92 103 105  22  49  50  31  25  25  92  67  43  64  11  39  85  40  97  54  88  79  53  88  63  33 104  61  17  30
  58  99  31  19  40  29  11  65  96  78  47  75  51  62  35  67  53  91  56  99  43  19  15  19  31  23  85  17  77  88 109  86  93  22  51 109  22  47  99  43  67  21  74  71  59  99  77  24 106  38  93 109  48  93  39 102  10  67  95  63  45  21  94  11  91  39  40  60  82 107  71  86 109  72 105 103  98  63  31  43  58 100  22  87  27  35  94  85 103  81  32  51  44  32  63  44  81  90  38
  54  67  30  59  52  57  90  68  90  11  59  65  42  33  89  46  29 109  75  65  79  14  69  62  93  76  11 107  31  34 109  59  56  35 104  51  59  33  77  16  88 106  13  45  46  95  13  42  18  36  14  90  58  36  83  76  34 104  68  19  27  59  29  97  13  63  89  83  82  50  83  29  83  53  73  41  90  47  75  65  17  65  20  55  48  51  19  92  53  58  37  95  94 103  75  18  55  38  17
  45  52 109 100  12  95  90 104  24  13  32  76  49  72  66  34 102  37  30  18  55  61  31  67  31 101  52  69  69  96  64  87  77  62 100  68 100  76  16  93  66  64  31 108 100  13  23  68  21  70  31  67  36 102  79  32  24  26  34  27  70  31  56  70  72  58 102  71  52  12  94  47  40 100  65  61 105  52  36 102  55  48 105  97  33  53  23  24  76  55  12  62  21  39  46 109  73  49  85
  39  53  20  54  95  22  85  92  20  24  84  18  88  99  32  89  88  70  22  49  56  86  80  91  82  97  81  78  13  75  96 105  48  17  52  87  85  89  92  11  66  96  88  94  48  99  39  10  60  98  53 106  60  57 104  14  88  47 102  12  66  25  23 109  17  83  91  48  83  19 100  61  73  35  23 106  72  53  46  84  82  96  20 106  91  94  35  62  80 101  28  20  19  23 108  33  12  16  54
  60  79  93  98  17  13  33  34  10  25 109  85  16  68  66  32  27  21 103  89  58  50  62  70  90  95  17  90 101  43 109  90 105  82  92  81  96  51  56  46  73  38  69  49 102  76  40  29  11  44  91  92  61  87  13  20  21  87 109  64  27  69  81  82  31  21  99  52  51  49  51  69  80  15  85  86  23  10  75  84  62  76  67  75  71  75 109  55  30  57  52  82  15  89  77  43  53  44  99
  23  78  64  37  95  27  28  61 103  53  18  54 105  51  50  41  79  26  94  87  31  46  40  52  55  55  51  70  23  45  23  79  13 108  46  11  98  26  21  52  65  52  97  88  30  10  22  26  52 103  18  55  91  12  38  64  53  29  47  58 102  48  47  26  48  14  45  49  36 101 109  65  96  72  86  14  32  37  66  36  49  19  18 103  57  85  27  96 101 107  15  66  93  68  27  29  64 107 102
 100  49  92  75  59  74  51  69  95  14  94  79  84  34  29  58  93  38  36  49 108  84  48  37  46  42  71  92  80 102  37  55  92  61  53  74  44  38  19  78  22  15 106  76  89  79  29  98  65  23  51  21  10  45 100  41  76  29  93  95  72  14  93  38  28  77  51  31  82  85  92  87  10 106  63  93  69  63  51  96  38  84  30  28  65  82 100 102  62  65  28 106  98  58 103  79  89  86  68
  41  86  68  79  20 104  89  19  86  43  73  69 102 104  76  86  23  87  55  75  38  34  95  38  17  54  98  35 102  31  61  98  69  20  99  73  40  72 101  93  34  33 104  95  62  33  37  47  33  41  77  39  13  51  96  48  41  37  10  95  26  87  55  53  51 102  48  62  62  11  10  64  32  63  57  78  19  73  88  54  55  46  24  98  36  96  79  46 109  46  74  27  66  69 105  55  94  99  40
  17  41  44  18  81  98  55  45  10  10  46  33  63  53  68  25  44  62  82  87  86  73  82  81  18  31  62  32  42  73  31  63 103  80  21  60  52  70  38  85  18  66  53  59  45  66  30  70  61  91  46  96  85 108  47  26  90  27  29  39  66  36  68  58  71  27  16 103  52 106  38 104  72  17  68  34  82  99 102 106  19  69  52  14  24 105  43  17 105  53  10  10  93  99  34  27  62  74  34
  47  19  84  85  34  78  84  47  10  72  30 108  37  79  86  91  83  48  79  76  64  67 107  21  16 104  50 102  27 107  60 102  25  56 103  10  19  82  87  17  23  29 106  23  27  92  78  81  77  66  64  53  89  14  78  55 106  91  46  99  76  25  69  77 103  27  82  44 107  71  39  86  90  77  45  74  94  95  27  65 104  53  13  82  20  27  53  82  16  64  16 101  47  24  29  40  80  65  60
  23  56  67  49  35  12  58  35  38  17  17  58  13 103  44 101  73  93  25  14  46  61  43  57  38  72 101  16 101  86  63  97  81  31  34  21  23  72  24  35  46  32  74  45  24  48  42  22  36  54  66  38  71  43  67  39  90  41  43  47  95  86  80  73  56 105  76  55  88  36  45  74  78  33  73 103  19  43  11  93  85  52  46  97  56  43  84 100  89 103  26  89  84  77  39  88  87  59  32
  46  40  53 102  50  68  72 108  97  51  28  83  47  35  49 103  59  76  26  59  49  19  61  13  52  55  89  25  62  12  81  85  85  69  55  93  33 100  56  64  32  95  73  50  41 101  12 109  86  83  41  71  66  15  79  59  90  25  84  90  36  75  68  53  56  39  57  27  62 109  55  13  64  54  83  70  52 100  15  81  37 106  20  11 101  63  79 106 105  35  58  48  72  19  24  95  41  94  56
  29  48  84  92  19  90  60  94  64  74  53  43  71  66  51  75  88  74 102  40  85  43  53  40  79  51  89  62 109  16  52  32  38  71  62  50  31  53  67  77  19  25  79  85  71  21  98 103  20  75  21  97  19  95  74  89  24  74  30 100  31  53 107  48 106  81  36  70  91  44  59  33  85  43 101  42  13  46 107  84  43  65  63  45  16  99  18 101  92  65  92  67  39  18  31  50 100 100  47
  51  28  96  46  98  75  83  42  19  68  82  12  80 106  75  19  37  75  35  34 102  52  65  23  99  45  73  74  67 100  18  88  47  60  90  63  39  68  24  29  31  43  62  26  36  71 108  35  83  84  32  97  50  41  36  75  37 105  76  58  10 102  98 106  75  94  49  74  59 105  63  88 100  89  17  35  80  15  33 106  50  21  63 106  40  56  63 101  35  12  80  86  73  14  70  96 104  28  46
  68  90  93  19  47  56  93  72 105  22  29  94  81  65  52  44  91  95  62  49  54  49  97  33  36  34  59  38 108  66  47  94  59  99 101  30  37  37  81  49  77  57  18 103  58  11  31  40 104  74  85  16  91  49  32  77  63  52  75  74  41  47  26  56  92  86  65  56  89  89  19  62  68  60 101  42  88  29 103  60  26  68  17  10  70 106  27  53  96  70  12  20  47  92  28  37  35  83  82
  74  36  64  11  24  73  90  11  64  74  18 101  56  66  99  13  94  48 105  32  94  44  14  35  90  29 105 106  89  82  54  15  85  14  25 103  41  63  90  96  93  69  36  48  29  55  25  93  53  87  36  34  29  91  92  24  67  42  47 102  10  57  97  91 109  58  40  76  16  86  85  16  22  79  97  55  23  56  34  40  92  49  95  62  82  98  95  72 105  92  35  48  40 108  44  99  85 106  86
  53  44  64  81  47  15  61  73  22  28  54  50 101  36  97  90  81  75 101  97  86  27  36  48  62  68  10  57  95  74  99  49  94  20 100  69  77 107  24  96  39  79  63  25  89  31  97  34  97  21  16  55  88  30  84  18  55  27  64  33  96  57  76  19  99  31  69  22  12 101  26  53  85  56  23  49  78  42  15  47  55  33  32 108  13  76  98  39  24  95 100 100  87  34  80  99 109  60  26
  97  67  74  82  90  27  85 101  41 109  56  19  60  39  14  16  80  10 101  89  60  56  95  72  21  13  27  56  95 100  86 101  31  75  69  53  12  22  39  90  55  86  79  81  10  71  68  12  74  43  10  21  89  28  96  61  90  85  78  49  24  91  82 101  48  81 102  54  79  15  32  10  77  76  38  71  41  12  90  40  79  90  80  11  91 105  12  76  35  78  48 106  10  38  18 109  50  45  60
  52  12  43  26 106  26  11  81  61 105  65  72  96  66  42  55  25  89  42 103  51  16  32  20  77  85  35  59  85  26  40  97  65  88  27  30  53  53  87  73  28  64  69 102  54  89 105  52  82  66  81  73  46  26  49  96  12  86  18  63  66  46  55  42  62  41  83  95  48  43  64 104  46  86 102  61  63  84 100  58  53  60  56  72  51  91  96  99  61  63  60  87  64  61  90  89  64  65  10
  18  19  13  67  82  94  47  84  27  51  70  59  30  59  68  87  96  79  70 105  73  80  69  73  80  70 109  63 107  45  11 102  43  17  14  83  34  51  30  70  75  19  50  31  94  73  44  87  86  70  54  70  81  24  69 109  89  49 107 103  33  27  86  37  59  22  28  65 109  98  29  58  71  48 107  77  49  21 100  53  26  93  68  51 107  48  31  60  54  44  57  54  74  88  58  85  98  39  71
  29  77  17  41  82  80  93  11  75  61  79 108  76  50  41  69  71  54  10  35  54  13  75  43  73 108  54  50 105  40 101  92  56  26  92  74  17  61  87  12  13  70  76  95  32  32  34  46  18  48  72  67  61  95  38  32  34  84 104  44  43 109  66  72  89  67 108  44  75  67  40  42  97  84  90  48  90  95  21  23  43  33  94  22  88  29 104  73  23  20  69  81  36  75  20  26  38  28  54
  74  11  50  36  18  43  80  54 109 103 107  73  55  61  75  38 100  83  37  24 100  39 105  31  57  10  51  74  99  74  61  16  94  14  53  38  39  86 109  50  80  19  80  92  30  53  58  70  12  31  36  22  26  98  99  22  28  79 100  68  73  35  36  87  43  16  17  85  87  71  90  12  20  70  71 104  71  61  88  55  75  57  40 100  52  27  30  30 108  47  26  65  59  21  44  57  68  86  78
  93  26  58  12  27  48  80  85  63  30  94  91  61  15  26  56  38  58  69  99  89  67 106  79  58 104  97  95  20  22  33  66  53 104  22  36  31  37  62  68  49  95  23  14  58  65  41  88  91 106  80  76  89  35  38  57  66  85  91  22  70  67 105 107  34  51  51  92  14  20  15  16  67  86  84  24  15  65  44  35  90  45  32 101  69  97  13 100  31  13  97  76 105  75  88  24  81  80  49
  80  17  88  32  67  51  54  77 106 104  65  17  91  43 104 108  85  20  99  93  96  27  33  71  30  22  22 108  33  16  87  32  71  31  90  90 106  60  86  67  69 101  20  79  46  37  94 108 109  86  43  25  76  50  22  35  75  20  93  31  46  37  50  30 107 101  31  59  62  81  98  80  40  80  96  91  84  32  11  44  25  61  88  48  17  25  87  74  24 102  82  60  70  18  31  89  99  21  76
  95  10  27  43 109  67  18  65  51  86  66  33  43  54  92  53  89  43 103  73  36  12  69  91  38 109  12  75  67  29  39  46  47  71  35 104  10  19  94 106  96  27  54  20  46  89  75  14  63  21  62  54  34  90  26  27  47  60  46 107  37  49  53  21  48  11  73  97 103  83  87 108 103  78  88  16 108  91  60 103  76  66 106  37  47  32  79 109 109  18  24  39  86  82  13  38  25  40  33
  72  73  68  80  66  88 104  34  48  98  93  48  12  22  34  64  65  15  33  35  59  84  69  28  63  16  20  20  93  90  14  33  11  69 104  55  83 105  68  38  23 100  99  91  92  85  31  95 109  43 107 104  12  70  99  15  54  41  27  28  38  46  36  20  29 101  40  97  71  49  25  20  35 109  81  93  47  36 105  83  78 102  88  95 106 108  88  19  71  91  36  41  85  86  52  64  74  47  46
  93  49  52  28  77  58  38  83  10  44  38  52  37 109  24  32  21  90  73 108  51  55 109  51  16 103  90  55  65  25  48  12  31  44  87  25  84  49  12  20  48 104  40  10  95  76 107  13  96  20  83  31  99  29  51  45  60  17  29  81  49  98 107  48  99  90  64  57  91  50  70  74  66 109  83  66  20  82  13  27  34  59  92  22  26 102  91  64  33  12  61  15  65  38  94  85  90  30  33
  62  26  82  65 102  74  96  94  49 101  65  67  91  52  78  96  42  72  61  12  22  45  31  34  83  94  23  41  74  94  15  83  75  92  53  65  27  35  61  92  36  57  97  60  39  70  58  28  45  55  81  15 104  60  72  86  59  40  67  45  86 108 102  44  23  69  50  52  45  60  59  83  48  29  79  44  29 106  85  62  84  68  15  13  65  90  95  43  63  34  13  67  14  26  57  81  30  14  46
  21  21  15 101  63  51  87  49  38  38  83  53 108 105  82 102  33  31 103  14  20  58  34  39  32  68  45  55 102  16  60  95  82  91  17  56  17  56  29  75  24  62  22  66  18  50  42  62  18  97  14 103  22  54  25  55  29  82  64  77  51  95  18  34  58  61  34  52  18  22  75  58  47  19  50  34  81  56  73 100  23  31  93  92  42 106  19 105  10 107  85  11  14  76  74  83  88 108  84
  73  31  50  77  34  18  46  92  75  27  55  73 102  18  68  60  72  63  13  51  64  92  17 108  56  13  65  91  45  22  78  39  64 106  87  10  69  11 102  75  16  23  75  20  37  87  16  87  89  56  20  88  41  58 105  37  17  11  63 109 106  28  88  22  23  84  28  77  64  64  66  29  90  77  40  66  57  27  51  98  47  81  19  19  78  52  84  77 105  11  65  44  35  84  26 106  11  97  10
 105  52  79  35  86  39  36  67  40  97  52  22  66 109  89  46  63  49  83  89  36  43  52  62  88  82  86  49  18  43  64  18  53  98  23  29  76  12  83  71  49  75  86  45  19  95  19  82  62  60  25  72  20  57  15  40  11  82  40  86  35  94  91  79 100 101  25  87  35  68  44  60  76  92  70  10  35  84  97  52  88  53  15  10  40  86  18  82  59  51  70  34  86  95  78  68  57  92  81
  68  98  71  81  39  79  30  57  74  44  10  42  30  38 100  54  96 107  72  19  63  54  90  11  62  51  36  10 105  58  36  49  53 101  94  98 107  95  55  18  66  27  68  58  33  35 106 109  46  35  67  15  58  96  80  14 109  63  65  63  54  66  30  51  42  84  17  36  60  34  18  33  86  16  10  41  22  29  10 108  94  37  32  42  32  59  88  44  84 104  87 101  26  69 103  74  55  87  31
  75  87  88  49  99 102  96  44  76 107  97  83  45  98  29  34  76  49  97  62  77  67  10  65  77  77  82  18  68  34  51  30  35  74  20  63  26  55 104  38  34  39  43  30  79  32  29  47  30  67  37  32 108 107  68  22  36 107  46  70  49  38  20  20  74 102  73  58  40  54  25  17  79  18  96  86  30  93  57  56  57  40  85  12  42  26  16  34 108  62  30  88  95  51  39  11  91  48  65
  14  78  79 100  63  61  88  12  22  84  98  32  51  51  17  23  99 100  12  44  39  14  33  28  33  49  73  54  25  22  83  91  93  93  83  19  17  21  37  76  40  93  84  77  32  42  42  10  73  17  28  93  32  64  58  62  99  18  27  14  89  43  73  24  42  52  84  25  77  89  99  95  76  68 107  17 103 100  54  79  95  42 103  57  65  56  19  80  12  72  55  68  38  69  81  11  89  36  75
  10 100  82  55 108  97  89  46  75  81  35  88  43  11  36  41  79  47  80  42  55  32  48  20  66  15  54  64  77  46  39  17  21  99 108  30  75 104  97  98  80  87  96  74  90  48  78  11  55  47  11 101  89  52  44 105  62  72  91  76  24 107  70  41  54  47  65  93  86  32 100  82  60  50  70  38  84  17  58  56  35  90  17  14  10  95  23  13  11  68  12  63  29  49  53  51  57  73  36
  62  58  47  65  36  44  10  84 100  66  12  80  89  15  61  51  44  71  21  13  68  67  69  88  70  46  32  23  19  31  64  98  95  32  47  29  19  65  12 103  77  55  10  65  93  48 100  59  99  54  20 104  14  89  50  30  35 108  98  34  87  27  66  14 101  78  66  90  10  55 108  33  80  45  68  45  19  36 106  74  33  65  16  52  15  35  93  86  92  21  74  48  68  49  81  36  30  90  68
 109 108  50  61  17  15 106  29  67  92  33  37  18  47  38  64  77  56  66  89  46  71  70  68  46  47  50  72 107  79  92  52  14  34  85  40  37  84  86  18  93 105  44 107 102  83  33  55  62  42  43  35  37  96  16  70  21  76  37  55  57  91  31  46  94  27  99  21  17  86 109  42  97  22  25  89  27  33  38  10  55  98  32  37  24  88  95  55  80  80  68 109 107  53  83  16 105  48  32
  88  17  12  76  92  69  77  87  13  82  31  66  85  66  69  96 109  14  60  21  79  45  53  53  66  66  98  49  57  65  77  23  36  37  50  63  41  13  75  88  67  47  58  56  65  73  22 103  72  52  25  86  82  50  60  52  20  31 105  59  99  56  15  15  63  16  83  25  45  46  91  41  98  88  40  76  73  14  42  20  56  21  88  55  87  46  36  77  20  90  95  66 102  26  85  54  78  33  91
  91  43  99  69 108  10  62  48  19  62  94  37  19  97  43  50  73  98  96  86  94  73  20  40  52  63  85  26  83  97 104  47  69  56  18  25 105  63  16  98 104  17  79  32  70  41  81 107  60 104  78  86  16  47  85  51  25 107 109 103  52  44  87  20  41  88  63  46  98  78  84  52  77  57 103  75  46  40  35  52  12  76  83  81  13  63  40  90  21  96  35  95 108  50  76  74  69  28 108
  86 106  31  90  17  12  34  61  34  23  54  45  72 102  66  17  89 101 103  28  60  99  23  68 107 102  55 106  70  88  44  40  73  96  59  46  45 108  33  14  95  75  52  91  49  81  13 100  94  52 107  82  12  47  14  74  61  85 106  50  63  11  91  61 103  92  53  56  35  91  71  84  68  81  10  90  60  74  34  66  56  88  70  23  41  80  27  84 100  12  58  21 102  28 103  87  43  64  65
  10  29  13  97  61  80  20  12 100  80  85  32  63 100  82  48  63  87  39  54  94  88  37  73  71  34 106  99  47  30  38 102  88  15  53  96  97  81  74  50  16  76  93  92  52  24  58  53 100  37  91  19  63 109  17  23  91 100  86  81  87  73  89  32  60  27  18  82 108  38  23  22  74  11  54  82  10  95  94  54  24  23  29  79  14  66  11  86 109  36  89  32  64  49  45  79  83  45  39
 105  74  42  54  37  48  46 101  52  27  53  17  82  12  19  75  25  34  85  77  48  96  75  10  19  50 107  84  24 106  92  75  45  40 102  50  10  52  35  42  35 107 106 108  20  31  49  76  79  76  10  77 103  58  41  22  93  32  64  37 107  64  38  11  17  14  48  98  64  38  26  65  48  68  31  97  13  37  80 104  97  54 105  75  54  44  59  73  85 109  10  85  26  83  97  60  68  69  31
  89  29  98  66  30  89  43  79  67  63  76  24  61  67  48  57  34 109  38  46  90  12  97 105  64  37  78  31  59  78  41  20  12  44  61  93  76  41  78  68  53  28  81  39  72  10 102  72  21  86  66  14  74  71  22  77  57  51  51  44  75  59  32 106  58  56  98  45  20  68  34  89  40  26  75  28  92  81  23  74 103  11  92  72 104  43  29  27 101  42  97  87  97  57 105 102  21  18  18
  51  53  17  84 101  66  31  70  40 100  66  84  11  49  17  20  24  35  92  74  24  85  36  96  56  46  50  90  37  96  93  67  39  44  18  18  34  21  77  69  69 103  85  20  49  30  44  91  68 100  65  26  10  48  22  20  94  64  49  80  65  79  51  33  29  38  86  38  90  44  55  60  53  33  91  30  75  19  43  87  99 106  91  71  94  82  43  27  86  24  98  30  57  69  69  43  38  56  14
  61  39  28  11  25  77  51  68  80  96  88  68  29 105  38  82 108  58  30 102  68  65  24  74  64 105  65  33  59  78  96  83  18  22  17  53  30  70  41  35  96  40  14  84  75  72  59  34  48  54  87  59  80 108  87  86  64  23  68  36  88  58  34  53  52  52 105  45  33 109  18  43  72  55  73  65  25  80 105  24  20 103  97  32  90  38  65  76  82  43  81  79  71  79  21  69  25 109  40
 108  82  12  20  75  62 109  44  89  15 105  93  13  64  97  60  96  14  22  35  20  28  19 108  72  91  40  85  58 107  46  21  22  11  46  13  49  88  91 107  44  23  16  12  45  35  99  24  85  58  74 102  26  82  24  55  30  69  34  30  29  87  86  97  25  45  22  89  12  33 109  43  27  65  81  31  45 102  41  90  91  15  54  95  34  85  52  30  79  66  50  37  76  64  21  69  11  99  96
  67  49  47  92  37  41  94  60  94  23  48  25  10  62  69  64  73  18  40  18  41  50  80  72  64  74  56  14  91  34  75  70  94  73  40  90  71  96 105  11  22  72  70  27  88 105  92  53  19  84  19  57  99  85  50  80  45  82  90 100  68 105  64  90  40  32  91  73  34  12  31  84  12  64  79  88  81  86  46  18  43  72  54  22  16  30  53  47  91  40 109  81  55  92  48  49 104 107  38
  31  12  16  44  28  38  59 101  23  93  27  81  96  82  53  44  90 106  43 106  44  89  72  72  32  61  22  97  84  13  11  88  74  95  43  54  85  52  96  76  16  86 108  37  74 101  33  49  56  83  85  64  36 103  86  49  97  45  80  70  79  16  91 108  32  74  35  13  93  79 100  55  22  67  68  42  83  87  49  95  36  66  29  23  84  73  70  27  90  18 106  15  60  94  26  31  58  42  42
 108  85  25  74 108  65 100 102  14  97  60  71  72  66  71  55  15  43  17  98 103  98  42 102  69 103  50  27  54  22  93  23  69  90  68 109  15  41  97  64  60  38  60 103  35 102  20  48  14  65  27  24  93  74  32  24  58  25  16  39  38  15  23  44  61  32  66  77  73  15  23  67  75  72  59  80 100  21  32 105  31  97  74  87  23  45  52  90  98  91  50  40 108  51  28  77  93  29  52
  31  90  23  95  79  44  12  53  72  49  21  33  27  17  79 105 107  36 107  21  71  94 109  36  40  52  60 108 106 109  97  37 108  90  71  81  27  42  14  63  81  30  19  45  25  62  50  43  88  87  26 106  99  38  36  86  81  24  96  62  18  94  45 106  30  12  35 100  98  30  81  41  40  50  52  96  17  95  42  87  16  45  38  29  64  12  70  38  41  41  31  94  13  71  78  23  98 107  63
  22  34  62  60  61  18  86  79  12  30  84  82  15  61  96  50  61  11  90  58  55  27  83  60 106  93 102  97  27  98  40  70  72  35  79  44  26  14  75  77  24  97  37  94  78  75  36  40  25  46  31  89  29  82  97  94 103  73  90  97  35 100  93  45  23  60  10  72  66  61  19  47  62  61  99  96 107  92  78  55  97  31  85 100  76  78  91  68  93  73  75  70  39  53  59  45 101  25  74
  27  35  25  84 105  58  70  55 102 107  31  47  13 103  86  90  73  42  25  38  37  83  22  37 101 109  93  45  98  82 105  81  39  17 105 101  93  47  82  30  20  62  92  85 101  21  90  75  33  95  61  77  74  83  55  95  73  91  36  75 103  97  32  27  81  19  31  65  69  64  63  88  56  29  58  44  79  80  77  57  52  34  60 108  75 104  17 106  63 106  82  84  27  25  94  98  73  78  69
  33  14  46  84  31 108  46  96  94  76  63  43  41  49  82  27  97  54  59  59  68  42  55  14  23  10  99  41  71  80  55  15  29  27  32  28  99  72  23  53  17  89 102  38  22  85  88 100  74  47  64  42  17  79  12  97  57  61 102  77  10  13  39  99  38  29  61  83  75  37  51  63 108  89  81  71  85  68  31  51  32 109  32  33  27  36  30  78  62  60  69  66  68  25  44  84  12  61  77
  44  76  91  94  40  79  15  36  11 102  51  13  84  29  17  83 107  13  71  37  90  33  57  87  28  89  20  13  65  65  85  22  17  63  13  95  81  54  77  55  81  36  34  63  35  86  67  36  47  29  39  39  45  75  71  94  43 103  42  13  70  77  81  40  13  33  79  72  66  71  56  76  65  38  58  39  75  90  76  10  44  65  87  18  42 109  92  80  46  31  83  39  60  89  52  79  52  22  62
  20  58  84 102  91 102  49  15  24 106  91  80  29  98  54  61  31  58  70  83  87  33  84  79  13  30  10  19  87  62 107  27  11 104  58  36  41  93  97  38  27  62 102  37  16  14  67 100  15  56 106  74 107  56  60  14  82 106 109  25  13  79 102  38  93  32  75  49  20  92 102 107  83  13 101  24  97 107  11  38  79  81  80  66  85  25  48  14  20  47  22  33 108  45  62  51  90  53  29
 103  74  13  70  47  57  58  31  39  98 100  37 105  13  62  70  31  17 108  24  51  29  46  48  26  25  12  79  20 105  61  30  30  99  29  98  27  36  33  97 101  48  22  32  28  82 108  65  11  51  30  54  45  36  28  50 107  18  39  86  92  15  34 100  32  44  69  72  65  38 102  71  47  76  10  22  26  25  14  71  19  85  76  94  58  96  51  56 100  44  92  53  11  74  32  76  82 109  21
  67  21 104  67  85  37  16  12  72  16  62  55 108  37  72  85  88  99  88 106  57  48  59  46  92  16  15  97 109  22  45  29  47 101 102  58  38  51  99  80  89 109  85  91 107  17  12  59  69  22  20  16 107  17  22  83  50  40  43  55  64  65  56  97  63  57  30  41  94  86  61  75  15  12  68  63  17  84  60  53  60  25  27  37  27  90  95  94  18  13  44  14  21  95  95  86  59  85 108
  14  78  64  38  67  34  27  55  97  98  31  21  82  71  55  67  59 100  73  39  76  21  59  78  65  73  65  71  14  64  29  86 107  80  24  68  32  67  51  73 100  26  22  52  19 104 100  29 105  74  90  17  36  27  99  82  83  27 100  39  59  99  75  38  84  56  26  90  55  75  77  21  62  89  91  63  94  47  95  25  27  60  88  96  87  42  48  71  23 105  94  10  53  74  56  66  40  24  52
  45  29  60  92  76  57  93  42  12  96  80  22  96  15  33  32  41  49 109  17  34  26  41  12  44  90  86  50  99 105  66 102  76  54  58  80  92  40  53  51  12  71  71 106 107  89  35 109  22  54  12  10  39  15  86  89  54  19  22  82  91  41  30  98  27  38  50  20 100  50 101  62  26  22  75  18  54 102  67  25 108  37  75  30  29  93 103  29 104  48  59  19  25  43  26  80  43  97  52
  85 106 109  84  91  70  11  39  75  54  40  99 106  70  44  58  73  25  50  70 109  10  43  62  77 107  37  30  12  73  55  21  45  93  22  61  24 108  58  97  38  55  21  62 100  82  26  64  31  22  56  77  75  38  26  85  13  72  85  79  76  64  43  51  63  22  75 104  17  59  39  74  14  29  99  52  74  18  46  31  91  95  64  32  42 108  80  72  33  82  79  78  73  67 101  78 101  29  39
 103  96  94  91  82  57  75  56  29  16  54  70  39  35  93  12  54  98  90  43  55  88  25  45  93  28  34  76  75  12  27  66  60  59  32 105  24  63  20  11  17  34  69  75 106  42  42  18  77  99 106  12  56  71  13  42  55  82  19  23  54  48 106  93  89  71  46  33  91  75  16  14 105  57  40  46  89  83  45  85  48  73  28  42  86  25  89  61  59 101  76 105  68  53  32  37  21  70  61
  83  62  82  42  47  45  32  50  73  84  29  82  98  30  16  83  44  44  35  20  28  66  66  62  93 106  70  47 100  99  65  53  21 107  18 104  26  52  30  81  56  26  42 109  23  98  97  46  90  19  32 100  98  98  84  36  64  99  34  72  66  83  33  48  72  84  61  34 101 108  39  16 103  90  81  58  13  44  54  46 107  88  93  48  62  42  77  57 106  15  78 102 102  45  22  26  18  41  36
  91  51  56  68  41  28  89 101  39  99  70  95  63  82  19  39  12  43  50  91  87  12  63  27 108  58  69  51  17  98  14  12  60  92 106  49  44  56  75  51  38  98  96  99  27  57  68  39  67  97  38  91  87  84  89 105  42  67  58 108 103  10  28 104  52  71  30  30  12  16  41  77  15  10  54  16  22  35  80 104  11  11  85  62  24  32  80  30  27  43  24  54  18 109  98  72 108  67  64
  84  37  47  16  19  12  16  89  64  81  75  88  93  72 107  34  11  62  74  60  13  66  85  97  17  47 109  28  23  91  92 109  99 109  96  70  11  42  80  63  33  91  93  16 108 103  39  94  62  70  34  93  63  38  74  18  97  26  80  11 106  93  93  30  88  22  16  12  86  98  50  50  83  90  65  76  98  84  95  36  63  16  46  83  84  99  73  46  65  44  52  27  17  32  48  55  83  72  71
  89  69  48  56  38  44  66  24  70  57  21  92  96  79  72  51  73  75  79  30  49  61  41  11  48  99  54  68  78  34  54  29  89  82  38  11  31  18  59  60  87  24  48  85  74  99 109  97  43  30  87  73  13  96 108 102  34  38  28  96  55  14  67  69  37  41  89  12  44  74  63  22 107  84  23  58  34  28 101  42  13  38 109  16  36  50  87  26  33  66  54 109 108  16  10  75  98  60 100
  36 109  55  21  15  98  65  33  30 104  96  23  50  44  84 105  52  32  76  75  45  84  60  55  17  21  51  85  42  76  44  45  45  70  72  27 104  18  44  91  51  76  49  53  92  34  48  14  61  26  95  16  75  13  43  83  62  44  54  94  70  15  98  75  83  86 106  30  10  14  39  36 105 105  55  70  49  20 106  50 102  61  99 108  93  38  84  14  20  89  78  41  68  95  19  18  78  31  11
  27  13  21  18  34 108  13 105  52 108  79  29 105  19  90  50 100  32  62  95  54  98  34  95  32  54  40 100  80  40  90 107  68  51  64  91  76  11  84 105  82  66  26  82  47  38  84  81  94  83  80  35  33  36  20 101  75  50 108  30  41  60  66  89  56  19  56  15  83  95  66  86  44  25  18  27  19  69  24  95  42  97  75 107 107 109  53  10  79  91  99  94  58  15  74  19  42  70 101
  90  99  74  70  96  20  98  46  20  43 104 109  65  46  78  20  63  61  23 102  55  53  16  51  71  66  63  42  31  33  14  90  65  97  98  75 106  99 103  45  14  16  16  49  35  64  93  76  95 105  18 101  93  11  73  42  34  75  45  13  29  83  21 104  30  75  47  20 105  68  66  86  55  12  65  69  19 102  64  94  43  77  64  46  98  66  17  89  55  74  86  46  86 101  17  13  24  58  33
 109 105  16  23  80  87  81  89  10 101  18  72  13  94  38  67 100  65  33  13  46  98  24  91  11  46  46  86  77  29  99 103  13  35  35  17  78  47  52  13  24  35  23  54  62  77  80  65  89  11  29  32 109  24  68  50  94  26  29  71  43  74  75  37  62  47  16  97  68  69  27  42  80  46  78 106  58  68  19  28 101  72  73  54  12  90  22  36  95 109  13  71  49  33  91  45  54  12  54
  21  78  81  86  65  57  30  97  84 108  89  99  59  91 105  83  64  26  45  80 105  27  51  11  44  21  23  79  74  50  22  45  57  77 107  87  53  53  52  44  97 109 105  88  95  77  85  82  58  63  37  11  93  17  77  89 105  74 109  97  99  74  88  86  76  70  66  63  62  76  48  36  16  44  29  83 103  41  11  93  39  76 108  63  22 107  84  65  29  13 101  29  32  17  43  76  62 102  73
  24  28  51  24  41  67  87  18 108  87  28  99  40  17  53  94  58  96  54  38 107  46  30  52  86  16  29  40  15 103  59  38  57  72  15  55  78  37 103  73  11  80  49  88  50  11  23  28  96 101  26  75  36  45 109  64 106  26  30  51 106  96  63  64  24  96  20  90  19  68  42  43  68  50  77  35  50  46  55  38  54 106 108 102  22  73  22  82  54  71  99  69  50  47  78  54  65  86  31
  45  86  60  45  21  82  97  52  19  69  57  56  47  85  63  98  97  91  34  28  95  20  93  83 109  55  69 104 103  96  10  30 106  53  73  44  45  82  53  74  38  39  85  71  74  18 108 107 106  16  92  77  41  22  66  89 103  26  81  83 101  10  20  10  33  46  21  57  99  24  86  12  12  91  80  87  32  59  58  63  48  24  66 109 100 103  98  92 107  71  13  94  36  77  50  79  53  42  81
  93  11  90  92  93  79  60  98  27  29  91  13 104  11  94  35  50  99  34  28  30  93 101 101  57  88  42  17  59  64  71  83  48  56  88 104  15 100  81 107  55  71  73  57  85  53  55  34  19  11  12  29 103  59  26  89  29  36  28  21  86  35  12  18 109  53  55  86  33  54  91  77  73  57  41  56  74 103  88  57  20  51  60 106  76  17  59  28 107  50  33  43  11 104  98  32  53  68  51
  34  73  42  30  91  22  83 106  59  54  60  26  55  50  83  29  99  81 104  16  79  26  99  34  50  98  82  12  32  42  10  66  79  19  83  37  36  84  37  59  98  21  93  53  38  91  15  96  78 109  76  11 109  63  46  82  90  26  46  90  81  31  35  14  84  22  19  53  10  78 106  63  87  85  42 106  73  17  99  64  47  20 108  63  93  32  49 107  94  86  48  18  99  63  44  37  43  98  12
  23  16  62  72  62  24  72  18  72  85  91  35  62  43  34  97  91  14  85  61  13  74  86 108  35  66  69  83 103  85  25  42  91  66  35 109  73  89  18  99  90  56  63  66  48  37  37  59  14  64  14  31  82  30  46  15  29  18  71  43 107  71  46  11 104  81  33  89  93  45  78  38  50  28  74  80 104  29  80  31  57  41  52 104  72  38 100  31  44  49  77  62  70  94  68  41  10  88  31
  80  92  37  18  55  95  98  53  13  39  57  77  71  41  52  68  19  20  62  98  87  71  13  87  20  40  83  61  76  58  22  46  44  18  95  18  41  18  23  18  45  91  87 104  56  94  11  73  11  35  47 103  84  55  18  88  46  92  95  62  77 100  27  30  37  97  30  73  58  65  16  78 100  21  20 105  84  41  40  14  10 106  21  90  94  92  33  59  13  26  24  68  27  87  53  77  13  31  36
  93  37  33  51  29  48  18  91  86  74  11  70  79  41  99  94  51  59  30  84  64  38  69  95  44  31  76  61  20  20  95  90 100  81  69  55  56 105 100  66  17  63  34  37  94  25  53  61  91  91  68  55  59  84  77  65  16  11  20  16  28 101  47  53  31  62  75  17  34  33 107  44  31  11  43  89  26  79  87  96  29  73  57  85  89  61  29  25  76  12  79  93  13  95  15  66  37  24 101
10
72 18
28 99
49 19
87 59
68 70
3 85
50 88
48 90
66 77
12 24
