97 97
 99 99 99 99 99 99 99 99 99 99 99 99 99 99 99 99 99 99 99 99 99 99 99 99 99 99 99 99 99 99 99 99 99 99 99 99 99 99 99 99 99 99 99 99 99 99 99 99 99 99 99 99 99 99 99 99 99 99 99 99 99 99 99 99 99 99 99 99 99 99 99 99 99 99 99 99 99 99 99 99 99 99 99 99 99 99 99 99 99 99 99 99 99 99 99 99 99
 16  9 71 73 53 68 54 48 70  1 91 16 59 19 73 70 80 59  1 46  3 88 57 23 60 36 27 25 93  4 57 50 48 58 18 91 24 39 19 41 30 12 84 79 75 58 89 86 88 89 24 49 65 13 13 28 80 93 34 20  9 96 98 25 48 90 91 10 29 55 77 21 65 26 29 84 83 56 35 17 10 95 81  8 34  8 29 58 65 71 20  2 40 43 87 17 99
 99 99 99 99 99 99 99 99 99 99 99 99 99 99 99 99 99 99 99 99 99 99 99 99 99 99 99 99 99 99 99 99 99 99 99 99 99 99 99 99 99 99 99 99 99 99 99 99 99 99 99 99 99 99 99 99 99 99 99 99 99 99 99 99 99 99 99 99 99 99 99 99 99 99 99 99 99 99 99 99 99 99 99 99 99 99 99 99 99 99 99 99 99 99 99 99 99
 99 64 82 62 15 87 52 84 82 51 55 71 86 46 75  4 72 81 11 28 34 56 52 79 25 56 12 87 29 55 25 13 22 76 73 19 93 28  0 85  3 44 25 24 92 86 64 37 88 78 33 38 41 87 60 33 15 77 73 12  8 81 11 15 68  0 68 72 36 83 11 24 31 84 74 71 62 84 64 19 29  4 22  8 45 93 88 56 90 35 26 36 98  3 60 74  5
 99 99 99 99 99 99 99 99 99 99 99 99 99 99 99 99 99 99 99 99 99 99 99 99 99 99 99 99 99 99 99 99 99 99 99 99 99 99 99 99 99 99 99 99 99 99 99 99 99 99 99 99 99 99 99 99 99 99 99 99 99 99 99 99 99 99 99 99 99 99 99 99 99 99 99 99 99 99 99 99 99 99 99 99 99 99 99 99 99 99 99 99 99 99 99 99 99
 77 37 53 34 96 34 38 93 97 56 68  5 79  4 79 85 95  6 53 62 43 32 10 94 19 57 76 12 61 22 21 12 90 11 13 78 19 58 60 95 86 38 39 82 67  0 94 72 24 72 11 11 18 24 49 43  1 64 18 10 57 32 27 93 51 86 22 64  8 14 20 17 42  2 79  8  2 59 87 34 93 75 36 12  3 37 25 29 37 61 14  6 48 18 12 81 99
 99 99 99 99 99 99 99 99 99 99 99 99 99 99 99 99 99 99 99 99 99 99 99 99 99 99 99 99 99 99 99 99 99 99 99 99 99 99 99 99 99 99 99 99 99 99 99 99 99 99 99 99 99 99 99 99 99 99 99 99 99 99 99 99 99 99 99 99 99 99 99 99 99 99 99 99 99 99 99 99 99 99 99 99 99 99 99 99 99 99 99 99 99 99 99 99 99
 99  4 26 73 87 29 66 40 14 35 43 54 45 93 78 22 40 38 35  7 85 93 83 84 23 66 77 92 67 49 94 40 33 25 53 77 45 56 22 40 20 20 71  0 13 13 42 11 87 29 31 19 55 92 14 69 72  7 52 48 11 35 65 20 33 25 57 68 36 70 27 35 45 34 10 23 77 87 23 12 97 65 10 90 45 12 18 17 98 64 43 47  5 35 25  8 93
 99 99 99 99 99 99 99 99 99 99 99 99 99 99 99 99 99 99 99 99 99 99 99 99 99 99 99 99 99 99 99 99 99 99 99 99 99 99 99 99 99 99 99 99 99 99 99 99 99 99 99 99 99 99 99 99 99 99 99 99 99 99 99 99 99 99 99 99 99 99 99 99 99 99 99 99 99 99 99 99 99 99 99 99 99 99 99 99 99 99 99 99 99 99 99 99 99
 48 91 96 60 63 66 34 76 96 97 97 58  2 84 26 20 83 81 60 82 67 25 59  4 25 19 26 69 39 56  2 51 69 73 37 21 30 61 42 77 13 85 73 27 98 80  3 32 51 21 84 93 86  3 25 62 58 63 92 76 94 29 48 70 97 82 81 20 76 76 61 85 66 40 65  7 78 49 33 35 66 65 42  9  4 59 36 28 15 75 23 49  5  6 38 43 99
 99 99 99 99 99 99 99 99 99 99 99 99 99 99 99 99 99 99 99 99 99 99 99 99 99 99 99 99 99 99 99 99 99 99 99 99 99 99 99 99 99 99 99 99 99 99 99 99 99 99 99 99 99 99 99 99 99 99 99 99 99 99 99 99 99 99 99 99 99 99 99 99 99 99 99 99 99 99 99 99 99 99 99 99 99 99 99 99 99 99 99 99 99 99 99 99 99
 99 74 65 43 62 15 14 84 19 26 41 61 70  1 23 56 58 64 17 33 59 60 39 11 30 31 66 65 63 34 34  7 84 74 31 57 56 66 12  6 69 43 82 20 45 81 20 56 58  9 42 74 76  5 29 64 75 24 62 37 45  1 55 36 40  5 52 77  9 59 52 10  8 52 71 67  7 94 49 62 16  0 72  7 94 94 52  5 45 93  4 26 73 84 94 52 80
 99 99 99 99 99 99 99 99 99 99 99 99 99 99 99 99 99 99 99 99 99 99 99 99 99 99 99 99 99 99 99 99 99 99 99 99 99 99 99 99 99 99 99 99 99 99 99 99 99 99 99 99 99 99 99 99 99 99 99 99 99 99 99 99 99 99 99 99 99 99 99 99 99 99 99 99 99 99 99 99 99 99 99 99 99 99 99 99 99 99 99 99 99 99 99 99 99
  5 67 77 30 29 53 77 77 70 31  4 85 72  8 47 40 68  1 89 50 96 73 36  0 25 45 91 76 20 71 27  2 48 77 52 31 21 72 87  3 96 98 96 61  5 81 32 67 78 86  2 78 82 93 59 73 83 53 61 36  1 89 78 28 40 47 18 25 87  7 12 82 14 22 84 66 39 47 80 58 27 52 45 19 34 54 67 80 17 12 36 85 79 46 68 10 99
 99 99 99 99 99 99 99 99 99 99 99 99 99 99 99 99 99 99 99 99 99 99 99 99 99 99 99 99 99 99 99 99 99 99 99 99 99 99 99 99 99 99 99 99 99 99 99 99 99 99 99 99 99 99 99 99 99 99 99 99 99 99 99 99 99 99 99 99 99 99 99 99 99 99 99 99 99 99 99 99 99 99 99 99 99 99 99 99 99 99 99 99 99 99 99 99 99
 99 19  8  9 26 86 92 18 91 87 67 77 83 79 67  4  3 44 83 39 13 39 37 52  8 58 16 83  8 64 23  4 23 55 51 81 50 86  6 68 82 65 12 55 49 91 97 56 15 92 32 24  1 93 61 98 23 22 77 43 41 24 94 39 71 55 36 11 15 62 59 22 83 79 49 66 49 94 79 40 36 67 12 62 26  2 85 87 65  5 21 27 70 81 23 73 85
 99 99 99 99 99 99 99 99 99 99 99 99 99 99 99 99 99 99 99 99 99 99 99 99 99 99 99 99 99 99 99 99 99 99 99 99 99 99 99 99 99 99 99 99 99 99 99 99 99 99 99 99 99 99 99 99 99 99 99 99 99 99 99 99 99 99 99 99 99 99 99 99 99 99 99 99 99 99 99 99 99 99 99 99 99 99 99 99 99 99 99 99 99 99 99 99 99
 53 84 94 40 97  7 31  2 43 85 32 22 68 44  1 34 97  3 36 34 77  8 94 55 87 83 13 37 21 58 49 21 20 81 48 46 83 40 46 16 52 41 43 57 49 15 29  6 43 46 45 71 39 63 93 87 34 19 53 30 81 43 55 61 58 76  9 55 18 90 10 87 86 51 58 96 31 98 62 69 97 50 12 86 14 30 48 34 87 92 68 92 63  5 27 15 99
 99 99 99 99 99 99 99 99 99 99 99 99 99 99 99 99 99 99 99 99 99 99 99 99 99 99 99 99 99 99 99 99 99 99 99 99 99 99 99 99 99 99 99 99 99 99 99 99 99 99 99 99 99 99 99 99 99 99 99 99 99 99 99 99 99 99 99 99 99 99 99 99 99 99 99 99 99 99 99 99 99 99 99 99 99 99 99 99 99 99 99 99 99 99 99 99 99
 99  3 85 34 90  8 30 62 49  9 63 12 34 67 95 83 75 89 85 80 27 39 22 23 43 79 86 50 17 22 62 44 19 22 84  1 78 68 66 39 13 63 41  3 12 67 94 19 96 77 87 12 46 56 92 75 38 20 95 59 50 70 24 31 36 17 16  9 45 21 48 69 68 78 61  3 27 98 70 41 35 53 54 89 95 17 36 56 22  4 29 27 88 82 85 59 55
 99 99 99 99 99 99 99 99 99 99 99 99 99 99 99 99 99 99 99 99 99 99 99 99 99 99 99 99 99 99 99 99 99 99 99 99 99 99 99 99 99 99 99 99 99 99 99 99 99 99 99 99 99 99 99 99 99 99 99 99 99 99 99 99 99 99 99 99 99 99 99 99 99 99 99 99 99 99 99 99 99 99 99 99 99 99 99 99 99 99 99 99 99 99 99 99 99
 21 87 73 19 95 64 79 78 65 15 55 28 87 91 68 18 43 49 18 30 80 84 15 71  8  8 57 79 85 33 43 92  1 67 36 31 31 40 88 84 17  7 71 13 18 12 64 98  4  1 19  6 14  8 94 42 91 70 22 25 68 40 44 90 56 90 53 12 71 41 15  5 10 56 35 33 30 76 37 58 27 98 38 78 90 17 35 64 98 67 62 74 75 72 68 17 99
 99 99 99 99 99 99 99 99 99 99 99 99 99 99 99 99 99 99 99 99 99 99 99 99 99 99 99 99 99 99 99 99 99 99 99 99 99 99 99 99 99 99 99 99 99 99 99 99 99 99 99 99 99 99 99 99 99 99 99 99 99 99 99 99 99 99 99 99 99 99 99 99 99 99 99 99 99 99 99 99 99 99 99 99 99 99 99 99 99 99 99 99 99 99 99 99 99
 99 18 56  5 95 70 73 67 34  3 95 97 91 25 17 42  4 35  0 38 10 93 61 68 46 53 64 93 32 12 81 67 68 53 25 91 17 90 80 54 42 37 72 83 41 57 57 76 69 85 23  6 57 13 29 25 70 64 40 98 52 35  9 39 67 57 25 31 11  1 44 77 77 39 49 86 87 43  9 85 16 68 50 44 85 47 48 29  0 24 88 31 42 67 86 24 61
 99 99 99 99 99 99 99 99 99 99 99 99 99 99 99 99 99 99 99 99 99 99 99 99 99 99 99 99 99 99 99 99 99 99 99 99 99 99 99 99 99 99 99 99 99 99 99 99 99 99 99 99 99 99 99 99 99 99 99 99 99 99 99 99 99 99 99 99 99 99 99 99 99 99 99 99 99 99 99 99 99 99 99 99 99 99 99 99 99 99 99 99 99 99 99 99 99
 63 46 64 16 76 87 34 63 15 98 69 87 55 71 59 29  4 31 78 56  2 84  2 70  5 16 15 58 82 34 11 25 33 43 53 72  3 71 17  1 55 12 67 50 23 34 33 23 47 76 56 37 90 43 56 96 64 44 43 11 16 60 33 62 62 34 76 21 73 95 13 66 34 92 84 35 35 76 87 38 85 62 41 91 34 70  6 68 42  9 83 60 59 63 67  0 99
 99 99 99 99 99 99 99 99 99 99 99 99 99 99 99 99 99 99 99 99 99 99 99 99 99 99 99 99 99 99 99 99 99 99 99 99 99 99 99 99 99 99 99 99 99 99 99 99 99 99 99 99 99 99 99 99 99 99 99 99 99 99 99 99 99 99 99 99 99 99 99 99 99 99 99 99 99 99 99 99 99 99 99 99 99 99 99 99 99 99 99 99 99 99 99 99 99
 99 81  2 35  4 88  0  6 14  7 57 96 55 39 65 48 40 41 28 20 91 62 48 53 53 60 59 68 19 63 31 37 92 52 93 51 64 55 60 75 74 12 37 47 72 36 59 86 23 66 76  0  4 12  1  3 94 24 58  4 51 36 40 13 22 68 20 66 50 89 96 93 54 72 78 52  2 89  2 18  5 46 77  7  2 28 88 49 12 21 85 66 73 41 53  8 97
 99 99 99 99 99 99 99 99 99 99 99 99 99 99 99 99 99 99 99 99 99 99 99 99 99 99 99 99 99 99 99 99 99 99 99 99 99 99 99 99 99 99 99 99 99 99 99 99 99 99 99 99 99 99 99 99 99 99 99 99 99 99 99 99 99 99 99 99 99 99 99 99 99 99 99 99 99 99 99 99 99 99 99 99 99 99 99 99 99 99 99 99 99 99 99 99 99
 58 56 43  7 16 65 31 37 90 41 97 11 19 29  6 34  1 61 88 58 63 13 83  3 23 31  1 51  4 28 80 51 81 40 62 84 66 59 51 81 55 98 40 16  1 64 56 82 81 25 12 47 78 15 95 39 83  1 23  4  5  6 36 47 31 76 28 32 78 16 15 26 36 39  6 87 71 21 21 49 73 28 65 45 41 71 65 72 39 14 21  3 82 20 26 70 99
 99 99 99 99 99 99 99 99 99 99 99 99 99 99 99 99 99 99 99 99 99 99 99 99 99 99 99 99 99 99 99 99 99 99 99 99 99 99 99 99 99 99 99 99 99 99 99 99 99 99 99 99 99 99 99 99 99 99 99 99 99 99 99 99 99 99 99 99 99 99 99 99 99 99 99 99 99 99 99 99 99 99 99 99 99 99 99 99 99 99 99 99 99 99 99 99 99
 99 34 31 61  3  2  6 76 82 85 63 91 46 22  1 98 60 92 94 56 29 28  2 72 28  8  6 51 68 35 91 44 36 48 35  8 49 88 44 86 40 40 88 63 65  4 94 33 69 90 13 13 79 23 63 87  8 92 24 40 75 15 32 31 85 65 83 28 27  5 81 91 66 18 43 59 69 26 83 11 54 48 36 84 76 17 52 81 93 78 30 85 47 36 40 73 85
 99 99 99 99 99 99 99 99 99 99 99 99 99 99 99 99 99 99 99 99 99 99 99 99 99 99 99 99 99 99 99 99 99 99 99 99 99 99 99 99 99 99 99 99 99 99 99 99 99 99 99 99 99 99 99 99 99 99 99 99 99 99 99 99 99 99 99 99 99 99 99 99 99 99 99 99 99 99 99 99 99 99 99 99 99 99 99 99 99 99 99 99 99 99 99 99 99
 10 37  9 91 18  8 31  4 20 72 86 32 55 37 66 21 83 78 40  3 11  3 17 40 33  1 55 61 69  5  2 30 39 18 52  4  9 54 43 71 30 34 25 82 14 12 78  3 44 22 68 43 11 89 53 80  7 25 88 46 41  5 93 40 42 14 83 21 63 88 57 64 16  1 20  0 85 55 71 56 12 11 79 81 33 26 44 23 33  8 91 81 38  6 71 62 99
 99 99 99 99 99 99 99 99 99 99 99 99 99 99 99 99 99 99 99 99 99 99 99 99 99 99 99 99 99 99 99 99 99 99 99 99 99 99 99 99 99 99 99 99 99 99 99 99 99 99 99 99 99 99 99 99 99 99 99 99 99 99 99 99 99 99 99 99 99 99 99 99 99 99 99 99 99 99 99 99 99 99 99 99 99 99 99 99 99 99 99 99 99 99 99 99 99
 99 42 75 47  5 74 19  3 56 27 57 91 14 10  6 15 68  0 53  3  5  0 65 40 54 28 67 45 97  5 64  0 70 95 19  9 19 45 92  1 94 96  6 30  6 84 87 23 50 56 21 89  4 42 98 85 36 90 35 97 77 41 25 93 64 90 24 53 28 84 95 69  8 39 59 91 11 63 15 57 41 60 52  9 67 98 56 21  7  3 59 67 56  7 23 11 71
 99 99 99 99 99 99 99 99 99 99 99 99 99 99 99 99 99 99 99 99 99 99 99 99 99 99 99 99 99 99 99 99 99 99 99 99 99 99 99 99 99 99 99 99 99 99 99 99 99 99 99 99 99 99 99 99 99 99 99 99 99 99 99 99 99 99 99 99 99 99 99 99 99 99 99 99 99 99 99 99 99 99 99 99 99 99 99 99 99 99 99 99 99 99 99 99 99
 48 34 86 96 10 53 21 94 52 46  9 13 61 91 23  6 25 47 53 86 15  8 81 83 29 98 46 19 20 79 53 45 21 57 34 93 47 29 63 36 18 10 78 49 49 10 69 35 94 69 32 56 47 61 98 57 16 28 91  4 55  9 69 63 98 64 43 87 30 26  2 86  1  6 73  8 55 53 94 48 49 49 77 70 55 66 97 95 95 37 36  0 44 11 54 35 99
 99 99 99 99 99 99 99 99 99 99 99 99 99 99 99 99 99 99 99 99 99 99 99 99 99 99 99 99 99 99 99 99 99 99 99 99 99 99 99 99 99 99 99 99 99 99 99 99 99 99 99 99 99 99 99 99 99 99 99 99 99 99 99 99 99 99 99 99 99 99 99 99 99 99 99 99 99 99 99 99 99 99 99 99 99 99 99 99 99 99 99 99 99 99 99 99 99
 99 98 92 79 49 97 87 34 77 45  6 33 28 66 90 39 89 98 78 42 26 11  8  1 45 79 27 79 46 78 76 46 91 73 41 31 51  1 94 53 19 82 93 68  3 27 82 90 30 87 14 97 21 90 12 26 26 63 15 92 37  7 85 29 93 10 73  4 66 94 66 51 93 24 67 60 74 39 77 79 67 91 77 36 54 80 45 82 38 26 32 16 16 34  5 34 26
 99 99 99 99 99 99 99 99 99 99 99 99 99 99 99 99 99 99 99 99 99 99 99 99 99 99 99 99 99 99 99 99 99 99 99 99 99 99 99 99 99 99 99 99 99 99 99 99 99 99 99 99 99 99 99 99 99 99 99 99 99 99 99 99 99 99 99 99 99 99 99 99 99 99 99 99 99 99 99 99 99 99 99 99 99 99 99 99 99 99 99 99 99 99 99 99 99
 26 18 27 71 44 63 11 64 64 42 59 36 63 14 83 27 21 54 70 28 73 10 80 56 30 23 62 76 26 93 35  3 70 66 46 42 21 84 13 69 82 42 88 36 18 19 27 58 18 92 34 44 70 49 22 30 19 46 13 67  2 97 52 62 29 75 32 58  6 66 33 23 39 10 39 70 77  9 76 40 58  6 79  7 80 46  5 88 20 75 20 85 44 52 52 70 99
 99 99 99 99 99 99 99 99 99 99 99 99 99 99 99 99 99 99 99 99 99 99 99 99 99 99 99 99 99 99 99 99 99 99 99 99 99 99 99 99 99 99 99 99 99 99 99 99 99 99 99 99 99 99 99 99 99 99 99 99 99 99 99 99 99 99 99 99 99 99 99 99 99 99 99 99 99 99 99 99 99 99 99 99 99 99 99 99 99 99 99 99 99 99 99 99 99
 99 18 65 71 98 86 86 42 16 77  0 74 88 76 88 45 76 48 71 80 23 21 22 22 36 42 96  7 81 88 82 45 20 86 21 73 45 58 60  6 16 23 81 26 91  6 51 91 97 31 31 32  0 16 35 62 53 78 12 65 58 30  3 88 30 16 88 68 81 24 42 85 68 85 37 97 32 14 81 22 60 77 89 47 45 96 86 11 98  6 36 58 66 23 15 82 45
 99 99 99 99 99 99 99 99 99 99 99 99 99 99 99 99 99 99 99 99 99 99 99 99 99 99 99 99 99 99 99 99 99 99 99 99 99 99 99 99 99 99 99 99 99 99 99 99 99 99 99 99 99 99 99 99 99 99 99 99 99 99 99 99 99 99 99 99 99 99 99 99 99 99 99 99 99 99 99 99 99 99 99 99 99 99 99 99 99 99 99 99 99 99 99 99 99
 22 82  4 91 96 27 37 93 57 64 61 13 10 52 82 49 95 16 61 70  6 15 45  7 81 97 20 13 78 11 74 38 53 78 51 63 94 46 14 88 13 74 62 90 56 23 69 74 25 44 30 87 89 96 42 86 46 40 54 52 63 72 56  8 88 16  0 82 44 71 63 28  9 91 14 72 77 45 22 72 36 71 27 10  4 48 69 26 25 21 34 92  5 69 66 78 99
 99 99 99 99 99 99 99 99 99 99 99 99 99 99 99 99 99 99 99 99 99 99 99 99 99 99 99 99 99 99 99 99 99 99 99 99 99 99 99 99 99 99 99 99 99 99 99 99 99 99 99 99 99 99 99 99 99 99 99 99 99 99 99 99 99 99 99 99 99 99 99 99 99 99 99 99 99 99 99 99 99 99 99 99 99 99 99 99 99 99 99 99 99 99 99 99 99
 99 43  2 60 40 79 16 27 62 87 57  0 16 52 58 26  7 35 60 48 53 13 26 94 89 24 12  6 94 88 59 87  2 61  3 62 27 45 29 43 18 70 24 75 31 20 91 12 67 59 35 11 34 87 24 75 17 33 98 81 68 55 92 47 57 24 53 58 35 89 98 45  0 63 58 64 81 75 62 54 71 78 86 49 71  7 75 70 25 24 79 48 75  5  5 20 49
 99 99 99 99 99 99 99 99 99 99 99 99 99 99 99 99 99 99 99 99 99 99 99 99 99 99 99 99 99 99 99 99 99 99 99 99 99 99 99 99 99 99 99 99 99 99 99 99 99 99 99 99 99 99 99 99 99 99 99 99 99 99 99 99 99 99 99 99 99 99 99 99 99 99 99 99 99 99 99 99 99 99 99 99 99 99 99 99 99 99 99 99 99 99 99 99 99
 42 48 19 59 71 53 61 87 56 42 62 77 74 76 76 62 96 68 21 83 59 54 30  9 52 69 60 31 95 23 23  9 60 49 36 93 57 61 16 37 21 71 36 86 27 30 43  9 50 98  2 93 38 71  1 37 57 94 44  1 43 62 21 94 56 81 22 37 21 29 28 83 11 56 19 24  4  9 66  8  7 58 90 24 46 77 23 56 57 97 94  1 21 27 24 90 99
 99 99 99 99 99 99 99 99 99 99 99 99 99 99 99 99 99 99 99 99 99 99 99 99 99 99 99 99 99 99 99 99 99 99 99 99 99 99 99 99 99 99 99 99 99 99 99 99 99 99 99 99 99 99 99 99 99 99 99 99 99 99 99 99 99 99 99 99 99 99 99 99 99 99 99 99 99 99 99 99 99 99 99 99 99 99 99 99 99 99 99 99 99 99 99 99 99
 99 40 33  8 88 43  1 12 35 63 20 19 58 31 85  3 81 69 94  3 98 95 63 36 90 58 34 78  1 60 11 86  8 54 58 47 47 14 61 77 79 98  0 12  8 93 25 56 79 71 16 77 45  3 58 71 39 45 73 33 21 49 95  9 84 76 73 13 16 30 34 29 79 20 48 45 44 36 76 73 78 80 97 72 89 94 29 56 78 87  0 63 33 35 53 35 84
 99 99 99 99 99 99 99 99 99 99 99 99 99 99 99 99 99 99 99 99 99 99 99 99 99 99 99 99 99 99 99 99 99 99 99 99 99 99 99 99 99 99 99 99 99 99 99 99 99 99 99 99 99 99 99 99 99 99 99 99 99 99 99 99 99 99 99 99 99 99 99 99 99 99 99 99 99 99 99 99 99 99 99 99 99 99 99 99 99 99 99 99 99 99 99 99 99
 14 60 97 97 95 82 68 75 13 30 34 90 57 83 48 80 96 78 66 62  5 82 15 62 38 12 48 60 22 45 57 98  9 62 15 96 26  8 91 81 46 27 67 21 18 75 18 15 54 59 56 94 74 66 64 19 31 20 35 78 73 20 11 44 35 90 98 22 40 50 87 92 70 32  3 60 32 70 65 36 17  6 63 17 55 65 20 54 85 52 41 13 10 16 76 65 99
 99 99 99 99 99 99 99 99 99 99 99 99 99 99 99 99 99 99 99 99 99 99 99 99 99 99 99 99 99 99 99 99 99 99 99 99 99 99 99 99 99 99 99 99 99 99 99 99 99 99 99 99 99 99 99 99 99 99 99 99 99 99 99 99 99 99 99 99 99 99 99 99 99 99 99 99 99 99 99 99 99 99 99 99 99 99 99 99 99 99 99 99 99 99 99 99 99
 99  0 18  4 79 66 89 44 76 19 54 66 87 74 78 22 28 84 51 25 65  3  4 89 52  0 46 54 42  8 63 82 33 44 81  4 80 41 45 43 80 11 14 59 30 77 96 60 98 88 86  2 74 81 44 77 70 59 59 34 95  5 76 98 44 39 83 93 36 10 74 61 26 44 48 48 69 32 10  0 83 92 73 74 81 66 90 83 46 29 57  8 56 92 62 43 21
 99 99 99 99 99 99 99 99 99 99 99 99 99 99 99 99 99 99 99 99 99 99 99 99 99 99 99 99 99 99 99 99 99 99 99 99 99 99 99 99 99 99 99 99 99 99 99 99 99 99 99 99 99 99 99 99 99 99 99 99 99 99 99 99 99 99 99 99 99 99 99 99 99 99 99 99 99 99 99 99 99 99 99 99 99 99 99 99 99 99 99 99 99 99 99 99 99
 91 88 87 57 22 75 70 13  3  9 72 36 83 95  6 44 93 32 41 26 38 82  4 90 57 23 75 54 25 16 79 15 39 26 23 61 39 82 39 16 51 57 42 15 38 17 88 69 22 50 24 46 83  2 27 92 77 53  7 76 10 22 14  3 54 90 55 62 28 71 29 86 37 74 35 41 60 28  4 73 40 78 64 85  1 68 39 18  4 58 40 56 14 52  1 87 99
 99 99 99 99 99 99 99 99 99 99 99 99 99 99 99 99 99 99 99 99 99 99 99 99 99 99 99 99 99 99 99 99 99 99 99 99 99 99 99 99 99 99 99 99 99 99 99 99 99 99 99 99 99 99 99 99 99 99 99 99 99 99 99 99 99 99 99 99 99 99 99 99 99 99 99 99 99 99 99 99 99 99 99 99 99 99 99 99 99 99 99 99 99 99 99 99 99
 99 40 39 58 78 64 57  0 55 92 52  3  2 69 71 52 98 43 31 21 86 92 40 22  9 33 62 86 83 63 69 37  0 33 92 30 29 31 92  4 26 32 95 63 33 45 79 79 14 59 86 77 93 72 15 50 83 45  4 26 96 40 26 68 94  4 39 87 34 19 69 89 81 49 27 10 27 24 71 77 13 50 89 35 55 58 29 96 38  5 37 10 84 85 60 83 55
 99 99 99 99 99 99 99 99 99 99 99 99 99 99 99 99 99 99 99 99 99 99 99 99 99 99 99 99 99 99 99 99 99 99 99 99 99 99 99 99 99 99 99 99 99 99 99 99 99 99 99 99 99 99 99 99 99 99 99 99 99 99 99 99 99 99 99 99 99 99 99 99 99 99 99 99 99 99 99 99 99 99 99 99 99 99 99 99 99 99 99 99 99 99 99 99 99
 54 28 66 16 27 19  4 80 27 80  1 24  1 59 83 17 10 44 16 18 80 59 27 42 56 26 57 91 97  3 16 92 20 71 25 98 62 12 82 56 25  5 68 18 27 40 77 73 64 24 62 31 72 20  5 45 28 53 61 11 32 72 45 41 68 49 40  9 38 57 63 21 89 62 15 51 13  2 89 58 73 63 37 46 78 66 86 72 33 14 82 86  3 75 97 64 99
 99 99 99 99 99 99 99 99 99 99 99 99 99 99 99 99 99 99 99 99 99 99 99 99 99 99 99 99 99 99 99 99 99 99 99 99 99 99 99 99 99 99 99 99 99 99 99 99 99 99 99 99 99 99 99 99 99 99 99 99 99 99 99 99 99 99 99 99 99 99 99 99 99 99 99 99 99 99 99 99 99 99 99 99 99 99 99 99 99 99 99 99 99 99 99 99 99
 99  2  2 11 71 77  5 75 63 48 30 10 23 28 23 90 71 29 60 23 17 49 89 25 24 63 16 53 18 82  9 42 52 52 37 54 16 10 41 43 47 12  0 96 77 95 69 98 40 56 79 23 95 44 23 68 78 98 81 75 50  0 58 95 19 86 25  9 72 73 92 88 15 73 75 87 17  1 94 78 19 15 47 62 40 29 38 60 91 97 49 21 86 43  0 19  8
 99 99 99 99 99 99 99 99 99 99 99 99 99 99 99 99 99 99 99 99 99 99 99 99 99 99 99 99 99 99 99 99 99 99 99 99 99 99 99 99 99 99 99 99 99 99 99 99 99 99 99 99 99 99 99 99 99 99 99 99 99 99 99 99 99 99 99 99 99 99 99 99 99 99 99 99 99 99 99 99 99 99 99 99 99 99 99 99 99 99 99 99 99 99 99 99 99
  6 98 33 72 14 26 28 82 11 76 65 89 83 45 37 88 92 54 83  7 78 44 40 91  3 69 34 75 57 94 18 87 40 56  8 48 84 45 71 46 80 35 82  1 45 52 29 56 16 57 51 55 76 90 40 88 39  8 27 23 45 97 43 54 56 62 31 36 47 93 26 75 27  0 62  1 41 39 54 55 39 75 50 45 11 65 90 65 16 43 83 81 68 50 93 30 99
 99 99 99 99 99 99 99 99 99 99 99 99 99 99 99 99 99 99 99 99 99 99 99 99 99 99 99 99 99 99 99 99 99 99 99 99 99 99 99 99 99 99 99 99 99 99 99 99 99 99 99 99 99 99 99 99 99 99 99 99 99 99 99 99 99 99 99 99 99 99 99 99 99 99 99 99 99 99 99 99 99 99 99 99 99 99 99 99 99 99 99 99 99 99 99 99 99
 99 50 41 23 72 70 55 94 18 73 31  0 97 85 18 56 46 52 91 85 39 81 97 17 83 25 67 56 59 44 83 11 61 54 84 24 93 30 52 73 97 28  5 56 48 53 87 25 16 77 53 82  1 93 52 37 79 38 90 71 12 50 16 81 26 30 46 93 40 13 44 56 17 80 10 67 59 72 39 96 78 69 72 86 94 60 35 68 67 14 31 22 50 21 58 39 25
 99 99 99 99 99 99 99 99 99 99 99 99 99 99 99 99 99 99 99 99 99 99 99 99 99 99 99 99 99 99 99 99 99 99 99 99 99 99 99 99 99 99 99 99 99 99 99 99 99 99 99 99 99 99 99 99 99 99 99 99 99 99 99 99 99 99 99 99 99 99 99 99 99 99 99 99 99 99 99 99 99 99 99 99 99 99 99 99 99 99 99 99 99 99 99 99 99
 75 45 13 52 10 33 29 50  5 49 38 93 32 50 51 73 16 25 63 89  4 91 21 38 91 27 71 35 48  9 62 85 19 64 83 73 22 56 77 52 56 41 43 60 79 88 14 67 37 50 98 51 53  5  0 58 93 26 57 78 80 53 73 64 22 50 26 46 58 92 78 54 75 17 27 24 17 12 56 53 86 52 98 51 44 97  8 71 24 92 83 45 28 68 42 41 99
 99 99 99 99 99 99 99 99 99 99 99 99 99 99 99 99 99 99 99 99 99 99 99 99 99 99 99 99 99 99 99 99 99 99 99 99 99 99 99 99 99 99 99 99 99 99 99 99 99 99 99 99 99 99 99 99 99 99 99 99 99 99 99 99 99 99 99 99 99 99 99 99 99 99 99 99 99 99 99 99 99 99 99 99 99 99 99 99 99 99 99 99 99 99 99 99 99
 99 79 14 82 19 32 60  7 62 81 22  5  0  6 64 94 51 49  0 92 60 24 31 39 97 72  4 26 50 55 20 81 25 19 29 15 36 69 14 30 59 79 16 63 53 67 81 91  8 46 22 25 52 43  7 87 34  9 52 31 60 85 63 52 49  0 37  5 49  2 50 15  6 58 72 58  4 76 88 53 94 27 18 64  1 62 65 39 53 87 43 14 94  0 39 59 76
 99 99 99 99 99 99 99 99 99 99 99 99 99 99 99 99 99 99 99 99 99 99 99 99 99 99 99 99 99 99 99 99 99 99 99 99 99 99 99 99 99 99 99 99 99 99 99 99 99 99 99 99 99 99 99 99 99 99 99 99 99 99 99 99 99 99 99 99 99 99 99 99 99 99 99 99 99 99 99 99 99 99 99 99 99 99 99 99 99 99 99 99 99 99 99 99 99
 17 38 56  6 67  3 20 38 85 79 17 19 70 96 32 12 77 46 97 82 52 84 76  5 43 95 61 24 37 82 51 93 95  2 90 60 15 46  1 69 17 39 34 20 42  9 26 85 14 30 34 75 85 82 77 16 97 44 31 69 94 14 24 16 93 58 51 64 97 91  7 89 85 67 78 81 40 15 78 68 87 59  2 58 49 17 16 89 51 37 49  6 27 44 18 82 99
 99 99 99 99 99 99 99 99 99 99 99 99 99 99 99 99 99 99 99 99 99 99 99 99 99 99 99 99 99 99 99 99 99 99 99 99 99 99 99 99 99 99 99 99 99 99 99 99 99 99 99 99 99 99 99 99 99 99 99 99 99 99 99 99 99 99 99 99 99 99 99 99 99 99 99 99 99 99 99 99 99 99 99 99 99 99 99 99 99 99 99 99 99 99 99 99 99
 99  4  2  3 74 79 92 84 64 11 93 85 26 74 96 77 39 80 85 48 12 33 84 59  4 89 36 15 56 46 73 20 61 49 92 28 46 31 38 75 36 94 62 65 30 12 23 56  3  9 25 43 19 37 19 71 17 80 17 93 97 23 89 60 47 87 54 31 38 30 58 15 25 20 31 94 20 75 52 93 93 21 58 76 63 69 95 12 59 73 69 26 59 84 70 17 59
 99 99 99 99 99 99 99 99 99 99 99 99 99 99 99 99 99 99 99 99 99 99 99 99 99 99 99 99 99 99 99 99 99 99 99 99 99 99 99 99 99 99 99 99 99 99 99 99 99 99 99 99 99 99 99 99 99 99 99 99 99 99 99 99 99 99 99 99 99 99 99 99 99 99 99 99 99 99 99 99 99 99 99 99 99 99 99 99 99 99 99 99 99 99 99 99 99
 10 73 37 10 64 23 35 27 54 72 22 75 48 30 14 68 98 30 57 31 44 28 35 41  3 98 18 20 18 83 10 45 37  2 90 23 26 39 63 14 48 72 65 28 69 95 87 13 55 47 15  9 84 67 89 48 84 23 50 12 66 84  9 79 27 55 56 40 19 53 22 35 33 31 14 57 36 72 29 39 39 84  1 85 22  7 21 43 17 73 71 16 31 19 24 61 99
 99 99 99 99 99 99 99 99 99 99 99 99 99 99 99 99 99 99 99 99 99 99 99 99 99 99 99 99 99 99 99 99 99 99 99 99 99 99 99 99 99 99 99 99 99 99 99 99 99 99 99 99 99 99 99 99 99 99 99 99 99 99 99 99 99 99 99 99 99 99 99 99 99 99 99 99 99 99 99 99 99 99 99 99 99 99 99 99 99 99 99 99 99 99 99 99 99
 99 65 13 20 26 51 52 27 16 25 63 27 98  4 75 98 85 29 77 84 50 93 75 70 63 82 97  0 68 72 20 14 17 75 19 86 46 40 61 93 58 22 97 35 36 87  8  1 18 38 26 57 96 48 44 71 26 46 55 26 54  6 11 82  2 11 80 83 69 13 45 29 42  5 76 36  8 55 63 87 27 12 96 30 16 38 20 57 23 55 22 11 11  7  5 77 92
 99 99 99 99 99 99 99 99 99 99 99 99 99 99 99 99 99 99 99 99 99 99 99 99 99 99 99 99 99 99 99 99 99 99 99 99 99 99 99 99 99 99 99 99 99 99 99 99 99 99 99 99 99 99 99 99 99 99 99 99 99 99 99 99 99 99 99 99 99 99 99 99 99 99 99 99 99 99 99 99 99 99 99 99 99 99 99 99 99 99 99 99 99 99 99 99 99
 57 69 56 63  2  5 36 21 37 55  2  0 39 24 55 31 28 16 35  5 26 52 52 21 38 84 82 28  9  2 92 98 36 22 71  0 47 84 15 28 65  6 71 54 23 58 44 75 97 79 23 59 81 28 78 66 11 47 44 45  3 92 67 52 98 37 16 49 98 64 59 71 20 13 56 61 53 29 41 30 65 41 66 77 83 71 53 81 66 26 64 56 35 57 85 12 99
 99 99 99 99 99 99 99 99 99 99 99 99 99 99 99 99 99 99 99 99 99 99 99 99 99 99 99 99 99 99 99 99 99 99 99 99 99 99 99 99 99 99 99 99 99 99 99 99 99 99 99 99 99 99 99 99 99 99 99 99 99 99 99 99 99 99 99 99 99 99 99 99 99 99 99 99 99 99 99 99 99 99 99 99 99 99 99 99 99 99 99 99 99 99 99 99 99
 99 31 79 97 87 12 65 58 35 13 73 38 64 31 82 79 93  8 25 58 58 16 48 88 63 84 51 85  3 14 63 78 64 51 77 43 89 52 47 96 81 38  3 67 58 17 58 35 91 33 14 11  3 72 62 91 87 28 68 20 82  2 68 19 22  9 23  1 31 90  9 55 49 75 26 66 87 29 82 32 72 85 57 56 15 54 57 65  5 39 35 47 40 22 20 29 25
 99 99 99 99 99 99 99 99 99 99 99 99 99 99 99 99 99 99 99 99 99 99 99 99 99 99 99 99 99 99 99 99 99 99 99 99 99 99 99 99 99 99 99 99 99 99 99 99 99 99 99 99 99 99 99 99 99 99 99 99 99 99 99 99 99 99 99 99 99 99 99 99 99 99 99 99 99 99 99 99 99 99 99 99 99 99 99 99 99 99 99 99 99 99 99 99 99
 89 71 39 92  9 85  9 51 83 83 27 51 42 72 37 16 38 68 50 97 70 15  7 43 46 27 22 75 53 52 73 38  8 44 46 52 92 57 29 80  7 32 12 98 90 32 64 25  1 26 64 58 37 56 12  7 58 28 65 37 33 90 63 53 15 24 32 92 39 37 80  4 71 40 53 29 66 56 72 31 14 69 92  3 80 42 66 78 68 41 70 28 56 49 56 91 99
 99 99 99 99 99 99 99 99 99 99 99 99 99 99 99 99 99 99 99 99 99 99 99 99 99 99 99 99 99 99 99 99 99 99 99 99 99 99 99 99 99 99 99 99 99 99 99 99 99 99 99 99 99 99 99 99 99 99 99 99 99 99 99 99 99 99 99 99 99 99 99 99 99 99 99 99 99 99 99 99 99 99 99 99 99 99 99 99 99 99 99 99 99 99 99 99 99
 99 92 60 23 96 52 80 26 65 86 90 53 96 17 28 64 90 49  5 50 41 31 70 56 14 52 80  0  2 76 31 51 96 54 65 71 50 42 82 21 86 45 80 86  5 50 20 90 87 16  1 72 83 30 81 60 48 68 76 88 60  5 27 97 41 50 15 45 37 28 74 18 64 20 21 96  8 31 93 45 32 51 92 12 41 25 51 53 91 57 71 39 63 10 18 86 24
 99 99 99 99 99 99 99 99 99 99 99 99 99 99 99 99 99 99 99 99 99 99 99 99 99 99 99 99 99 99 99 99 99 99 99 99 99 99 99 99 99 99 99 99 99 99 99 99 99 99 99 99 99 99 99 99 99 99 99 99 99 99 99 99 99 99 99 99 99 99 99 99 99 99 99 99 99 99 99 99 99 99 99 99 99 99 99 99 99 99 99 99 99 99 99 99 99
 59 50 36 48 36 29 64 72 70 37 96 14 82 98 68 62 28 76 46 29 71 95  5 31 44 23 25 16 18 74 55 69 94 75 53 70  3 56  3 63 35 69 71 81 83 75 45 40 50 14 69 62 34 72 80 32 34  2 91 78 13 56 87 31  4 60 27 95 69  9 71 62 38 69 74 21 73 51  5 56 56 31 97 56 83 74 41 33 18 93 54 62 38 11 11 84 99
 99 99 99 99 99 99 99 99 99 99 99 99 99 99 99 99 99 99 99 99 99 99 99 99 99 99 99 99 99 99 99 99 99 99 99 99 99 99 99 99 99 99 99 99 99 99 99 99 99 99 99 99 99 99 99 99 99 99 99 99 99 99 99 99 99 99 99 99 99 99 99 99 99 99 99 99 99 99 99 99 99 99 99 99 99 99 99 99 99 99 99 99 99 99 99 99 99
 99 65 36 10 17 86 72  4 72 86  7 32 92 49 46 25 28 17 18 67 31 98 37 42 52 67 98 96 29 91 75 98 37 90  0 71 28 13 78 27 76 67 61 38 12 62 65 26 96 34 28 35  6 67 31 34 82 38 30 74 93 33 75 70 18 25 13  5 25 14 91 65 30 53 29 59 41 26  4 74 33 45 78 77  2 84 68 65 94 68 15 13 21 76 28 88 87
 99 99 99 99 99 99 99 99 99 99 99 99 99 99 99 99 99 99 99 99 99 99 99 99 99 99 99 99 99 99 99 99 99 99 99 99 99 99 99 99 99 99 99 99 99 99 99 99 99 99 99 99 99 99 99 99 99 99 99 99 99 99 99 99 99 99 99 99 99 99 99 99 99 99 99 99 99 99 99 99 99 99 99 99 99 99 99 99 99 99 99 99 99 99 99 99 99
 45  1 21  5 63 20 39 65 97 20 31 98  9 48 82 34 18 52 91 43 52  2 75 35 78 95  9 29 96 36 65 29 62 50 53 65 42  9 62 93 39 57 58 52 39 71  6 22 55 94 94 52 80 19  4 26 71 28 28 85 24 92 52 53 19 16 53  9 41 41 44  2 96 79 19 20  2 37 48 46 91 17 25 57 89 51 81 69 35 81  7 11 48 82 52 98 99
 99 99 99 99 99 99 99 99 99 99 99 99 99 99 99 99 99 99 99 99 99 99 99 99 99 99 99 99 99 99 99 99 99 99 99 99 99 99 99 99 99 99 99 99 99 99 99 99 99 99 99 99 99 99 99 99 99 99 99 99 99 99 99 99 99 99 99 99 99 99 99 99 99 99 99 99 99 99 99 99 99 99 99 99 99 99 99 99 99 99 99 99 99 99 99 99 99
 99 91 15 93 36 56 41 89 51 74 38 58 74 38 95 56 81 92 91 41 85  3 64 36 39 38 39 52 78 14 74  9 29 88 28 68 50 92 72  1 83 56 98 94 38 51 89 24 33 60 57 19 66 57 66 91 89 32  1 42 10 29 31 13 36 50  1 91 57 64 36 71 14 12 42 16 84 98 49 89 28 27 17 60 30 91  5 66 50 53 77 23 80 53  2  1 36
 99 99 99 99 99 99 99 99 99 99 99 99 99 99 99 99 99 99 99 99 99 99 99 99 99 99 99 99 99 99 99 99 99 99 99 99 99 99 99 99 99 99 99 99 99 99 99 99 99 99 99 99 99 99 99 99 99 99 99 99 99 99 99 99 99 99 99 99 99 99 99 99 99 99 99 99 99 99 99 99 99 99 99 99 99 99 99 99 99 99 99 99 99 99 99 99 99
9
97 97
85 85
71 71
61 61
51 51
41 41
31 31
21 21
11 11
