100 100
 104 108 102 102 107 106 100 108 107 107 100 103 107 108 108 105 103 107 100 102 100 102 108 102 103 107 103 102 107 104 107 109 101 100 102 106 103 102 108 104 103 104 102 105 107 104 103 108 103 102 106 105 101 104 106 100 103 105 109 104 109 103 104 105 103 103 105 108 106 103 100 109 108 103 106 106 101 105 107 102 104 104 109 101 103 109 102 105 104 102 105 106 100 109 103 108 106 104 102 103
 102 105 102 106 109 107 109 106 105 109 103 102 101 106 107 104 103 101 107 100 100 105 101 101 103 105 102 103 103 106 106 109 101 104 109 103 105 108 101 108 103 107 101 105 108 105 101 108 109 103 103 105 109 106 103 100 100 108 103 106 103 102 109 103 105 106 101 107 105 105 101 103 100 109 109 103 105 107 108 101 104 109 107 109 107 104 102 106 102 100 101 109 102 108 102 105 102 107 109 104
 102 103 107 106 107 105 103 100 108 100 100 108 104 109 105 109 106 106 106 102 108 109 102 104 100 102 108 103 104 100 109 108 108 105 108 108 107 103 107 104 100 108 105 107 101 107 101 100 105 106 105 104 107 104 106 108 107 103 108 108 104 109 106 100 106 109 105 108 100 102 109 105 108 101 104 106 108 104 105 107 107 104 107 106 107 103 106 102 107 102 106 102 103 100 102 101 104 104 105 107
 105 109 102 109 100 107 107 103 105 100 106 102 107 108 103 105 102 105 105 109 101 105 103 105 103 104 107 100 107 103 109 106 100 104 109 103 105 102 103 109 103 107 101 104 108 103 100 106 100 104 103 106 106 106 104 101 101 105 109 104 104 105 106 109 103 100 105 107 104 106 104 105 109 104 102 102 109 100 102 109 103 101 109 102 106 104 100 103 108 104 104 107 105 100 107 105 100 108 101 106
 109 109 109 101 102 101 103 103 106 107 104 100 105 100 105 102 101 107 104 105 108 104 104 104 101 101 109 103 106 100 108 107 102 105 109 109 108 106 102 103 109 102 100 101 107 107 109 101 109 109 101 101 100 107 109 106 104 101 107 102 103 105 100 101 100 100 105 102 104 100 106 104 109 106 108 108 101 107 107 100 101 104 103 109 106 102 108 103 109 108 106 102 107 106 105 102 107 102 109 105
 102 109 100 108 109 109 101 106 107 107 100 102 108 106 104 104 102 101 108 104 102 109 101 106 107 109 101 107 103 108 101 101 108 101 106 106 101 109 105 103 102 108 103 102 106 104 107 104 100 103 100 104 108 105 109 103 104 107 102 107 105 102 102 105 101 105 104 105 101 108 105 103 105 108 102 102 106 108 107 106 102 108 108 100 106 107 104 109 109 105 103 106 105 107 104 104 105 105 101 102
 105 109 100 108 102 106 105 103 107 101 107 100 107 105 109 104 106 102 104 104 100 105 101 100 104 107 109 104 107 100 103 102 101 109 102 104 108 100 103 102 104 106 102 105 108 103 100 108 109 104 103 105 103 101 106 101 106 102 108 103 100 104 103 108 109 102 100 102 107 109 101 109 109 109 106 101 109 109 106 101 107 104 109 104 105 104 102 101 104 109 104 109 108 103 100 101 108 102 108 101
 104 107 106 106 100 108 104 100 101 101 108 101 104 100 106 101 101 109 104 108 106 102 107 101 100 102 104 102 102 107 105 105 109 103 108 100 101 104 100 105 107 107 105 105 105 107 104 108 106 103 101 102 109 104 102 109 100 105 100 107 103 102 105 102 104 102 107 100 103 109 108 106 105 102 106 107 107 106 107 106 101 100 102 107 101 100 109 104 104 106 101 104 107 102 107 109 108 101 100 108
 102 107 105 109 106 104 104 101 109 108 103 100 100 109 103 109 103 108 101 108 104 109 109 106 109 106 107 105 101 104 103 101 102 105 105 107 107 108 102 106 109 108 108 102 102 101 109 109 108 109 102 101 105 106 103 107 107 102 103 109 100 107 107 107 104 100 102 106 105 109 100 104 109 100 102 109 108 104 100 109 106 103 104 108 104 101 109 107 101 104 100 101 102 103 105 100 103 104 104 101
 104 102 107 101 100 103 108 104 105 100 106 107 104 105 109 102 106 105 100 106 101 102 108 102 103 107 101 104 102 107 105 109 103 101 107 103 107 105 107 105 102 104 102 103 107 100 102 108 106 100 100 102 109 106 103 104 106 100 104 100 101 106 101 108 100 101 104 105 104 101 105 108 105 108 105 109 103 108 106 101 105 107 107 100 108 100 104 109 105 109 105 100 104 105 108 106 102 105 109 100
 109 101 101 102 109 105 104 102 109 106 103 107 107 107 109 105 103 107 107 100 102 102 106 108 104 105 102 102 107 105 109 107 108 104 102 103 108 107 103 102 108 108 108 104 101 109 109 109 109 107 103 101 109 105 105 105 109 104 109 105 108 104 101 107 102 105 107 104 105 107 104 102 109 107 104 108 109 105 102 102 106 105 106 108 105 106 109 102 105 107 105 106 101 104 108 106 101 107 102 102
 103 104 107 109 107 100 106 108 106 102 105 105 100 105 109 105 100 108 101 104 101 106 108 107 108 107 103 100 107 109 108 101 102 101 101 101 104 105 107 104 104 100 108 104 104 107 106 109 101 101 103 101 106 100 104 109 103 103 104 104 104 108 103 109 102 106 109 102 108 101 101 106 105 106 106 104 108 109 100 106 105 106 103 105 103 105 109 107 103 104 107 109 106 107 105 102 102 102 106 109
 104 101 104 104 108 100 102 101 106 106 106 107 108 100 101 100 104 104 101 102 102 109 108 106 101 106 103 100 109 104 102 100 103 108 109 109 104 108 106 105 102 109 107 106 104 106 107 106 104 109 106 101 105 108 108 104 105 104 108 101 100 106 105 108 103 100 102 106 109 107 107 108 102 106 107 107 107 109 107 105 107 104 103 107 102 100 106 100 108 104 106 105 101 102 101 109 107 105 107 105
 103 104 100 107 104 104 101 107 109 100 107 100 103 107 108 108 108 105 101 109 101 109 109 103 105 104 105 103 106 101 100 103 109 104 100 101 106 105 103 109 102 104 109 102 107 105 109 109 101 109 107 105 105 106 104 106 107 105 105 102 107 103 104 102 104 104 108 104 109 108 107 103 105 102 104 102 103 101 104 109 102 101 106 100 105 103 104 106 107 106 104 102 102 104 107 109 109 107 102 109
 104 100 100 104 108 107 108 104 108 106 101 106 106 109 100 104 104 101 106 107 108 101 105 103 101 101 103 100 101 109 109 100 104 105 104 103 109 108 108 107 108 105 108 109 105 109 105 105 109 100 102 101 108 108 105 106 100 102 108 102 107 105 105 105 103 104 107 105 105 108 106 103 104 106 103 109 100 107 108 101 107 107 109 105 108 101 104 107 102 107 108 103 101 106 109 104 108 104 101 105
 101 106 104 107 106 107 104 105 100 109 102 106 108 106 102 102 105 106 103 106 105 108 109 101 100 107 103 103 105 101 104 109 103 104 108 106 106 100 101 109 106 101 108 103 102 108 108 109 105 107 107 105 103 101 106 106 104 101 103 106 104 106 100 103 103 109 107 102 107 106 102 104 102 108 104 105 100 100 109 102 104 100 104 108 100 102 107 109 109 109 104 108 104 108 107 105 105 102 102 109
 105 103 105 103 109 105 106 101 107 108 104 101 107 107 103 106 103 100 108 109 102 104 109 109 106 103 107 101 100 100 107 107 103 105 100 100 100 104 109 100 106 103 107 102 107 102 108 100 105 104 104 109 106 106 108 101 104 105 100 103 108 102 108 105 103 103 105 108 100 101 104 107 105 104 107 106 106 107 103 105 109 107 104 102 109 106 109 109 102 102 109 107 109 104 105 109 100 108 101 105
 102 107 100 108 109 107 106 100 106 106 107 101 100 105 104 100 109 106 108 102 105 102 104 107 101 106 109 106 107 102 107 105 100 106 104 105 108 106 104 109 106 108 100 109 103 104 101 108 101 104 107 104 101 109 107 101 100 102 104 108 104 101 102 106 102 109 101 101 102 101 104 101 106 108 106 105 108 102 102 100 104 100 107 107 107 104 108 104 103 100 109 108 106 103 106 105 101 109 103 104
 104 108 107 101 104 104 100 106 101 100 104 103 109 103 107 103 105 105 101 106 105 104 103 105 105 105 109 102 104 107 109 102 105 101 107 100 106 109 101 105 105 102 106 103 103 102 103 101 104 108 107 102 109 101 107 109 101 101 102 106 101 103 106 101 101 103 102 104 109 100 101 107 108 101 105 106 105 104 100 100 108 104 109 105 109 103 108 105 107 102 104 105 107 107 102 107 107 100 108 105
 106 100 103 101 108 105 108 102 109 107 107 104 101 103 107 103 105 108 103 101 105 105 106 103 109 100 107 101 101 109 105 101 102 105 103 107 105 102 104 108 102 109 105 100 108 101 106 107 109 107 102 106 104 106 108 109 109 101 102 105 101 101 107 106 109 106 102 101 108 104 101 105 107 105 100 108 107 101 106 109 109 106 109 105 106 105 102 107 105 108 106 107 108 105 105 109 108 109 101 102
 102 102 107 102 108 102 107 101 105 103 103 102 105 104 109 106 102 104 108 100 105 101 104 106 102 109 104 106 109 103 104 100 108 103 101 101 106 106 108 107 102 106 107 108 103 108 100 109 100 105 107 102 103 106 100 108 108 105 104 109 103 105 109 100 104 104 101 103 103 101 102 103 100 102 103 102 109 106 104 107 103 105 101 108 108 102 105 105 108 104 101 102 106 102 106 100 104 102 106 102
 106 103 107 107 100 105 102 108 109 102 104 109 101 101 100 103 101 105 107 102 100 103 106 101 106 108 107 103 108 100 105 101 107 106 108 101 108 101 100 102 106 105 107 105 109 103 107 103 107 103 103 108 100 107 106 102 109 103 107 102 104 109 108 104 101 103 108 107 107 106 108 100 104 108 102 108 100 101 102 106 106 100 106 102 106 107 100 100 100 108 104 105 104 107 102 106 106 109 106 108
 106 104 103 100 103 109 100 106 104 101 109 100 101 103 100 102 109 101 105 104 102 101 109 103 108 108 109 103 106 104 102 100 101 103 104 108 106 109 105 108 105 106 108 103 100 106 102 103 100 106 102 102 107 104 105 102 102 104 107 102 107 103 101 102 104 100 100 105 101 106 106 109 106 106 102 106 103 105 100 109 102 103 109 104 109 104 107 108 109 104 106 109 100 108 105 100 104 109 101 108
 106 100 100 105 104 109 104 107 107 104 109 102 109 103 107 108 106 101 104 103 107 103 106 103 109 108 107 105 104 100 105 100 100 107 101 106 104 108 105 108 109 106 101 103 106 101 102 107 108 100 108 101 103 105 107 104 102 106 104 102 107 101 103 109 108 108 103 106 108 106 108 102 102 104 106 100 100 102 107 109 104 102 101 100 107 107 109 100 103 102 104 100 100 106 102 109 106 107 104 102
 102 100 107 100 105 102 102 109 100 106 109 100 100 102 101 100 108 109 102 102 107 106 109 107 108 107 105 102 108 103 105 104 101 106 104 106 106 101 103 107 106 101 100 109 104 107 106 105 100 103 108 102 105 108 102 100 100 104 109 101 107 101 108 105 104 105 101 104 102 104 103 107 109 102 108 103 109 103 108 104 104 102 107 102 100 106 102 105 104 101 107 100 104 108 108 101 109 108 104 100
 109 101 102 100 101 100 106 105 109 107 102 107 108 100 109 104 101 100 106 105 103 102 106 106 101 108 105 103 108 100 104 108 102 105 100 106 106 105 100 102 108 102 104 107 105 106 105 102 100 107 109 102 107 106 100 101 108 108 108 103 101 107 105 106 105 104 100 105 101 101 105 107 107 104 105 102 105 100 107 100 101 105 101 105 101 100 106 105 102 100 102 108 103 106 101 100 100 100 108 102
 101 103 108 100 106 106 106 104 105 101 107 104 106 102 105 104 109 108 107 102 102 101 102 107 108 108 106 109 101 101 104 102 105 100 103 106 106 104 103 104 109 105 104 100 107 104 107 103 109 101 103 103 104 100 108 105 102 104 104 102 105 107 108 109 102 108 108 105 104 109 103 101 104 107 102 104 102 107 102 109 107 108 106 105 103 105 101 106 103 109 100 108 104 106 105 103 104 102 106 106
 108 105 107 105 108 103 101 104 103 108 103 104 104 102 105 109 104 105 104 100 100 109 106 108 105 106 101 106 103 104 107 100 104 104 108 100 101 105 104 108 105 102 101 100 109 106 104 103 109 105 106 101 103 102 109 103 107 106 106 104 103 100 104 105 107 108 101 103 104 103 102 105 106 103 103 107 106 109 101 102 102 103 105 105 104 108 102 105 104 101 101 105 100 106 107 105 102 108 104 103
 100 102 109 106 101 106 107 101 106 107 102 104 102 104 104 100 106 109 100 106 104 109 102 102 108 103 109 101 101 107 109 105 102 106 106 100 106 104 105 100 106 104 106 104 100 106 107 109 105 100 109 101 107 106 104 108 108 103 100 108 105 102 100 105 106 104 106 100 102 103 108 109 101 109 106 104 104 101 101 109 104 107 103 103 100 108 101 105 109 109 104 107 107 106 101 104 108 106 101 107
 104 103 105 109 109 109 102 101 103 107 108 108 103 108 108 107 101 100 101 103 100 106 102 106 105 106 104 104 107 103 105 105 100 109 104 102 100 109 100 107 102 106 109 100 100 104 109 101 104 106 103 108 105 103 107 107 107 103 108 102 101 109 100 107 104 102 106 107 103 100 109 100 108 103 100 109 106 106 102 109 106 102 103 106 107 109 101 100 103 105 108 109 104 101 109 108 103 103 106 102
 101 100 104 104 105 101 109 106 100 100 102 100 108 101 103 103 102 106 108 108 107 101 101 107 104 105 107 103 105 104 101 103 107 105 105 100 105 103 107 102 109 101 106 102 106 106 103 101 106 108 108 102 105 106 107 104 109 102 106 109 107 105 100 104 106 106 108 103 103 100 107 102 103 109 109 105 106 100 104 100 106 101 107 109 102 100 108 108 101 104 100 101 105 108 106 107 103 104 104 105
 107 107 105 107 102 103 108 106 104 107 100 109 103 101 106 109 100 108 109 103 109 105 103 109 103 100 103 104 107 104 107 103 109 103 100 108 101 107 108 108 104 107 105 107 106 101 100 101 101 109 106 105 108 102 108 100 107 102 100 102 105 101 100 109 108 100 103 100 109 104 108 102 108 102 101 108 108 101 100 108 106 104 101 104 101 101 101 103 106 103 105 101 100 103 107 103 101 107 109 103
 106 102 102 100 101 104 106 107 103 105 102 100 106 103 107 102 105 103 104 100 104 100 103 104 102 100 101 100 105 108 103 108 105 108 109 104 109 103 108 105 105 109 109 101 109 108 108 107 106 100 103 100 109 102 108 107 104 105 106 109 105 108 106 101 105 104 104 109 107 109 101 104 102 103 105 101 102 105 103 107 104 107 102 104 103 106 100 101 101 100 106 107 108 109 108 100 105 102 106 108
 100 101 107 102 109 103 103 109 102 106 102 105 107 100 106 107 102 109 107 106 100 104 107 106 105 108 106 108 107 108 101 108 107 100 105 106 108 105 109 105 104 107 100 107 108 106 100 100 105 107 106 102 106 102 109 104 109 105 105 109 101 107 107 104 104 103 103 102 108 101 105 109 103 109 102 103 109 106 108 107 106 106 109 106 100 107 101 104 102 106 107 101 103 108 101 103 108 109 105 103
 101 109 109 104 102 105 107 105 105 103 106 104 101 103 109 102 102 108 104 105 103 100 103 108 105 103 102 103 101 106 106 102 101 104 101 109 104 107 106 108 101 101 100 105 103 101 105 104 102 102 106 102 102 101 100 103 106 104 108 102 108 101 103 107 103 100 101 100 108 107 104 103 104 106 104 108 105 105 102 104 104 104 100 107 108 100 103 104 102 106 105 109 109 100 107 109 102 106 100 109
 106 106 107 101 102 106 105 109 108 101 106 103 102 103 101 106 106 108 106 105 103 106 103 105 107 101 101 103 106 100 105 102 106 104 104 109 107 102 108 105 105 100 108 108 103 107 104 101 102 103 100 108 108 103 100 109 101 109 101 105 105 103 101 103 106 101 109 104 107 106 109 107 102 107 107 106 103 102 107 100 102 109 101 103 102 107 105 104 101 100 105 108 109 109 104 109 102 109 104 100
 108 103 104 102 100 104 102 103 101 100 102 108 109 102 108 101 105 102 106 101 103 107 104 103 109 104 108 105 101 104 109 103 100 109 100 102 103 103 106 102 107 108 107 104 106 103 103 106 105 104 102 104 106 107 102 102 109 103 101 102 106 107 102 100 103 103 104 106 101 106 103 103 102 103 106 105 103 109 108 107 105 107 102 107 102 103 105 100 103 109 106 105 101 105 107 104 100 106 101 108
 106 105 103 108 100 108 108 100 102 100 101 105 105 103 105 105 100 109 104 106 108 100 102 106 109 107 108 101 102 100 108 109 103 109 103 103 104 103 105 107 101 101 101 104 101 102 101 102 109 107 107 104 101 103 104 102 100 109 104 108 107 109 103 103 105 101 109 106 100 105 108 100 100 102 109 103 108 108 109 105 104 100 103 107 100 100 109 107 105 100 106 109 108 100 102 104 104 108 105 101
 106 108 109 106 104 108 100 101 103 104 109 101 105 101 104 106 107 101 102 100 103 103 106 108 104 103 103 106 109 102 100 101 109 104 109 101 100 105 101 105 103 109 100 108 103 101 104 101 102 103 101 106 101 108 101 104 103 107 103 106 103 100 104 107 100 109 100 104 102 109 102 100 109 102 103 104 105 102 101 100 109 102 103 105 107 106 109 109 107 106 109 109 100 102 103 108 100 100 104 102
 106 106 105 109 101 104 108 109 102 103 105 109 103 107 105 103 106 107 102 108 105 104 100 104 101 105 101 104 101 108 104 106 102 109 106 106 102 109 105 102 108 106 100 101 108 107 103 103 103 101 103 108 104 108 103 108 109 106 108 109 108 103 100 103 104 105 102 107 106 101 104 105 101 100 108 101 103 107 106 103 102 105 109 102 104 107 106 100 103 104 105 108 107 100 107 108 100 105 104 105
 108 109 106 109 104 104 100 109 107 100 100 107 104 101 100 106 105 102 107 109 103 104 107 103 103 104 105 100 102 104 104 102 103 101 101 107 101 108 104 104 108 104 104 104 102 103 106 106 100 105 105 105 106 103 100 106 105 105 100 102 107 104 108 107 103 109 101 102 104 100 106 103 109 107 104 109 106 103 104 104 103 102 108 101 100 106 105 105 104 109 101 106 102 109 106 109 103 106 107 108
 106 107 100 104 103 101 101 103 104 105 109 106 109 100 105 107 109 108 103 109 109 102 105 109 103 109 107 104 107 108 100 100 104 107 106 109 104 106 100 104 105 107 102 109 104 108 104 107 100 105 109 103 105 104 101 103 106 107 105 107 105 103 101 103 101 108 103 101 108 101 101 104 106 105 105 104 107 106 105 104 105 100 101 100 104 104 107 105 105 102 108 100 103 100 101 103 102 105 107 101
 102 109 101 101 103 106 104 107 106 108 106 102 107 108 100 104 102 107 102 100 102 108 103 107 104 100 103 109 107 105 104 108 104 103 101 100 101 102 106 105 103 109 107 107 107 101 107 105 106 107 104 107 109 101 102 103 106 107 108 108 108 104 103 109 104 100 107 100 103 102 102 100 109 106 107 103 107 103 109 101 104 102 103 101 107 105 101 100 105 108 109 107 103 106 105 109 104 106 101 108
 102 107 105 105 100 108 106 108 103 105 103 101 105 109 105 104 105 105 105 102 103 108 107 108 104 106 107 103 107 104 109 105 100 103 101 108 107 106 104 109 107 100 102 108 100 101 103 103 102 102 104 105 107 109 104 101 105 108 103 102 106 102 102 108 106 102 108 102 101 104 100 104 103 100 106 108 103 100 104 100 106 103 102 109 103 102 104 105 105 107 105 107 108 109 108 100 101 109 107 109
 105 107 104 102 109 104 105 102 105 102 109 104 102 108 101 107 102 101 108 104 108 104 105 106 109 108 108 101 102 104 102 107 103 102 107 103 107 105 104 100 104 103 105 109 105 101 101 108 101 101 100 109 109 104 108 107 107 108 101 104 107 102 100 108 101 109 109 108 105 101 108 101 105 105 105 105 101 101 102 109 103 101 103 104 100 108 101 104 103 109 108 102 102 101 109 106 105 108 100 107
 101 102 109 102 106 105 105 109 101 104 106 106 109 100 109 104 106 108 107 101 107 104 106 108 101 105 101 107 106 104 102 103 101 108 105 108 107 100 100 101 109 106 108 104 106 100 101 103 105 106 105 100 103 106 109 107 109 103 102 103 100 101 104 108 102 107 103 102 109 102 105 100 104 101 108 103 107 105 104 107 109 102 105 101 104 103 103 105 109 106 107 108 102 107 109 106 106 107 109 106
 103 101 105 107 106 106 106 107 100 101 101 103 104 107 102 103 105 101 103 106 102 103 106 109 101 101 107 102 108 107 104 100 104 105 108 103 104 103 106 101 103 106 105 107 102 101 100 101 104 103 107 100 108 104 103 106 105 106 109 101 100 102 108 102 106 107 105 102 106 100 103 106 106 100 101 108 105 104 100 101 109 109 106 101 107 107 101 103 106 104 106 108 103 100 109 109 106 108 107 105
 108 105 107 104 100 105 101 105 103 103 101 105 109 106 101 101 108 101 109 108 103 102 101 101 106 107 102 106 102 106 106 108 105 106 109 103 108 106 102 107 107 109 100 106 105 107 104 106 108 103 106 101 103 106 106 107 100 100 100 105 102 106 101 102 102 103 103 100 103 108 106 106 102 109 100 103 101 105 105 109 103 102 107 105 108 106 101 105 100 103 103 109 108 109 106 107 102 109 106 100
 102 109 108 101 100 100 104 105 108 106 107 108 108 102 105 108 105 105 100 102 106 101 100 106 102 106 100 105 107 105 108 107 109 100 104 105 103 100 101 106 104 106 109 107 108 103 101 100 101 105 104 100 100 109 106 105 107 102 106 106 107 103 101 103 106 103 107 101 108 106 108 103 105 108 105 105 105 107 105 104 106 103 105 109 101 100 105 102 108 100 105 106 103 102 109 109 109 101 103 102
 109 103 100 107 108 109 105 100 101 103 109 107 108 106 107 101 108 109 109 101 101 100 101 105 104 105 100 101 102 102 107 103 109 108 109 101 103 106 104 101 106 104 102 109 102 104 102 106 106 108 105 105 104 100 103 100 107 109 104 108 105 104 104 109 108 106 106 103 102 104 101 107 101 105 101 104 108 109 103 100 105 109 100 106 106 103 106 103 109 105 103 103 103 107 109 105 100 101 109 101
 106 100 101 109 104 100 108 108 103 104 103 105 107 106 109 102 108 102 100 104 106 101 104 102 101 103 109 109 101 108 103 102 108 104 103 108 103 104 107 101 100 106 104 106 108 108 104 102 101 103 100 105 101 107 104 105 106 107 109 108 103 100 100 108 105 109 104 107 103 107 106 107 100 103 101 108 109 108 103 100 109 103 107 108 108 108 104 102 105 105 104 109 100 102 103 104 103 106 103 106
 101 105 103 101 109 104 107 108 105 107 103 102 106 104 105 107 100 105 108 100 109 106 101 103 102 106 108 100 109 105 106 103 100 107 102 104 108 101 105 102 103 103 100 100 109 105 106 105 107 101 100 108 107 100 107 108 100 104 103 104 104 109 103 108 103 109 106 109 108 109 109 108 107 108 106 104 105 103 104 108 100 106 101 108 103 100 107 106 103 109 101 105 106 102 101 109 103 107 104 102
 104 103 104 104 101 100 101 105 103 101 102 100 108 103 101 105 100 100 107 107 109 102 103 107 100 104 100 100 101 107 105 102 108 102 103 100 106 108 103 108 104 109 104 109 107 100 105 108 103 106 105 105 104 104 108 106 108 109 106 109 105 104 103 103 107 105 100 106 106 101 107 109 108 105 102 100 106 101 108 100 107 109 108 101 107 106 104 103 105 103 101 103 105 103 102 101 107 105 100 103
 109 106 106 103 100 103 103 103 100 101 101 105 103 107 102 100 109 108 104 109 108 106 100 102 109 100 102 105 109 106 108 102 107 101 100 101 104 106 107 105 103 103 105 103 108 104 105 106 106 109 100 102 104 104 107 101 103 105 102 108 100 105 108 105 104 103 109 105 105 101 102 107 109 103 106 105 104 104 104 104 109 109 103 109 103 104 106 104 102 106 107 106 104 108 105 107 101 107 108 102
 102 104 109 107 101 101 109 105 101 105 106 101 101 106 109 107 105 105 100 109 101 102 102 109 101 107 104 109 101 101 100 100 102 108 105 100 108 103 106 104 105 104 109 103 101 109 104 108 102 108 107 100 103 109 107 108 108 104 101 109 102 109 108 104 107 102 103 103 103 109 108 102 109 104 101 107 100 106 109 105 108 108 108 106 100 106 101 100 109 103 100 100 104 107 100 108 108 104 109 102
 104 103 102 104 101 106 109 103 105 103 106 108 107 107 100 102 104 108 101 104 102 101 107 109 103 109 102 103 107 107 106 108 108 103 104 100 107 105 102 109 104 107 103 104 105 105 107 101 104 102 102 102 103 105 109 103 108 109 109 100 109 101 102 107 104 103 106 109 108 109 108 106 101 106 104 102 101 109 105 109 109 102 104 101 106 107 100 101 102 101 103 107 101 105 109 103 106 101 101 108
 103 106 106 103 104 104 103 106 103 102 108 108 107 105 108 108 109 109 106 100 102 109 103 100 108 103 106 102 109 100 104 104 105 108 103 103 103 108 102 109 101 107 104 108 104 104 100 107 106 105 105 101 108 104 107 105 100 107 104 100 107 105 105 108 105 106 100 108 105 101 108 104 107 100 105 102 107 106 107 103 109 102 101 102 106 109 100 105 107 106 103 106 103 100 104 107 102 107 103 101
 109 100 108 109 106 106 101 102 100 102 109 104 107 108 102 106 103 106 104 101 101 107 106 105 108 100 105 106 108 108 104 105 106 107 106 103 100 108 103 102 105 107 109 104 104 104 104 104 103 106 109 104 103 101 101 108 103 104 105 109 103 107 100 106 105 107 103 103 107 104 102 105 106 102 101 107 100 102 104 109 102 100 103 101 109 109 102 104 106 100 102 108 105 105 101 109 106 102 109 103
 103 100 101 108 104 101 105 101 103 108 109 103 100 108 102 109 103 108 108 104 106 105 109 103 105 106 106 100 105 105 100 106 108 109 108 105 108 105 100 100 106 107 106 102 101 100 109 102 104 102 103 108 100 104 101 103 103 105 106 107 108 108 101 104 102 102 108 104 108 107 100 108 109 109 101 109 103 106 105 104 109 103 106 100 104 107 103 104 106 109 100 105 100 103 104 106 106 106 100 100
 102 105 100 104 109 104 103 101 109 105 108 105 109 107 101 109 102 105 107 104 104 107 108 106 107 101 109 100 104 104 108 104 107 102 100 109 109 105 100 104 105 104 105 105 104 101 107 103 109 108 104 103 107 101 109 107 109 103 103 103 100 108 102 102 108 107 101 108 107 107 107 104 100 103 108 103 108 106 100 103 108 106 100 105 109 104 106 109 101 109 102 108 100 106 106 106 109 100 107 101
 109 106 105 102 108 108 101 103 104 102 109 106 109 108 102 108 102 101 106 102 100 109 108 108 102 103 101 105 106 109 103 109 107 102 100 104 106 107 101 100 108 104 109 106 104 103 101 102 104 100 103 109 109 102 102 105 103 101 101 102 109 104 100 106 100 105 101 100 107 106 106 107 107 107 100 101 102 109 100 103 108 100 105 102 104 107 101 107 104 100 107 107 101 102 100 100 103 108 105 101
 106 101 109 106 109 101 107 108 101 105 104 106 105 102 105 104 104 103 103 103 107 106 104 105 101 102 106 104 107 107 102 109 102 108 104 104 103 102 101 106 108 106 102 104 102 100 102 109 104 107 109 107 104 103 102 107 100 109 107 103 108 107 101 104 109 103 100 100 102 105 108 103 109 103 105 109 102 109 109 102 102 107 101 105 100 100 107 100 104 102 101 103 103 109 109 100 103 109 104 109
 107 102 107 109 101 108 107 109 106 108 106 108 108 101 108 108 101 105 100 106 101 105 102 107 100 103 106 100 105 102 101 105 103 101 105 104 106 101 103 104 109 104 106 104 109 103 106 107 104 103 106 104 107 107 104 109 107 102 101 108 102 105 104 101 105 108 102 101 107 104 104 108 104 101 109 107 104 101 100 101 106 105 107 109 107 100 106 106 107 102 104 100 101 101 104 107 109 104 106 100
 107 105 100 109 109 102 108 105 106 100 101 108 109 100 109 100 104 101 108 102 100 109 103 100 106 103 108 102 104 100 107 106 105 106 107 106 101 102 105 107 103 105 107 102 103 102 103 102 102 103 103 108 102 103 108 107 103 104 102 103 108 101 102 100 102 104 100 103 101 109 101 101 105 101 107 109 102 106 107 109 100 102 107 104 105 104 109 106 103 105 100 107 105 103 102 109 105 100 109 108
 107 102 100 109 109 102 106 109 109 109 101 106 101 108 109 101 108 107 106 107 100 109 102 105 104 104 105 107 103 100 108 109 104 104 103 102 102 102 104 103 100 109 102 107 103 107 109 102 106 106 109 108 103 105 107 101 101 103 101 100 102 103 100 101 103 108 103 101 109 104 103 100 102 100 104 101 105 100 101 106 102 108 108 109 105 105 101 105 101 105 109 105 107 105 104 101 101 101 104 108
 104 101 109 106 104 102 102 103 104 101 101 103 103 104 103 101 101 108 109 105 100 101 100 101 101 105 109 108 101 109 107 108 101 105 109 108 105 103 109 103 105 108 100 107 104 103 105 104 101 104 102 108 106 100 103 103 108 107 109 105 106 103 106 104 102 107 105 108 106 108 102 107 104 106 108 106 106 101 105 101 100 103 109 109 108 107 109 103 100 109 109 100 100 104 104 102 106 100 107 108
 100 108 105 108 105 102 100 101 106 101 103 105 106 102 107 103 108 106 106 100 108 104 108 102 107 107 105 106 107 104 105 109 101 103 105 102 100 109 103 105 108 103 100 109 100 100 101 109 107 107 107 105 101 100 105 104 106 108 102 105 109 100 104 108 105 107 105 104 101 105 106 106 101 104 108 107 109 105 103 109 100 105 101 108 109 108 106 103 103 104 109 104 104 108 107 102 108 105 104 104
 109 101 103 104 104 106 108 106 102 104 103 100 101 106 100 104 108 105 105 108 101 105 100 102 106 106 106 106 108 105 103 105 103 103 107 103 107 104 101 100 102 103 108 100 106 109 103 103 104 102 102 103 109 105 108 108 102 105 109 104 106 105 103 100 102 102 107 101 102 102 109 107 108 100 104 102 104 103 103 102 105 104 108 103 100 106 109 102 105 102 104 106 102 109 106 105 103 104 103 108
 103 109 103 104 100 109 104 101 103 104 109 102 103 102 108 108 107 104 105 103 101 106 104 103 108 108 101 102 102 108 109 106 103 103 106 109 104 106 107 107 105 102 105 102 102 100 108 101 107 109 103 104 108 104 101 102 109 109 102 109 104 109 108 105 101 107 100 102 109 107 103 100 102 107 109 105 104 107 107 109 106 100 106 106 102 104 105 100 100 109 109 102 104 105 101 102 100 104 106 102
 108 105 107 108 106 106 106 101 100 107 109 109 103 109 109 101 109 103 103 101 107 108 105 109 104 101 108 104 104 100 107 101 109 104 103 107 103 100 106 104 109 109 107 106 105 100 107 104 101 105 109 109 108 107 100 106 106 103 102 104 109 103 106 109 102 108 101 103 109 101 102 107 101 105 109 105 107 101 106 109 104 108 107 104 104 101 108 104 100 105 100 106 100 103 106 108 102 100 101 106
 102 105 105 105 104 101 105 106 107 108 100 101 106 106 106 106 104 103 109 102 108 104 101 100 107 100 109 102 108 102 109 100 101 107 109 101 104 101 109 100 103 103 105 105 102 105 104 102 101 104 108 101 106 100 106 104 108 100 108 105 102 107 109 102 106 108 103 104 105 100 104 104 107 108 106 109 107 108 107 109 100 101 104 100 103 101 109 109 106 108 106 101 102 106 103 101 109 106 104 108
 104 100 100 107 109 108 100 100 103 100 107 100 104 108 104 105 105 107 108 107 100 101 108 106 107 100 101 102 104 106 100 102 103 104 107 100 103 108 103 106 106 103 106 109 101 107 107 105 107 103 102 104 107 101 105 104 101 100 108 100 105 102 109 103 105 105 109 101 101 107 109 106 103 101 102 106 108 105 109 106 103 108 104 101 100 109 102 105 105 106 101 108 108 101 109 102 100 105 101 107
 103 105 106 100 108 107 100 101 105 109 100 100 107 107 107 101 107 108 103 104 108 108 102 105 102 101 108 105 108 105 103 100 103 106 100 109 107 102 106 100 102 100 106 105 101 109 100 109 104 106 102 101 108 105 100 101 104 105 105 107 100 107 105 108 101 104 107 103 101 107 109 109 102 108 109 105 104 107 102 106 104 109 102 105 105 107 103 104 105 104 107 106 101 109 101 107 106 104 104 105
 104 105 109 103 108 100 104 108 108 109 107 105 103 108 108 106 102 100 108 108 108 104 105 106 100 105 109 100 102 107 108 109 105 105 104 103 105 109 102 100 101 107 100 101 108 106 105 104 108 103 106 108 104 101 105 108 102 101 107 103 108 102 106 107 106 107 106 100 100 106 100 101 101 108 109 104 108 106 106 102 103 104 108 107 109 105 109 109 101 108 108 104 102 103 105 104 103 102 108 103
 100 107 109 107 103 103 106 107 102 105 107 102 104 109 103 103 109 107 104 109 101 104 106 104 107 103 102 106 106 108 100 100 104 109 107 102 104 108 103 106 103 100 103 106 100 105 107 107 100 100 100 107 104 109 108 100 102 101 105 108 109 105 100 104 103 101 104 104 108 105 106 100 102 103 108 109 105 108 104 104 102 108 106 107 103 107 105 100 104 103 101 107 100 109 101 100 109 104 109 105
 108 107 104 102 105 105 108 106 106 103 104 102 106 101 103 107 105 109 109 104 105 102 109 102 101 100 108 101 105 103 103 107 107 105 100 107 105 101 108 101 104 105 106 102 102 105 108 103 102 100 105 100 103 100 106 109 108 104 109 105 107 109 103 103 104 101 106 106 103 106 103 102 105 109 108 107 103 104 105 105 101 107 101 103 104 102 109 109 100 109 103 102 109 105 103 107 101 106 100 109
 104 100 100 106 107 100 104 106 104 108 109 100 109 105 108 107 100 105 109 102 100 100 106 109 101 104 109 104 106 103 101 104 109 103 104 109 103 100 105 100 101 106 105 101 101 100 108 106 108 108 102 107 107 104 101 109 100 103 105 107 108 108 101 108 109 108 101 101 101 103 101 103 101 103 101 106 103 107 109 108 104 101 107 108 101 105 108 108 108 101 108 106 101 104 104 105 108 108 108 102
 101 101 100 101 103 109 108 108 108 100 107 104 107 108 104 105 108 100 107 106 106 107 102 103 103 107 109 109 108 100 109 101 107 107 106 108 106 104 106 108 108 103 106 100 105 104 100 102 107 102 103 103 108 105 104 101 108 100 104 100 106 103 103 109 109 103 102 104 102 105 107 101 106 101 107 104 102 106 106 104 101 106 101 108 107 108 109 104 109 107 104 100 107 107 105 108 109 100 107 100
 104 103 101 108 101 105 109 105 108 103 109 103 107 105 102 106 101 104 106 104 108 100 103 104 102 106 103 102 104 108 101 104 106 109 101 107 103 109 109 100 109 106 100 107 105 102 105 103 106 109 106 108 107 102 108 100 108 102 103 102 103 108 108 102 104 101 105 100 100 104 101 106 109 107 108 101 101 109 107 102 101 106 101 101 106 104 102 102 109 105 102 103 101 100 101 109 105 101 108 106
 108 103 107 104 106 104 103 102 103 100 102 104 107 106 102 101 104 109 106 103 104 101 107 100 106 103 102 107 107 101 109 100 105 105 107 108 106 102 104 108 104 105 104 108 106 105 101 102 109 105 108 104 100 102 107 109 100 107 109 108 100 109 102 101 104 103 108 106 101 100 102 108 100 106 101 103 100 108 101 106 107 107 105 104 109 100 108 105 109 109 108 102 106 101 107 106 100 106 104 109
 100 101 106 100 102 103 101 104 103 106 102 109 104 100 109 100 102 101 108 108 102 108 103 106 107 108 108 106 106 104 100 102 108 107 106 106 104 107 109 107 103 106 109 103 106 108 103 100 103 100 105 103 105 102 106 106 107 100 105 100 102 106 103 101 106 104 104 105 105 108 108 103 105 105 100 106 105 106 106 106 105 108 106 100 104 107 104 107 102 103 102 109 100 103 104 108 101 109 100 109
 105 105 108 103 109 104 102 102 104 106 104 101 105 104 101 109 100 109 106 102 108 109 101 105 109 109 106 106 109 101 104 102 102 107 108 108 105 103 104 100 105 103 102 106 100 102 108 100 100 106 106 100 105 101 106 101 107 107 105 104 109 103 108 106 105 102 103 104 105 107 102 105 107 109 102 101 100 107 104 104 103 103 105 102 101 104 108 108 101 100 109 101 108 107 102 105 109 108 107 107
 101 102 107 109 100 106 103 100 102 105 109 103 102 104 104 104 108 103 102 102 108 108 109 102 109 108 108 104 100 103 101 102 107 105 103 109 103 105 103 103 101 106 102 100 104 106 100 104 108 100 108 107 103 105 109 103 104 105 107 108 101 103 103 101 100 106 102 107 101 109 107 100 107 101 100 108 100 101 108 104 105 103 104 109 109 100 105 106 106 107 100 105 106 106 100 104 106 109 109 102
 101 107 108 106 107 102 104 102 105 104 101 107 105 107 109 104 100 106 106 103 100 106 100 100 107 106 106 101 104 104 106 107 108 101 105 109 105 105 103 105 109 108 108 103 105 105 100 109 107 100 104 103 105 104 108 103 105 101 103 109 104 102 109 103 106 109 108 109 100 107 106 106 104 106 109 102 101 107 108 102 100 104 103 105 104 109 106 101 108 105 109 103 108 106 100 106 106 103 100 103
 108 108 102 108 106 100 108 101 105 108 100 102 101 105 100 103 101 107 106 105 108 102 103 106 107 100 104 107 101 109 107 106 101 107 102 102 107 103 100 104 107 103 107 107 106 104 105 104 104 108 100 104 109 107 108 102 107 103 104 103 101 107 108 101 109 109 105 103 101 105 104 107 109 102 106 100 104 108 100 108 106 104 102 109 101 103 107 101 103 101 106 109 106 104 104 102 107 109 101 102
 107 108 101 100 105 103 100 109 100 105 100 109 100 109 103 103 106 104 100 100 102 100 103 101 103 100 108 105 106 105 101 108 106 102 105 104 101 101 105 108 100 101 103 103 102 108 107 108 101 103 105 108 101 108 101 106 100 108 107 103 105 104 104 102 105 108 102 108 103 106 103 107 108 106 108 100 106 100 106 107 107 101 106 109 102 105 104 103 103 109 109 109 108 109 102 104 104 104 102 109
 108 109 102 103 107 102 109 103 104 104 103 104 108 101 107 107 105 104 108 100 106 105 108 101 106 104 105 107 108 100 105 101 107 104 104 107 109 109 101 100 100 102 102 106 104 105 109 103 103 107 106 107 104 104 106 109 106 103 104 104 103 104 108 108 100 105 108 106 105 109 103 109 108 108 106 106 105 102 100 108 109 104 106 103 100 101 102 107 103 104 109 109 103 106 105 102 109 101 106 104
 104 100 105 105 108 108 108 102 100 103 105 100 100 100 101 102 105 101 104 104 106 106 103 105 103 101 109 102 109 109 105 100 105 103 101 103 106 100 103 101 108 109 108 105 102 108 109 102 100 106 106 108 101 102 105 108 102 109 100 108 103 103 101 107 106 106 107 103 103 104 104 101 102 109 100 109 103 108 104 109 104 103 101 104 103 104 108 104 105 104 104 105 109 104 100 108 103 109 102 109
 109 102 105 101 102 101 101 105 103 106 103 103 106 102 109 100 100 108 104 100 108 105 108 108 104 100 106 107 102 107 108 106 108 108 101 101 100 105 107 103 103 108 101 103 102 109 109 105 107 102 103 103 103 106 105 101 107 106 108 108 106 102 108 104 102 109 105 101 100 108 102 104 106 103 106 109 100 103 104 103 108 106 109 101 106 102 104 104 100 104 109 108 109 106 109 106 109 102 103 102
 103 109 108 107 105 109 102 100 105 100 109 102 100 100 102 104 106 100 104 108 104 103 100 101 103 101 102 108 104 107 108 106 102 103 104 106 105 103 108 101 109 107 104 101 109 109 106 102 105 103 100 101 103 109 103 106 109 108 107 109 106 108 106 107 106 109 107 107 104 106 109 101 107 108 109 104 106 108 102 105 101 105 107 108 101 105 108 109 107 107 100 103 103 107 101 106 105 102 103 103
 109 107 103 105 100 102 108 108 109 106 103 104 105 109 106 104 105 101 100 100 106 100 109 104 108 102 109 100 105 108 104 104 109 102 105 106 109 101 107 103 102 101 102 103 101 109 104 102 103 105 108 107 103 105 103 102 102 100 106 103 105 102 100 100 106 104 105 100 104 101 104 102 106 107 102 103 109 107 100 103 103 100 107 101 105 103 105 100 100 103 105 100 109 109 109 100 103 105 108 101
 102 105 102 102 107 106 106 108 101 106 106 106 106 108 107 101 107 100 100 104 106 102 104 100 104 103 106 108 101 100 104 106 103 108 105 103 100 104 106 104 104 106 105 100 105 108 103 102 105 108 107 102 108 101 107 108 100 109 104 100 108 104 108 102 101 101 109 108 104 100 107 106 107 109 105 109 102 104 105 103 101 102 106 107 102 108 101 103 103 109 104 107 109 109 100 107 102 109 105 103
 104 104 101 109 107 106 105 108 101 108 109 100 107 101 101 105 100 100 101 105 101 107 105 100 102 102 106 108 101 102 104 109 105 107 102 100 100 107 109 100 100 101 104 105 104 101 108 104 101 108 105 102 107 104 102 100 107 100 106 107 101 105 101 109 105 103 105 108 108 101 109 105 106 109 108 104 104 100 105 107 109 105 108 107 108 104 100 102 103 104 106 101 103 105 103 108 108 108 102 101
 109 108 105 102 107 104 100 101 104 102 104 109 105 105 106 109 104 107 100 103 105 105 107 104 108 107 102 106 109 101 109 108 103 107 106 100 105 108 107 104 102 104 109 109 106 105 107 101 100 105 100 107 104 108 105 106 107 107 109 107 103 102 109 108 102 106 105 102 100 107 100 109 106 100 105 108 108 104 108 107 105 108 108 105 106 107 102 100 107 109 101 107 107 102 106 103 105 102 107 103
 106 107 104 105 101 106 104 104 100 101 104 109 109 107 107 109 107 102 103 109 107 109 105 104 101 107 107 105 103 104 103 106 107 109 103 109 101 105 106 103 108 100 104 103 101 100 101 107 105 102 101 107 104 109 102 102 103 101 104 106 103 108 109 101 100 102 102 103 100 101 107 108 107 106 105 103 109 107 107 107 100 101 101 109 102 104 106 107 106 103 103 108 103 100 103 106 101 101 103 104
 101 107 103 104 105 105 104 105 108 108 105 103 101 109 107 102 105 106 103 107 102 105 109 107 108 107 108 108 100 108 103 106 104 107 105 109 100 105 109 107 105 109 108 100 101 107 105 109 108 108 101 107 106 107 107 106 104 104 106 103 107 104 104 108 100 101 105 105 102 109 107 106 103 109 100 109 103 109 107 101 103 101 102 101 102 104 103 101 103 106 105 105 103 105 104 105 108 103 108 108
 101 108 107 101 107 106 101 100 102 109 100 103 109 109 100 108 109 102 102 109 100 107 102 105 102 105 104 108 106 102 103 105 103 107 107 100 107 105 108 102 104 106 107 106 108 100 101 102 103 101 109 106 103 103 101 103 107 105 103 105 101 102 100 108 109 104 104 103 106 104 107 102 106 107 106 108 109 107 106 107 107 100 101 100 107 106 104 107 105 102 103 106 109 101 101 102 106 107 108 102
 102 108 102 105 109 106 100 100 108 109 106 103 109 102 104 100 108 109 101 106 102 101 102 101 104 100 104 105 109 108 106 108 105 103 104 104 101 103 105 102 103 106 106 103 104 101 103 106 106 106 100 102 108 105 103 103 101 107 106 109 100 108 108 102 102 104 100 100 106 107 107 108 109 107 103 101 105 103 105 107 107 108 104 100 102 102 105 102 101 103 108 107 105 104 102 109 102 105 108 104
 105 102 102 109 101 102 108 106 109 108 107 104 109 108 106 102 106 107 100 104 106 104 106 109 109 102 108 102 107 100 100 104 105 100 104 109 103 106 102 101 109 106 104 100 104 106 107 106 103 105 107 109 107 101 104 105 100 102 104 105 104 102 100 107 100 100 103 101 105 101 102 101 108 109 104 107 109 103 105 101 107 104 100 106 102 100 102 101 106 104 100 105 105 106 105 106 109 109 101 102
 101 102 105 105 102 103 104 108 104 100 105 104 103 102 108 107 100 108 103 102 109 102 106 107 103 103 103 105 100 100 107 106 109 106 102 104 105 103 101 106 104 107 100 109 109 103 104 101 109 102 100 102 100 101 100 108 109 106 108 106 103 101 106 102 109 100 106 105 107 108 101 108 106 103 101 109 103 109 109 101 103 108 100 104 102 107 104 106 104 106 103 107 100 101 107 104 109 100 103 104
10
46 5
32 97
37 70
78 64
53 64
54 93
91 23
48 68
1 18
63 7
