100 100
   1   2   3   4   5   6   7   8   9  10  11  12  13  14  15  16  17  18  19  20  21  22  23  24  25  26  27  28  29  30  31  32  33  34  35  36  37  38  39  40  41  42  43  44  45  46  47  48  49  50  51  52  53  54  55  56  57  58  59  60  61  62  63  64  65  66  67  68  69  70  71  72  73  74  75  76  77  78  79  80  81  82  83  84  85  86  87  88  89  90  91  92  93  94  95  96  97  98  99 100
   2   1   2   3   4   5   6   7   8   9  10  11  12  13  14  15  16  17  18  19  20  21  22  23  24  25  26  27  28  29  30  31  32  33  34  35  36  37  38  39  40  41  42  43  44  45  46  47  48  49  50  51  52  53  54  55  56  57  58  59  60  61  62  63  64  65  66  67  68  69  70  71  72  73  74  75  76  77  78  79  80  81  82  83  84  85  86  87  88  89  90  91  92  93  94  95  96  97  98  99
   3   2   1   2   3   4   5   6   7   8   9  10  11  12  13  14  15  16  17  18  19  20  21  22  23  24  25  26  27  28  29  30  31  32  33  34  35  36  37  38  39  40  41  42  43  44  45  46  47  48  49  50  51  52  53  54  55  56  57  58  59  60  61  62  63  64  65  66  67  68  69  70  71  72  73  74  75  76  77  78  79  80  81  82  83  84  85  86  87  88  89  90  91  92  93  94  95  96  97  98
   4   3   2   1   2   3   4   5   6   7   8   9  10  11  12  13  14  15  16  17  18  19  20  21  22  23  24  25  26  27  28  29  30  31  32  33  34  35  36  37  38  39  40  41  42  43  44  45  46  47  48  49  50  51  52  53  54  55  56  57  58  59  60  61  62  63  64  65  66  67  68  69  70  71  72  73  74  75  76  77  78  79  80  81  82  83  84  85  86  87  88  89  90  91  92  93  94  95  96  97
   5   4   3   2   1   2   3   4   5   6   7   8   9  10  11  12  13  14  15  16  17  18  19  20  21  22  23  24  25  26  27  28  29  30  31  32  33  34  35  36  37  38  39  40  41  42  43  44  45  46  47  48  49  50  51  52  53  54  55  56  57  58  59  60  61  62  63  64  65  66  67  68  69  70  71  72  73  74  75  76  77  78  79  80  81  82  83  84  85  86  87  88  89  90  91  92  93  94  95  96
   6   5   4   3   2   1   2   3   4   5   6   7   8   9  10  11  12  13  14  15  16  17  18  19  20  21  22  23  24  25  26  27  28  29  30  31  32  33  34  35  36  37  38  39  40  41  42  43  44  45  46  47  48  49  50  51  52  53  54  55  56  57  58  59  60  61  62  63  64  65  66  67  68  69  70  71  72  73  74  75  76  77  78  79  80  81  82  83  84  85  86  87  88  89  90  91  92  93  94  95
   7   6   5   4   3   2   1   2   3   4   5   6   7   8   9  10  11  12  13  14  15  16  17  18  19  20  21  22  23  24  25  26  27  28  29  30  31  32  33  34  35  36  37  38  39  40  41  42  43  44  45  46  47  48  49  50  51  52  53  54  55  56  57  58  59  60  61  62  63  64  65  66  67  68  69  70  71  72  73  74  75  76  77  78  79  80  81  82  83  84  85  86  87  88  89  90  91  92  93  94
   8   7   6   5   4   3   2   1   2   3   4   5   6   7   8   9  10  11  12  13  14  15  16  17  18  19  20  21  22  23  24  25  26  27  28  29  30  31  32  33  34  35  36  37  38  39  40  41  42  43  44  45  46  47  48  49  50  51  52  53  54  55  56  57  58  59  60  61  62  63  64  65  66  67  68  69  70  71  72  73  74  75  76  77  78  79  80  81  82  83  84  85  86  87  88  89  90  91  92  93
   9   8   7   6   5   4   3   2   1   2   3   4   5   6   7   8   9  10  11  12  13  14  15  16  17  18  19  20  21  22  23  24  25  26  27  28  29  30  31  32  33  34  35  36  37  38  39  40  41  42  43  44  45  46  47  48  49  50  51  52  53  54  55  56  57  58  59  60  61  62  63  64  65  66  67  68  69  70  71  72  73  74  75  76  77  78  79  80  81  82  83  84  85  86  87  88  89  90  91  92
  10   9   8   7   6   5   4   3   2   1   2   3   4   5   6   7   8   9  10  11  12  13  14  15  16  17  18  19  20  21  22  23  24  25  26  27  28  29  30  31  32  33  34  35  36  37  38  39  40  41  42  43  44  45  46  47  48  49  50  51  52  53  54  55  56  57  58  59  60  61  62  63  64  65  66  67  68  69  70  71  72  73  74  75  76  77  78  79  80  81  82  83  84  85  86  87  88  89  90  91
  11  10   9   8   7   6   5   4   3   2   1   2   3   4   5   6   7   8   9  10  11  12  13  14  15  16  17  18  19  20  21  22  23  24  25  26  27  28  29  30  31  32  33  34  35  36  37  38  39  40  41  42  43  44  45  46  47  48  49  50  51  52  53  54  55  56  57  58  59  60  61  62  63  64  65  66  67  68  69  70  71  72  73  74  75  76  77  78  79  80  81  82  83  84  85  86  87  88  89  90
  12  11  10   9   8   7   6   5   4   3   2   1   2   3   4   5   6   7   8   9  10  11  12  13  14  15  16  17  18  19  20  21  22  23  24  25  26  27  28  29  30  31  32  33  34  35  36  37  38  39  40  41  42  43  44  45  46  47  48  49  50  51  52  53  54  55  56  57  58  59  60  61  62  63  64  65  66  67  68  69  70  71  72  73  74  75  76  77  78  79  80  81  82  83  84  85  86  87  88  89
  13  12  11  10   9   8   7   6   5   4   3   2   1   2   3   4   5   6   7   8   9  10  11  12  13  14  15  16  17  18  19  20  21  22  23  24  25  26  27  28  29  30  31  32  33  34  35  36  37  38  39  40  41  42  43  44  45  46  47  48  49  50  51  52  53  54  55  56  57  58  59  60  61  62  63  64  65  66  67  68  69  70  71  72  73  74  75  76  77  78  79  80  81  82  83  84  85  86  87  88
  14  13  12  11  10   9   8   7   6   5   4   3   2   1   2   3   4   5   6   7   8   9  10  11  12  13  14  15  16  17  18  19  20  21  22  23  24  25  26  27  28  29  30  31  32  33  34  35  36  37  38  39  40  41  42  43  44  45  46  47  48  49  50  51  52  53  54  55  56  57  58  59  60  61  62  63  64  65  66  67  68  69  70  71  72  73  74  75  76  77  78  79  80  81  82  83  84  85  86  87
  15  14  13  12  11  10   9   8   7   6   5   4   3   2   1   2   3   4   5   6   7   8   9  10  11  12  13  14  15  16  17  18  19  20  21  22  23  24  25  26  27  28  29  30  31  32  33  34  35  36  37  38  39  40  41  42  43  44  45  46  47  48  49  50  51  52  53  54  55  56  57  58  59  60  61  62  63  64  65  66  67  68  69  70  71  72  73  74  75  76  77  78  79  80  81  82  83  84  85  86
  16  15  14  13  12  11  10   9   8   7   6   5   4   3   2   1   2   3   4   5   6   7   8   9  10  11  12  13  14  15  16  17  18  19  20  21  22  23  24  25  26  27  28  29  30  31  32  33  34  35  36  37  38  39  40  41  42  43  44  45  46  47  48  49  50  51  52  53  54  55  56  57  58  59  60  61  62  63  64  65  66  67  68  69  70  71  72  73  74  75  76  77  78  79  80  81  82  83  84  85
  17  16  15  14  13  12  11  10   9   8   7   6   5   4   3   2   1   2   3   4   5   6   7   8   9  10  11  12  13  14  15  16  17  18  19  20  21  22  23  24  25  26  27  28  29  30  31  32  33  34  35  36  37  38  39  40  41  42  43  44  45  46  47  48  49  50  51  52  53  54  55  56  57  58  59  60  61  62  63  64  65  66  67  68  69  70  71  72  73  74  75  76  77  78  79  80  81  82  83  84
  18  17  16  15  14  13  12  11  10   9   8   7   6   5   4   3   2   1   2   3   4   5   6   7   8   9  10  11  12  13  14  15  16  17  18  19  20  21  22  23  24  25  26  27  28  29  30  31  32  33  34  35  36  37  38  39  40  41  42  43  44  45  46  47  48  49  50  51  52  53  54  55  56  57  58  59  60  61  62  63  64  65  66  67  68  69  70  71  72  73  74  75  76  77  78  79  80  81  82  83
  19  18  17  16  15  14  13  12  11  10   9   8   7   6   5   4   3   2   1   2   3   4   5   6   7   8   9  10  11  12  13  14  15  16  17  18  19  20  21  22  23  24  25  26  27  28  29  30  31  32  33  34  35  36  37  38  39  40  41  42  43  44  45  46  47  48  49  50  51  52  53  54  55  56  57  58  59  60  61  62  63  64  65  66  67  68  69  70  71  72  73  74  75  76  77  78  79  80  81  82
  20  19  18  17  16  15  14  13  12  11  10   9   8   7   6   5   4   3   2   1   2   3   4   5   6   7   8   9  10  11  12  13  14  15  16  17  18  19  20  21  22  23  24  25  26  27  28  29  30  31  32  33  34  35  36  37  38  39  40  41  42  43  44  45  46  47  48  49  50  51  52  53  54  55  56  57  58  59  60  61  62  63  64  65  66  67  68  69  70  71  72  73  74  75  76  77  78  79  80  81
  21  20  19  18  17  16  15  14  13  12  11  10   9   8   7   6   5   4   3   2   1   2   3   4   5   6   7   8   9  10  11  12  13  14  15  16  17  18  19  20  21  22  23  24  25  26  27  28  29  30  31  32  33  34  35  36  37  38  39  40  41  42  43  44  45  46  47  48  49  50  51  52  53  54  55  56  57  58  59  60  61  62  63  64  65  66  67  68  69  70  71  72  73  74  75  76  77  78  79  80
  22  21  20  19  18  17  16  15  14  13  12  11  10   9   8   7   6   5   4   3   2   1   2   3   4   5   6   7   8   9  10  11  12  13  14  15  16  17  18  19  20  21  22  23  24  25  26  27  28  29  30  31  32  33  34  35  36  37  38  39  40  41  42  43  44  45  46  47  48  49  50  51  52  53  54  55  56  57  58  59  60  61  62  63  64  65  66  67  68  69  70  71  72  73  74  75  76  77  78  79
  23  22  21  20  19  18  17  16  15  14  13  12  11  10   9   8   7   6   5   4   3   2   1   2   3   4   5   6   7   8   9  10  11  12  13  14  15  16  17  18  19  20  21  22  23  24  25  26  27  28  29  30  31  32  33  34  35  36  37  38  39  40  41  42  43  44  45  46  47  48  49  50  51  52  53  54  55  56  57  58  59  60  61  62  63  64  65  66  67  68  69  70  71  72  73  74  75  76  77  78
  24  23  22  21  20  19  18  17  16  15  14  13  12  11  10   9   8   7   6   5   4   3   2   1   2   3   4   5   6   7   8   9  10  11  12  13  14  15  16  17  18  19  20  21  22  23  24  25  26  27  28  29  30  31  32  33  34  35  36  37  38  39  40  41  42  43  44  45  46  47  48  49  50  51  52  53  54  55  56  57  58  59  60  61  62  63  64  65  66  67  68  69  70  71  72  73  74  75  76  77
  25  24  23  22  21  20  19  18  17  16  15  14  13  12  11  10   9   8   7   6   5   4   3   2   1   2   3   4   5   6   7   8   9  10  11  12  13  14  15  16  17  18  19  20  21  22  23  24  25  26  27  28  29  30  31  32  33  34  35  36  37  38  39  40  41  42  43  44  45  46  47  48  49  50  51  52  53  54  55  56  57  58  59  60  61  62  63  64  65  66  67  68  69  70  71  72  73  74  75  76
  26  25  24  23  22  21  20  19  18  17  16  15  14  13  12  11  10   9   8   7   6   5   4   3   2   1   2   3   4   5   6   7   8   9  10  11  12  13  14  15  16  17  18  19  20  21  22  23  24  25  26  27  28  29  30  31  32  33  34  35  36  37  38  39  40  41  42  43  44  45  46  47  48  49  50  51  52  53  54  55  56  57  58  59  60  61  62  63  64  65  66  67  68  69  70  71  72  73  74  75
  27  26  25  24  23  22  21  20  19  18  17  16  15  14  13  12  11  10   9   8   7   6   5   4   3   2   1   2   3   4   5   6   7   8   9  10  11  12  13  14  15  16  17  18  19  20  21  22  23  24  25  26  27  28  29  30  31  32  33  34  35  36  37  38  39  40  41  42  43  44  45  46  47  48  49  50  51  52  53  54  55  56  57  58  59  60  61  62  63  64  65  66  67  68  69  70  71  72  73  74
  28  27  26  25  24  23  22  21  20  19  18  17  16  15  14  13  12  11  10   9   8   7   6   5   4   3   2   1   2   3   4   5   6   7   8   9  10  11  12  13  14  15  16  17  18  19  20  21  22  23  24  25  26  27  28  29  30  31  32  33  34  35  36  37  38  39  40  41  42  43  44  45  46  47  48  49  50  51  52  53  54  55  56  57  58  59  60  61  62  63  64  65  66  67  68  69  70  71  72  73
  29  28  27  26  25  24  23  22  21  20  19  18  17  16  15  14  13  12  11  10   9   8   7   6   5   4   3   2   1   2   3   4   5   6   7   8   9  10  11  12  13  14  15  16  17  18  19  20  21  22  23  24  25  26  27  28  29  30  31  32  33  34  35  36  37  38  39  40  41  42  43  44  45  46  47  48  49  50  51  52  53  54  55  56  57  58  59  60  61  62  63  64  65  66  67  68  69  70  71  72
  30  29  28  27  26  25  24  23  22  21  20  19  18  17  16  15  14  13  12  11  10   9   8   7   6   5   4   3   2   1   2   3   4   5   6   7   8   9  10  11  12  13  14  15  16  17  18  19  20  21  22  23  24  25  26  27  28  29  30  31  32  33  34  35  36  37  38  39  40  41  42  43  44  45  46  47  48  49  50  51  52  53  54  55  56  57  58  59  60  61  62  63  64  65  66  67  68  69  70  71
  31  30  29  28  27  26  25  24  23  22  21  20  19  18  17  16  15  14  13  12  11  10   9   8   7   6   5   4   3   2   1   2   3   4   5   6   7   8   9  10  11  12  13  14  15  16  17  18  19  20  21  22  23  24  25  26  27  28  29  30  31  32  33  34  35  36  37  38  39  40  41  42  43  44  45  46  47  48  49  50  51  52  53  54  55  56  57  58  59  60  61  62  63  64  65  66  67  68  69  70
  32  31  30  29  28  27  26  25  24  23  22  21  20  19  18  17  16  15  14  13  12  11  10   9   8   7   6   5   4   3   2   1   2   3   4   5   6   7   8   9  10  11  12  13  14  15  16  17  18  19  20  21  22  23  24  25  26  27  28  29  30  31  32  33  34  35  36  37  38  39  40  41  42  43  44  45  46  47  48  49  50  51  52  53  54  55  56  57  58  59  60  61  62  63  64  65  66  67  68  69
  33  32  31  30  29  28  27  26  25  24  23  22  21  20  19  18  17  16  15  14  13  12  11  10   9   8   7   6   5   4   3   2   1   2   3   4   5   6   7   8   9  10  11  12  13  14  15  16  17  18  19  20  21  22  23  24  25  26  27  28  29  30  31  32  33  34  35  36  37  38  39  40  41  42  43  44  45  46  47  48  49  50  51  52  53  54  55  56  57  58  59  60  61  62  63  64  65  66  67  68
  34  33  32  31  30  29  28  27  26  25  24  23  22  21  20  19  18  17  16  15  14  13  12  11  10   9   8   7   6   5   4   3   2   1   2   3   4   5   6   7   8   9  10  11  12  13  14  15  16  17  18  19  20  21  22  23  24  25  26  27  28  29  30  31  32  33  34  35  36  37  38  39  40  41  42  43  44  45  46  47  48  49  50  51  52  53  54  55  56  57  58  59  60  61  62  63  64  65  66  67
  35  34  33  32  31  30  29  28  27  26  25  24  23  22  21  20  19  18  17  16  15  14  13  12  11  10   9   8   7   6   5   4   3   2   1   2   3   4   5   6   7   8   9  10  11  12  13  14  15  16  17  18  19  20  21  22  23  24  25  26  27  28  29  30  31  32  33  34  35  36  37  38  39  40  41  42  43  44  45  46  47  48  49  50  51  52  53  54  55  56  57  58  59  60  61  62  63  64  65  66
  36  35  34  33  32  31  30  29  28  27  26  25  24  23  22  21  20  19  18  17  16  15  14  13  12  11  10   9   8   7   6   5   4   3   2   1   2   3   4   5   6   7   8   9  10  11  12  13  14  15  16  17  18  19  20  21  22  23  24  25  26  27  28  29  30  31  32  33  34  35  36  37  38  39  40  41  42  43  44  45  46  47  48  49  50  51  52  53  54  55  56  57  58  59  60  61  62  63  64  65
  37  36  35  34  33  32  31  30  29  28  27  26  25  24  23  22  21  20  19  18  17  16  15  14  13  12  11  10   9   8   7   6   5   4   3   2   1   2   3   4   5   6   7   8   9  10  11  12  13  14  15  16  17  18  19  20  21  22  23  24  25  26  27  28  29  30  31  32  33  34  35  36  37  38  39  40  41  42  43  44  45  46  47  48  49  50  51  52  53  54  55  56  57  58  59  60  61  62  63  64
  38  37  36  35  34  33  32  31  30  29  28  27  26  25  24  23  22  21  20  19  18  17  16  15  14  13  12  11  10   9   8   7   6   5   4   3   2   1   2   3   4   5   6   7   8   9  10  11  12  13  14  15  16  17  18  19  20  21  22  23  24  25  26  27  28  29  30  31  32  33  34  35  36  37  38  39  40  41  42  43  44  45  46  47  48  49  50  51  52  53  54  55  56  57  58  59  60  61  62  63
  39  38  37  36  35  34  33  32  31  30  29  28  27  26  25  24  23  22  21  20  19  18  17  16  15  14  13  12  11  10   9   8   7   6   5   4   3   2   1   2   3   4   5   6   7   8   9  10  11  12  13  14  15  16  17  18  19  20  21  22  23  24  25  26  27  28  29  30  31  32  33  34  35  36  37  38  39  40  41  42  43  44  45  46  47  48  49  50  51  52  53  54  55  56  57  58  59  60  61  62
  40  39  38  37  36  35  34  33  32  31  30  29  28  27  26  25  24  23  22  21  20  19  18  17  16  15  14  13  12  11  10   9   8   7   6   5   4   3   2   1   2   3   4   5   6   7   8   9  10  11  12  13  14  15  16  17  18  19  20  21  22  23  24  25  26  27  28  29  30  31  32  33  34  35  36  37  38  39  40  41  42  43  44  45  46  47  48  49  50  51  52  53  54  55  56  57  58  59  60  61
  41  40  39  38  37  36  35  34  33  32  31  30  29  28  27  26  25  24  23  22  21  20  19  18  17  16  15  14  13  12  11  10   9   8   7   6   5   4   3   2   1   2   3   4   5   6   7   8   9  10  11  12  13  14  15  16  17  18  19  20  21  22  23  24  25  26  27  28  29  30  31  32  33  34  35  36  37  38  39  40  41  42  43  44  45  46  47  48  49  50  51  52  53  54  55  56  57  58  59  60
  42  41  40  39  38  37  36  35  34  33  32  31  30  29  28  27  26  25  24  23  22  21  20  19  18  17  16  15  14  13  12  11  10   9   8   7   6   5   4   3   2   1   2   3   4   5   6   7   8   9  10  11  12  13  14  15  16  17  18  19  20  21  22  23  24  25  26  27  28  29  30  31  32  33  34  35  36  37  38  39  40  41  42  43  44  45  46  47  48  49  50  51  52  53  54  55  56  57  58  59
  43  42  41  40  39  38  37  36  35  34  33  32  31  30  29  28  27  26  25  24  23  22  21  20  19  18  17  16  15  14  13  12  11  10   9   8   7   6   5   4   3   2   1   2   3   4   5   6   7   8   9  10  11  12  13  14  15  16  17  18  19  20  21  22  23  24  25  26  27  28  29  30  31  32  33  34  35  36  37  38  39  40  41  42  43  44  45  46  47  48  49  50  51  52  53  54  55  56  57  58
  44  43  42  41  40  39  38  37  36  35  34  33  32  31  30  29  28  27  26  25  24  23  22  21  20  19  18  17  16  15  14  13  12  11  10   9   8   7   6   5   4   3   2   1   2   3   4   5   6   7   8   9  10  11  12  13  14  15  16  17  18  19  20  21  22  23  24  25  26  27  28  29  30  31  32  33  34  35  36  37  38  39  40  41  42  43  44  45  46  47  48  49  50  51  52  53  54  55  56  57
  45  44  43  42  41  40  39  38  37  36  35  34  33  32  31  30  29  28  27  26  25  24  23  22  21  20  19  18  17  16  15  14  13  12  11  10   9   8   7   6   5   4   3   2   1   2   3   4   5   6   7   8   9  10  11  12  13  14  15  16  17  18  19  20  21  22  23  24  25  26  27  28  29  30  31  32  33  34  35  36  37  38  39  40  41  42  43  44  45  46  47  48  49  50  51  52  53  54  55  56
  46  45  44  43  42  41  40  39  38  37  36  35  34  33  32  31  30  29  28  27  26  25  24  23  22  21  20  19  18  17  16  15  14  13  12  11  10   9   8   7   6   5   4   3   2   1   2   3   4   5   6   7   8   9  10  11  12  13  14  15  16  17  18  19  20  21  22  23  24  25  26  27  28  29  30  31  32  33  34  35  36  37  38  39  40  41  42  43  44  45  46  47  48  49  50  51  52  53  54  55
  47  46  45  44  43  42  41  40  39  38  37  36  35  34  33  32  31  30  29  28  27  26  25  24  23  22  21  20  19  18  17  16  15  14  13  12  11  10   9   8   7   6   5   4   3   2   1   2   3   4   5   6   7   8   9  10  11  12  13  14  15  16  17  18  19  20  21  22  23  24  25  26  27  28  29  30  31  32  33  34  35  36  37  38  39  40  41  42  43  44  45  46  47  48  49  50  51  52  53  54
  48  47  46  45  44  43  42  41  40  39  38  37  36  35  34  33  32  31  30  29  28  27  26  25  24  23  22  21  20  19  18  17  16  15  14  13  12  11  10   9   8   7   6   5   4   3   2   1   2   3   4   5   6   7   8   9  10  11  12  13  14  15  16  17  18  19  20  21  22  23  24  25  26  27  28  29  30  31  32  33  34  35  36  37  38  39  40  41  42  43  44  45  46  47  48  49  50  51  52  53
  49  48  47  46  45  44  43  42  41  40  39  38  37  36  35  34  33  32  31  30  29  28  27  26  25  24  23  22  21  20  19  18  17  16  15  14  13  12  11  10   9   8   7   6   5   4   3   2   1   2   3   4   5   6   7   8   9  10  11  12  13  14  15  16  17  18  19  20  21  22  23  24  25  26  27  28  29  30  31  32  33  34  35  36  37  38  39  40  41  42  43  44  45  46  47  48  49  50  51  52
  50  49  48  47  46  45  44  43  42  41  40  39  38  37  36  35  34  33  32  31  30  29  28  27  26  25  24  23  22  21  20  19  18  17  16  15  14  13  12  11  10   9   8   7   6   5   4   3   2   1   2   3   4   5   6   7   8   9  10  11  12  13  14  15  16  17  18  19  20  21  22  23  24  25  26  27  28  29  30  31  32  33  34  35  36  37  38  39  40  41  42  43  44  45  46  47  48  49  50  51
  51  50  49  48  47  46  45  44  43  42  41  40  39  38  37  36  35  34  33  32  31  30  29  28  27  26  25  24  23  22  21  20  19  18  17  16  15  14  13  12  11  10   9   8   7   6   5   4   3   2   1   2   3   4   5   6   7   8   9  10  11  12  13  14  15  16  17  18  19  20  21  22  23  24  25  26  27  28  29  30  31  32  33  34  35  36  37  38  39  40  41  42  43  44  45  46  47  48  49  50
  52  51  50  49  48  47  46  45  44  43  42  41  40  39  38  37  36  35  34  33  32  31  30  29  28  27  26  25  24  23  22  21  20  19  18  17  16  15  14  13  12  11  10   9   8   7   6   5   4   3   2   1   2   3   4   5   6   7   8   9  10  11  12  13  14  15  16  17  18  19  20  21  22  23  24  25  26  27  28  29  30  31  32  33  34  35  36  37  38  39  40  41  42  43  44  45  46  47  48  49
  53  52  51  50  49  48  47  46  45  44  43  42  41  40  39  38  37  36  35  34  33  32  31  30  29  28  27  26  25  24  23  22  21  20  19  18  17  16  15  14  13  12  11  10   9   8   7   6   5   4   3   2   1   2   3   4   5   6   7   8   9  10  11  12  13  14  15  16  17  18  19  20  21  22  23  24  25  26  27  28  29  30  31  32  33  34  35  36  37  38  39  40  41  42  43  44  45  46  47  48
  54  53  52  51  50  49  48  47  46  45  44  43  42  41  40  39  38  37  36  35  34  33  32  31  30  29  28  27  26  25  24  23  22  21  20  19  18  17  16  15  14  13  12  11  10   9   8   7   6   5   4   3   2   1   2   3   4   5   6   7   8   9  10  11  12  13  14  15  16  17  18  19  20  21  22  23  24  25  26  27  28  29  30  31  32  33  34  35  36  37  38  39  40  41  42  43  44  45  46  47
  55  54  53  52  51  50  49  48  47  46  45  44  43  42  41  40  39  38  37  36  35  34  33  32  31  30  29  28  27  26  25  24  23  22  21  20  19  18  17  16  15  14  13  12  11  10   9   8   7   6   5   4   3   2   1   2   3   4   5   6   7   8   9  10  11  12  13  14  15  16  17  18  19  20  21  22  23  24  25  26  27  28  29  30  31  32  33  34  35  36  37  38  39  40  41  42  43  44  45  46
  56  55  54  53  52  51  50  49  48  47  46  45  44  43  42  41  40  39  38  37  36  35  34  33  32  31  30  29  28  27  26  25  24  23  22  21  20  19  18  17  16  15  14  13  12  11  10   9   8   7   6   5   4   3   2   1   2   3   4   5   6   7   8   9  10  11  12  13  14  15  16  17  18  19  20  21  22  23  24  25  26  27  28  29  30  31  32  33  34  35  36  37  38  39  40  41  42  43  44  45
  57  56  55  54  53  52  51  50  49  48  47  46  45  44  43  42  41  40  39  38  37  36  35  34  33  32  31  30  29  28  27  26  25  24  23  22  21  20  19  18  17  16  15  14  13  12  11  10   9   8   7   6   5   4   3   2   1   2   3   4   5   6   7   8   9  10  11  12  13  14  15  16  17  18  19  20  21  22  23  24  25  26  27  28  29  30  31  32  33  34  35  36  37  38  39  40  41  42  43  44
  58  57  56  55  54  53  52  51  50  49  48  47  46  45  44  43  42  41  40  39  38  37  36  35  34  33  32  31  30  29  28  27  26  25  24  23  22  21  20  19  18  17  16  15  14  13  12  11  10   9   8   7   6   5   4   3   2   1   2   3   4   5   6   7   8   9  10  11  12  13  14  15  16  17  18  19  20  21  22  23  24  25  26  27  28  29  30  31  32  33  34  35  36  37  38  39  40  41  42  43
  59  58  57  56  55  54  53  52  51  50  49  48  47  46  45  44  43  42  41  40  39  38  37  36  35  34  33  32  31  30  29  28  27  26  25  24  23  22  21  20  19  18  17  16  15  14  13  12  11  10   9   8   7   6   5   4   3   2   1   2   3   4   5   6   7   8   9  10  11  12  13  14  15  16  17  18  19  20  21  22  23  24  25  26  27  28  29  30  31  32  33  34  35  36  37  38  39  40  41  42
  60  59  58  57  56  55  54  53  52  51  50  49  48  47  46  45  44  43  42  41  40  39  38  37  36  35  34  33  32  31  30  29  28  27  26  25  24  23  22  21  20  19  18  17  16  15  14  13  12  11  10   9   8   7   6   5   4   3   2   1   2   3   4   5   6   7   8   9  10  11  12  13  14  15  16  17  18  19  20  21  22  23  24  25  26  27  28  29  30  31  32  33  34  35  36  37  38  39  40  41
  61  60  59  58  57  56  55  54  53  52  51  50  49  48  47  46  45  44  43  42  41  40  39  38  37  36  35  34  33  32  31  30  29  28  27  26  25  24  23  22  21  20  19  18  17  16  15  14  13  12  11  10   9   8   7   6   5   4   3   2   1   2   3   4   5   6   7   8   9  10  11  12  13  14  15  16  17  18  19  20  21  22  23  24  25  26  27  28  29  30  31  32  33  34  35  36  37  38  39  40
  62  61  60  59  58  57  56  55  54  53  52  51  50  49  48  47  46  45  44  43  42  41  40  39  38  37  36  35  34  33  32  31  30  29  28  27  26  25  24  23  22  21  20  19  18  17  16  15  14  13  12  11  10   9   8   7   6   5   4   3   2   1   2   3   4   5   6   7   8   9  10  11  12  13  14  15  16  17  18  19  20  21  22  23  24  25  26  27  28  29  30  31  32  33  34  35  36  37  38  39
  63  62  61  60  59  58  57  56  55  54  53  52  51  50  49  48  47  46  45  44  43  42  41  40  39  38  37  36  35  34  33  32  31  30  29  28  27  26  25  24  23  22  21  20  19  18  17  16  15  14  13  12  11  10   9   8   7   6   5   4   3   2   1   2   3   4   5   6   7   8   9  10  11  12  13  14  15  16  17  18  19  20  21  22  23  24  25  26  27  28  29  30  31  32  33  34  35  36  37  38
  64  63  62  61  60  59  58  57  56  55  54  53  52  51  50  49  48  47  46  45  44  43  42  41  40  39  38  37  36  35  34  33  32  31  30  29  28  27  26  25  24  23  22  21  20  19  18  17  16  15  14  13  12  11  10   9   8   7   6   5   4   3   2   1   2   3   4   5   6   7   8   9  10  11  12  13  14  15  16  17  18  19  20  21  22  23  24  25  26  27  28  29  30  31  32  33  34  35  36  37
  65  64  63  62  61  60  59  58  57  56  55  54  53  52  51  50  49  48  47  46  45  44  43  42  41  40  39  38  37  36  35  34  33  32  31  30  29  28  27  26  25  24  23  22  21  20  19  18  17  16  15  14  13  12  11  10   9   8   7   6   5   4   3   2   1   2   3   4   5   6   7   8   9  10  11  12  13  14  15  16  17  18  19  20  21  22  23  24  25  26  27  28  29  30  31  32  33  34  35  36
  66  65  64  63  62  61  60  59  58  57  56  55  54  53  52  51  50  49  48  47  46  45  44  43  42  41  40  39  38  37  36  35  34  33  32  31  30  29  28  27  26  25  24  23  22  21  20  19  18  17  16  15  14  13  12  11  10   9   8   7   6   5   4   3   2   1   2   3   4   5   6   7   8   9  10  11  12  13  14  15  16  17  18  19  20  21  22  23  24  25  26  27  28  29  30  31  32  33  34  35
  67  66  65  64  63  62  61  60  59  58  57  56  55  54  53  52  51  50  49  48  47  46  45  44  43  42  41  40  39  38  37  36  35  34  33  32  31  30  29  28  27  26  25  24  23  22  21  20  19  18  17  16  15  14  13  12  11  10   9   8   7   6   5   4   3   2   1   2   3   4   5   6   7   8   9  10  11  12  13  14  15  16  17  18  19  20  21  22  23  24  25  26  27  28  29  30  31  32  33  34
  68  67  66  65  64  63  62  61  60  59  58  57  56  55  54  53  52  51  50  49  48  47  46  45  44  43  42  41  40  39  38  37  36  35  34  33  32  31  30  29  28  27  26  25  24  23  22  21  20  19  18  17  16  15  14  13  12  11  10   9   8   7   6   5   4   3   2   1   2   3   4   5   6   7   8   9  10  11  12  13  14  15  16  17  18  19  20  21  22  23  24  25  26  27  28  29  30  31  32  33
  69  68  67  66  65  64  63  62  61  60  59  58  57  56  55  54  53  52  51  50  49  48  47  46  45  44  43  42  41  40  39  38  37  36  35  34  33  32  31  30  29  28  27  26  25  24  23  22  21  20  19  18  17  16  15  14  13  12  11  10   9   8   7   6   5   4   3   2   1   2   3   4   5   6   7   8   9  10  11  12  13  14  15  16  17  18  19  20  21  22  23  24  25  26  27  28  29  30  31  32
  70  69  68  67  66  65  64  63  62  61  60  59  58  57  56  55  54  53  52  51  50  49  48  47  46  45  44  43  42  41  40  39  38  37  36  35  34  33  32  31  30  29  28  27  26  25  24  23  22  21  20  19  18  17  16  15  14  13  12  11  10   9   8   7   6   5   4   3   2   1   2   3   4   5   6   7   8   9  10  11  12  13  14  15  16  17  18  19  20  21  22  23  24  25  26  27  28  29  30  31
  71  70  69  68  67  66  65  64  63  62  61  60  59  58  57  56  55  54  53  52  51  50  49  48  47  46  45  44  43  42  41  40  39  38  37  36  35  34  33  32  31  30  29  28  27  26  25  24  23  22  21  20  19  18  17  16  15  14  13  12  11  10   9   8   7   6   5   4   3   2   1   2   3   4   5   6   7   8   9  10  11  12  13  14  15  16  17  18  19  20  21  22  23  24  25  26  27  28  29  30
  72  71  70  69  68  67  66  65  64  63  62  61  60  59  58  57  56  55  54  53  52  51  50  49  48  47  46  45  44  43  42  41  40  39  38  37  36  35  34  33  32  31  30  29  28  27  26  25  24  23  22  21  20  19  18  17  16  15  14  13  12  11  10   9   8   7   6   5   4   3   2   1   2   3   4   5   6   7   8   9  10  11  12  13  14  15  16  17  18  19  20  21  22  23  24  25  26  27  28  29
  73  72  71  70  69  68  67  66  65  64  63  62  61  60  59  58  57  56  55  54  53  52  51  50  49  48  47  46  45  44  43  42  41  40  39  38  37  36  35  34  33  32  31  30  29  28  27  26  25  24  23  22  21  20  19  18  17  16  15  14  13  12  11  10   9   8   7   6   5   4   3   2   1   2   3   4   5   6   7   8   9  10  11  12  13  14  15  16  17  18  19  20  21  22  23  24  25  26  27  28
  74  73  72  71  70  69  68  67  66  65  64  63  62  61  60  59  58  57  56  55  54  53  52  51  50  49  48  47  46  45  44  43  42  41  40  39  38  37  36  35  34  33  32  31  30  29  28  27  26  25  24  23  22  21  20  19  18  17  16  15  14  13  12  11  10   9   8   7   6   5   4   3   2   1   2   3   4   5   6   7   8   9  10  11  12  13  14  15  16  17  18  19  20  21  22  23  24  25  26  27
  75  74  73  72  71  70  69  68  67  66  65  64  63  62  61  60  59  58  57  56  55  54  53  52  51  50  49  48  47  46  45  44  43  42  41  40  39  38  37  36  35  34  33  32  31  30  29  28  27  26  25  24  23  22  21  20  19  18  17  16  15  14  13  12  11  10   9   8   7   6   5   4   3   2   1   2   3   4   5   6   7   8   9  10  11  12  13  14  15  16  17  18  19  20  21  22  23  24  25  26
  76  75  74  73  72  71  70  69  68  67  66  65  64  63  62  61  60  59  58  57  56  55  54  53  52  51  50  49  48  47  46  45  44  43  42  41  40  39  38  37  36  35  34  33  32  31  30  29  28  27  26  25  24  23  22  21  20  19  18  17  16  15  14  13  12  11  10   9   8   7   6   5   4   3   2   1   2   3   4   5   6   7   8   9  10  11  12  13  14  15  16  17  18  19  20  21  22  23  24  25
  77  76  75  74  73  72  71  70  69  68  67  66  65  64  63  62  61  60  59  58  57  56  55  54  53  52  51  50  49  48  47  46  45  44  43  42  41  40  39  38  37  36  35  34  33  32  31  30  29  28  27  26  25  24  23  22  21  20  19  18  17  16  15  14  13  12  11  10   9   8   7   6   5   4   3   2   1   2   3   4   5   6   7   8   9  10  11  12  13  14  15  16  17  18  19  20  21  22  23  24
  78  77  76  75  74  73  72  71  70  69  68  67  66  65  64  63  62  61  60  59  58  57  56  55  54  53  52  51  50  49  48  47  46  45  44  43  42  41  40  39  38  37  36  35  34  33  32  31  30  29  28  27  26  25  24  23  22  21  20  19  18  17  16  15  14  13  12  11  10   9   8   7   6   5   4   3   2   1   2   3   4   5   6   7   8   9  10  11  12  13  14  15  16  17  18  19  20  21  22  23
  79  78  77  76  75  74  73  72  71  70  69  68  67  66  65  64  63  62  61  60  59  58  57  56  55  54  53  52  51  50  49  48  47  46  45  44  43  42  41  40  39  38  37  36  35  34  33  32  31  30  29  28  27  26  25  24  23  22  21  20  19  18  17  16  15  14  13  12  11  10   9   8   7   6   5   4   3   2   1   2   3   4   5   6   7   8   9  10  11  12  13  14  15  16  17  18  19  20  21  22
  80  79  78  77  76  75  74  73  72  71  70  69  68  67  66  65  64  63  62  61  60  59  58  57  56  55  54  53  52  51  50  49  48  47  46  45  44  43  42  41  40  39  38  37  36  35  34  33  32  31  30  29  28  27  26  25  24  23  22  21  20  19  18  17  16  15  14  13  12  11  10   9   8   7   6   5   4   3   2   1   2   3   4   5   6   7   8   9  10  11  12  13  14  15  16  17  18  19  20  21
  81  80  79  78  77  76  75  74  73  72  71  70  69  68  67  66  65  64  63  62  61  60  59  58  57  56  55  54  53  52  51  50  49  48  47  46  45  44  43  42  41  40  39  38  37  36  35  34  33  32  31  30  29  28  27  26  25  24  23  22  21  20  19  18  17  16  15  14  13  12  11  10   9   8   7   6   5   4   3   2   1   2   3   4   5   6   7   8   9  10  11  12  13  14  15  16  17  18  19  20
  82  81  80  79  78  77  76  75  74  73  72  71  70  69  68  67  66  65  64  63  62  61  60  59  58  57  56  55  54  53  52  51  50  49  48  47  46  45  44  43  42  41  40  39  38  37  36  35  34  33  32  31  30  29  28  27  26  25  24  23  22  21  20  19  18  17  16  15  14  13  12  11  10   9   8   7   6   5   4   3   2   1   2   3   4   5   6   7   8   9  10  11  12  13  14  15  16  17  18  19
  83  82  81  80  79  78  77  76  75  74  73  72  71  70  69  68  67  66  65  64  63  62  61  60  59  58  57  56  55  54  53  52  51  50  49  48  47  46  45  44  43  42  41  40  39  38  37  36  35  34  33  32  31  30  29  28  27  26  25  24  23  22  21  20  19  18  17  16  15  14  13  12  11  10   9   8   7   6   5   4   3   2   1   2   3   4   5   6   7   8   9  10  11  12  13  14  15  16  17  18
  84  83  82  81  80  79  78  77  76  75  74  73  72  71  70  69  68  67  66  65  64  63  62  61  60  59  58  57  56  55  54  53  52  51  50  49  48  47  46  45  44  43  42  41  40  39  38  37  36  35  34  33  32  31  30  29  28  27  26  25  24  23  22  21  20  19  18  17  16  15  14  13  12  11  10   9   8   7   6   5   4   3   2   1   2   3   4   5   6   7   8   9  10  11  12  13  14  15  16  17
  85  84  83  82  81  80  79  78  77  76  75  74  73  72  71  70  69  68  67  66  65  64  63  62  61  60  59  58  57  56  55  54  53  52  51  50  49  48  47  46  45  44  43  42  41  40  39  38  37  36  35  34  33  32  31  30  29  28  27  26  25  24  23  22  21  20  19  18  17  16  15  14  13  12  11  10   9   8   7   6   5   4   3   2   1   2   3   4   5   6   7   8   9  10  11  12  13  14  15  16
  86  85  84  83  82  81  80  79  78  77  76  75  74  73  72  71  70  69  68  67  66  65  64  63  62  61  60  59  58  57  56  55  54  53  52  51  50  49  48  47  46  45  44  43  42  41  40  39  38  37  36  35  34  33  32  31  30  29  28  27  26  25  24  23  22  21  20  19  18  17  16  15  14  13  12  11  10   9   8   7   6   5   4   3   2   1   2   3   4   5   6   7   8   9  10  11  12  13  14  15
  87  86  85  84  83  82  81  80  79  78  77  76  75  74  73  72  71  70  69  68  67  66  65  64  63  62  61  60  59  58  57  56  55  54  53  52  51  50  49  48  47  46  45  44  43  42  41  40  39  38  37  36  35  34  33  32  31  30  29  28  27  26  25  24  23  22  21  20  19  18  17  16  15  14  13  12  11  10   9   8   7   6   5   4   3   2   1   2   3   4   5   6   7   8   9  10  11  12  13  14
  88  87  86  85  84  83  82  81  80  79  78  77  76  75  74  73  72  71  70  69  68  67  66  65  64  63  62  61  60  59  58  57  56  55  54  53  52  51  50  49  48  47  46  45  44  43  42  41  40  39  38  37  36  35  34  33  32  31  30  29  28  27  26  25  24  23  22  21  20  19  18  17  16  15  14  13  12  11  10   9   8   7   6   5   4   3   2   1   2   3   4   5   6   7   8   9  10  11  12  13
  89  88  87  86  85  84  83  82  81  80  79  78  77  76  75  74  73  72  71  70  69  68  67  66  65  64  63  62  61  60  59  58  57  56  55  54  53  52  51  50  49  48  47  46  45  44  43  42  41  40  39  38  37  36  35  34  33  32  31  30  29  28  27  26  25  24  23  22  21  20  19  18  17  16  15  14  13  12  11  10   9   8   7   6   5   4   3   2   1   2   3   4   5   6   7   8   9  10  11  12
  90  89  88  87  86  85  84  83  82  81  80  79  78  77  76  75  74  73  72  71  70  69  68  67  66  65  64  63  62  61  60  59  58  57  56  55  54  53  52  51  50  49  48  47  46  45  44  43  42  41  40  39  38  37  36  35  34  33  32  31  30  29  28  27  26  25  24  23  22  21  20  19  18  17  16  15  14  13  12  11  10   9   8   7   6   5   4   3   2   1   2   3   4   5   6   7   8   9  10  11
  91  90  89  88  87  86  85  84  83  82  81  80  79  78  77  76  75  74  73  72  71  70  69  68  67  66  65  64  63  62  61  60  59  58  57  56  55  54  53  52  51  50  49  48  47  46  45  44  43  42  41  40  39  38  37  36  35  34  33  32  31  30  29  28  27  26  25  24  23  22  21  20  19  18  17  16  15  14  13  12  11  10   9   8   7   6   5   4   3   2   1   2   3   4   5   6   7   8   9  10
  92  91  90  89  88  87  86  85  84  83  82  81  80  79  78  77  76  75  74  73  72  71  70  69  68  67  66  65  64  63  62  61  60  59  58  57  56  55  54  53  52  51  50  49  48  47  46  45  44  43  42  41  40  39  38  37  36  35  34  33  32  31  30  29  28  27  26  25  24  23  22  21  20  19  18  17  16  15  14  13  12  11  10   9   8   7   6   5   4   3   2   1   2   3   4   5   6   7   8   9
  93  92  91  90  89  88  87  86  85  84  83  82  81  80  79  78  77  76  75  74  73  72  71  70  69  68  67  66  65  64  63  62  61  60  59  58  57  56  55  54  53  52  51  50  49  48  47  46  45  44  43  42  41  40  39  38  37  36  35  34  33  32  31  30  29  28  27  26  25  24  23  22  21  20  19  18  17  16  15  14  13  12  11  10   9   8   7   6   5   4   3   2   1   2   3   4   5   6   7   8
  94  93  92  91  90  89  88  87  86  85  84  83  82  81  80  79  78  77  76  75  74  73  72  71  70  69  68  67  66  65  64  63  62  61  60  59  58  57  56  55  54  53  52  51  50  49  48  47  46  45  44  43  42  41  40  39  38  37  36  35  34  33  32  31  30  29  28  27  26  25  24  23  22  21  20  19  18  17  16  15  14  13  12  11  10   9   8   7   6   5   4   3   2   1   2   3   4   5   6   7
  95  94  93  92  91  90  89  88  87  86  85  84  83  82  81  80  79  78  77  76  75  74  73  72  71  70  69  68  67  66  65  64  63  62  61  60  59  58  57  56  55  54  53  52  51  50  49  48  47  46  45  44  43  42  41  40  39  38  37  36  35  34  33  32  31  30  29  28  27  26  25  24  23  22  21  20  19  18  17  16  15  14  13  12  11  10   9   8   7   6   5   4   3   2   1   2   3   4   5   6
  96  95  94  93  92  91  90  89  88  87  86  85  84  83  82  81  80  79  78  77  76  75  74  73  72  71  70  69  68  67  66  65  64  63  62  61  60  59  58  57  56  55  54  53  52  51  50  49  48  47  46  45  44  43  42  41  40  39  38  37  36  35  34  33  32  31  30  29  28  27  26  25  24  23  22  21  20  19  18  17  16  15  14  13  12  11  10   9   8   7   6   5   4   3   2   1   2   3   4   5
  97  96  95  94  93  92  91  90  89  88  87  86  85  84  83  82  81  80  79  78  77  76  75  74  73  72  71  70  69  68  67  66  65  64  63  62  61  60  59  58  57  56  55  54  53  52  51  50  49  48  47  46  45  44  43  42  41  40  39  38  37  36  35  34  33  32  31  30  29  28  27  26  25  24  23  22  21  20  19  18  17  16  15  14  13  12  11  10   9   8   7   6   5   4   3   2   1   2   3   4
  98  97  96  95  94  93  92  91  90  89  88  87  86  85  84  83  82  81  80  79  78  77  76  75  74  73  72  71  70  69  68  67  66  65  64  63  62  61  60  59  58  57  56  55  54  53  52  51  50  49  48  47  46  45  44  43  42  41  40  39  38  37  36  35  34  33  32  31  30  29  28  27  26  25  24  23  22  21  20  19  18  17  16  15  14  13  12  11  10   9   8   7   6   5   4   3   2   1   2   3
  99  98  97  96  95  94  93  92  91  90  89  88  87  86  85  84  83  82  81  80  79  78  77  76  75  74  73  72  71  70  69  68  67  66  65  64  63  62  61  60  59  58  57  56  55  54  53  52  51  50  49  48  47  46  45  44  43  42  41  40  39  38  37  36  35  34  33  32  31  30  29  28  27  26  25  24  23  22  21  20  19  18  17  16  15  14  13  12  11  10   9   8   7   6   5   4   3   2   1   2
 100  99  98  97  96  95  94  93  92  91  90  89  88  87  86  85  84  83  82  81  80  79  78  77  76  75  74  73  72  71  70  69  68  67  66  65  64  63  62  61  60  59  58  57  56  55  54  53  52  51  50  49  48  47  46  45  44  43  42  41  40  39  38  37  36  35  34  33  32  31  30  29  28  27  26  25  24  23  22  21  20  19  18  17  16  15  14  13  12  11  10   9   8   7   6   5   4   3   2   1
10
84 17
45 93
50 44
14 97
85 23
53 72
69 38
7 44
29 46
35 74
