60 40
  17   6  14  16   8   8  20  17   6  19   6  19  12  10  11  13  17  10   7  10  11  10  11  19  13  10   4   1   9   7   8   1  15  11  14   5  15  12   5   1
   1  13   6  14  20   2   5   1   1  15  12   2   5  20  16  18  16  13  18   8  10  12   6  13  17  11  12  16   9   8   3  11   2  16   5   4  17   4  20   8
   4  15  13   4  18  20   6  16   2  17   8  17  20  11   9  16   3   8  16  12  15   5  15  16   1  11  19   5  14  13   6  16  18  13  20   4  14  17  10   6
  11   2   8   2   4  15   9   8   5  15  11  11   7  15   8   2  14   4   7  20  20   4  12  13   8   1  19   2   6   1   4  13   6   5  13   3   6  11  19  11
  11  16  10  10   7  19  16   4  20  19  10  17   3   6   1   5  13   3   2   1  15  11   9  13  12   8  19  12   9   1   5  10   1   3  17   5   6  20  19  12
   3   1  11  16  10   4  14   4   7  13  16  20  13   7  15  19   1  10   3   3  16   2  12  13  12   2  11   6   5   9   4   7   9  14  12   1   8  18   8   4
  15  15  20  13  19  18  16  13   6  13   6   2   6   8   1  10  13   6  20   6  14   1   5   5  11   6  19   7   3   2  17   2   1   2   2  17   2  17  14  11
   7  15   8   1  20   5   7  14   6  20   4  13  10  17   1  12   4  20  19  16  19   9  13  17  19   1   4   3   1   1  18   4   5  19  11   1  17  17   6   1
   9  18  14  11   2   1  19  10   8   5   1  15  20   2  20  11  19   6  17   1   3  15   2  11   9   6   1  10  15   3   7  11  15   6  15   6   6   6  13  11
   7   5  13   3   9   5   4  11   5   2   6  18   5   6   8   9   8  17   1   4  12  16  17   3   8  19  20  18   9   8   1   3   9   8   7   4   7  12   4   4
  13   4   7   1  10   9   3   4  18  15   1   6   5   7  19   4   8   3  16   7   4   9  11   3   5   1  18  11  15  16  18  20  17  20   7  12  15   4   4  17
  18   1   9   8   7  18  14  20   9  14   2  12  16  15  15   3  12  12  18   4  14   5  17  14   1   4   4  13   1  15   9   1  10  18  14  10  14  10  18   2
  19  19   6   5  19  19  12   8   9   8   4  11   1  20  12   2   5   4   8   4   2  12   8   2   2  10   9  18  20  18   5   1  19  14  10   2  13  18   9  15
   1  17  15  10  16  20  10   3   3  16   3  19  20  11  14  19   4  19   8   8  17  13   2  15   5   6   6  11  10  17  18  15  16   7   9   3  16  17  12  19
   3   8  20  15   5  12   9   2  13   9   5   3  16  20  18   1   8  13  19   2  10   2  18   9   6   8   7   3  16  20  20  15   8  17   6   4  16   1  19  18
   7   3  18  13   9   1  14  20  11   2   4   2   3   9  15  15   8   7  11   8  11  13   8  20  12  11  16  16   3  10  18   2   9   6   3  16   4  11  11  17
  13  11   9  14   6  14   1  20   1  16   6   7  17  14  10   2   7   8  18  19   2  14   8   4   7   2   2  20  12   2   3  19   6   8  13  20   7   4  14   7
  10   2  17  14   6  18  14  17  17  16  13  18   2  17  14   8  13  17  15  17  19   2   3  16  15  13   5  20   3   7  20   8   4  16  12  13  12  15   6  19
  19  15  12  19  19   5  12  10   2  14   6  10  13  13   1  19   1  14   9  11  19  18  12  12  16   9  18  13   4   9   9   8   6  13  17   1  16  10  20  16
  13  20  18   9  20  12   2   5  19   9  17  10   9  18   7  17   1  10   6  15  15   1   1   6   5  10   3   5   8  11   6   9  10  20  18  11   5  11   8  12
  17  10  15   9  17  12  10  17  20  11   7   4  13   7  18  17  16  15  16   8  18  11   3   3   1   1  13   1  12   1  17  20  17  15  20  19  16  10  13  17
  19   3  17  15   7  16  12   9  13   8  12   3  19  18  10   5  18   7  13  13   4   3   5  13  16  15  19  10   7  10  15  16   6  17   8   9   6  17  11  11
   5  20   2   6  12   6  15  14  17   7   8   8   3  17   5  18   5   9  13   7   2  12  20   4  14   5  17  17  15   9   1  17  14  11   6   5   7  15  10   2
  16   7  10  14  12  18   3   5   7  10  13  15  20   3  18   5  19  19   4  15   1  10   2   3  18  12  16   9   3   7  15  16   1  15  13   7   9  13   6   5
   3  18   2  17   9  16   9  16   4  12   6  11   8  12  14   7   6   5  15   4   9  14  16  13  19  17  13  13  15   9  14  15   4   4  14  13   9   7  16   7
  12  17   6  16   1   3  11  12   5   1  20  15   2  11   6   4   3   2   7   4   9   6   6  10  17  11  16  20   6  19  11  19  13   5   5  12   3   5   5  20
  12   1  16   3   9  16   3  12   8  18  12  18   7  18  17  13   4   9   5  15  16  20  10   9   1  12  10   8  15  16   3  19   1  19   3   8   6  18  14  15
  15  14   9   6   7  17  16   7  20   2  10  10   4   4  19   3  11  10   4   1  19  10  10  19  18  16  11   8  17   5  11   2   8  18   1   1   4   9  14  18
  13   3  13  18   4  10   7   3   7  13  16  15  16  15   7  14   5   6  20  16  16  15  13  14  15  20   9   7  13  14  13  15   6  13   5   6   1  20  12   2
  12  16  14   3   4  16  11  17  17  11   4   8   6   9   5   7   9   8  18  17   8  11  14  10  17   7  10   4   6   5  18   7  17  13  10   4   1  11  17   8
   3   5   7  12  19  14  20   9   6  13  16   8   1   9  16  18  16   8   4  14  20  19  15  17  14  19  15   7   6  16  16   8   6  12   7  19  15   3  16  20
   7   5   9   7   5  18  11  16  10  10  14  20  14   2  20   3   3  10   2   8  15  20  14   1   3   6  10  15   5  12  18  13  16  14   8  10  11  20  11   6
  17  17  19   1   8  19  16  11   3   1   8   9   3   9  16  13   7  10  17   3   8   5  19  16   2  12   3  19   8  12   3   9  12   3   8  18  10   1  13  18
   1   8   9   4   5   3   2  14   2   1  17   7  12  10  16   6  18   7   7   4   6   8  10  12  20  14   4   4  17   3   9  15   6   6   2  10  15  19   8  17
   7   2  14   5  14  20  14  16  19  14  14   4  14  16  13   4   5   5  19  15  18   6   5   5  13  13   9  15   5   6  10  16  18   9   2  16  20  14   4  11
   9   2  19   4  17  20   8  16   1   1  18   1   6  18  13   4  19   6  11  13   7  13  16  11  20   8   5  16   5  16   6   7  10   3   1  18   4  20  10   3
  18  18  18  13   8   9   7   1   6   1  10   8  12  20  13   1  16  15   2  17  15  16   2  16  12  11  17   7  18  10   7   2  19   2   7  17  17  17  12  18
  20  15  12  10  11   5   4  10   1  16   1  12   2   9   5  19   8  18   8   2   5  19   6  14   4   9   4  19  17   4  16   8  11   8   1  17  11  20  10   4
   6   7   2   8  10  13  12  14  16  16  17  18   9  13  11  20   3   6   1   2  18  19  15  20  13  15   7  16   1  14   7  14  14  15  18  13   8  16   7   9
  15  19   6   2  11  12   1   7   2  11  19   6   2  13  12  14   4  17  19  19   8   8   7  11   3  18  11  11  19   7   2   6  12  20  20   6  13  12  12   3
   2  10  14  10  20   5  16   2   8  12   6  10  18   2   1  10   5   3  17   5  12   2  13  18  16  13   7  11  16   4  17  19  16   1  11   9  11  19   3  11
   9  18   2  17  18   9  13   8   6   8   2  15   6   2   4  13  20  12  14   5  20  15   5  10  13  12   7  20   2   4  14  18  18  14   1  18   9  19   7   7
   6   1   4  19   8  15   6  11   2  12  12   5   4   5   3  13  14   1  11  12  12  13  19  16  10   2  18  17  18  15   2   9  20  20  14  13  15  13  16   5
   2   8  11  14   5  12  12   7  16  18   4  17   7   8  13   8   3  20  10   9   4  18  14   1  16  14  11  11  13  11  17  20   7  14   4   4   1   9  12  15
   9  20  17   1   1  12  18  12  20   8  16  14  11   1  14  11  16   3  10   4  18  14   1  15   6   5   6  16   7   3  19   2  18  18  15  11  20  15   2  16
   7   8  17  20  19  17  12  12  16  15  14   1  14   8   2   1  12  19  13  16  19  17   3  16  20  10  12   8  18  14  20   5  15  20  13   4   7   9  14  18
   7  10  19  10  12   7   6   2   4  10   2  20  11   8  15   8   9   7  16  15  17   9  15  13  19   5   8  10  13  19  20   7  14  19  13  15  17   9   1  15
   3  15  13  12  15  12  19  13  11   8   3  11   8   5  13   9  18   4   8  10  17   3  11  18  14   1  15  20  18  19   5   9  14  10   6   1   5  16  17   7
   6   4   5  11  12  16  10  13  13  20  18   4  14  13  20  14   1   7  15   5  17   5  19   8   9  13   4   7  11   4   8   9   9  16   2  10  20  17   8  20
  13  15   7  20  20  16  19   2   1  18  16   8   2   2  14   6  20   1  10  17   5  17   7   1   9  16   8   1  11  10  13  17   9  11   5  13  11  13  17  11
  15   6  11   5  12   9   6  11   6  11  10   5  15   9   4   9   9   3   7  14  11   3  20   2  14  10   1   6  20   3  19  10  18  12   6  11  15  11  18   4
  10   1  10  12   9   9   9  20   5  11  16  16  19   8  11   8   9  17  10  11   1  17   6  16  18   8  18  17   7  19  18  20  16  10  19  10  17   5   5   5
   9  20   1  14  20   4  12  20  17  13   6   6   5   4  15   5  19  15  14  13  14   9   2   4  15  16   8  15   3  15  14  18   5   4   2  10  10  13  19  17
   5   4   3  19   3   8   1  16  18   7  15   6  11   1  14  17   2  17   7  14  15  17  14  14  12   6   9   7  12   5  11   8   3  12   1   3   7   6  16  13
   5   6  13   1  20   2   1   9  14  14  10  20  16   2  19  14   4  17   6   3  20  14  15  18   9   2  17   1   5  14   7   2   6   6  11   3  16   3  20   6
  15   5  12  14  10  16  19  18   7   2   6  15  17  18   7   3  20  19  12   4   5   1  18   9  20  10   2  10  20   2  12   7  10  10   9   6   1   1   3  13
   3  13  14  19  14   2   5  12  20   8   9   9  15  10   9   8   1  11  15   3   3  20   6  20  11   9  19  11  11  15  15   4   8  16   8   6  10  16  16   7
  18  13  10   2   2   2  19  10  15  14   5  18   4   5  17  11  11   3   2  16  19  11  14   3  10   3  16   8  17  15  16   3   4   1   2  17  11  13  20  14
   3  13   4   9  14  10   7  15  10  12  18  12   8  15  19   3  12  20  18  11  12   1   2   8  14  17  10  15   6  13   4  19   2  12  10   8   9  12   4   1
  10  17   9  19  14  12   2  19  13   2   6   3   3  17   2   1   8   8   4   5  12   7  18   8   1   7  18   4  18  17   3  11  18  20   1   7  18  20  14  11
8
11 25
8 14
21 33
26 34
29 38
40 9
33 35
10 8
