30 40
0 6 92 45 91 64 55 20 92 56 27 66 61 91 39 74 48 48 80 91 57 28 41 52 41 0 52 84 71 15
0 0 64 24 57 80 53 76 0 77 59 11 88 84 80 70 33 64 87 40 6 80 28 0 79 85 30 51 17 83 
0 0 0 36 28 95 61 19 69 92 34 60 48 61 71 0 23 91 73 74 79 0 19 24 27 52 31 12 65 10 
0 0 0 0 92 91 17 75 25 35 9 22 36 90 41 80 54 26 69 15 34 0 8 50 7 25 10 50 88 94 
0 0 0 0 0 92 51 76 88 10 15 11 25 0 37 72 80 26 41 23 75 64 34 52 0 11 8 54 84 56 
0 0 0 0 0 0 10 51 34 94 22 55 0 80 16 15 45 11 79 8 42 75 21 50 88 93 11 55 29 53 
0 0 0 0 0 0 0 16 67 60 11 11 22 0 0 12 42 81 80 39 52 0 25 6 75 0 14 9 48 59 
0 0 0 0 0 0 0 0 78 39 61 56 40 62 18 66 12 30 63 20 70 15 29 91 7 90 95 31 27 90 
0 0 0 0 0 0 0 0 0 67 5 49 23 8 16 24 30 0 0 70 0 83 65 8 94 47 56 34 28 32 
0 0 0 0 0 0 0 0 0 0 24 52 31 69 10 87 77 0 31 9 35 36 0 66 16 95 72 14 89 29 
0 0 0 0 0 0 0 0 0 0 0 5 54 9 73 80 54 77 32 29 0 5 92 52 87 90 36 21 88 0 
0 0 0 0 0 0 0 0 0 0 0 0 35 12 15 5 49 14 77 78 43 90 19 52 10 7 72 63 61 46 
0 0 0 0 0 0 0 0 0 0 0 0 0 49 50 11 71 80 0 88 14 67 44 27 92 0 73 35 87 48 
0 0 0 0 0 0 0 0 0 0 0 0 0 0 0 46 36 71 49 84 23 41 6 14 57 6 56 56 94 78 
0 0 0 0 0 0 0 0 0 0 0 0 0 0 0 26 77 27 35 8 92 54 49 65 40 0 39 22 25 51 
0 0 0 0 0 0 0 0 0 0 0 0 0 0 0 0 25 93 20 16 28 13 77 55 41 58 14 13 76 79 
0 0 0 0 0 0 0 0 0 0 0 0 0 0 0 0 0 44 35 38 85 73 0 14 54 0 50 53 47 75 
0 0 0 0 0 0 0 0 0 0 0 0 0 0 0 0 0 0 36 79 55 0 83 75 22 14 60 16 0 9 
0 0 0 0 0 0 0 0 0 0 0 0 0 0 0 0 0 0 0 6 49 37 87 39 41 15 85 65 43 79 
0 0 0 0 0 0 0 0 0 0 0 0 0 0 0 0 0 0 0 0 92 47 55 17 38 9 66 0 32 86 
0 0 0 0 0 0 0 0 0 0 0 0 0 0 0 0 0 0 0 0 0 22 80 45 46 45 0 23 32 94 
0 0 0 0 0 0 0 0 0 0 0 0 0 0 0 0 0 0 0 0 0 0 85 93 25 57 89 8 6 0 
0 0 0 0 0 0 0 0 0 0 0 0 0 0 0 0 0 0 0 0 0 0 0 46 18 61 20 28 82 88 
0 0 0 0 0 0 0 0 0 0 0 0 0 0 0 0 0 0 0 0 0 0 0 0 85 20 56 75 36 59 
0 0 0 0 0 0 0 0 0 0 0 0 0 0 0 0 0 0 0 0 0 0 0 0 0 16 56 10 0 0 
0 0 0 0 0 0 0 0 0 0 0 0 0 0 0 0 0 0 0 0 0 0 0 0 0 0 82 93 10 95 
0 0 0 0 0 0 0 0 0 0 0 0 0 0 0 0 0 0 0 0 0 0 0 0 0 0 0 53 8 88 
0 0 0 0 0 0 0 0 0 0 0 0 0 0 0 0 0 0 0 0 0 0 0 0 0 0 0 0 68 0 
0 0 0 0 0 0 0 0 0 0 0 0 0 0 0 0 0 0 0 0 0 0 0 0 0 0 0 0 0 21 
0 0 0 0 0 0 0 0 0 0 0 0 0 0 0 0 0 0 0 0 0 0 0 0 0 0 0 0 0 0 
0 62 48 67 65 42 48 62 25 33 39 69 29 35 36 31 58 58 34 46 32 26 20 29 65 0 21 34 21 66 
0 0 57 69 39 50 24 27 0 67 64 62 67 59 53 37 26 27 51 51 55 50 52 0 34 58 66 65 26 42 
0 0 0 53 33 20 55 30 56 48 60 69 50 57 49 0 69 26 36 68 54 0 50 63 22 31 26 56 20 34 
0 0 0 0 40 22 54 21 51 63 29 29 21 69 33 69 52 65 34 49 54 0 23 58 25 26 43 23 53 57 
0 0 0 0 0 62 53 57 44 54 60 20 26 0 31 26 26 42 30 58 44 36 48 44 0 66 53 58 65 37 
0 0 0 0 0 0 69 49 46 41 63 62 0 44 50 22 21 20 59 42 68 67 61 43 27 29 51 56 66 47 
0 0 0 0 0 0 0 28 42 25 40 26 57 0 0 50 38 57 32 69 55 0 27 53 69 0 30 34 51 61 
0 0 0 0 0 0 0 0 53 68 51 46 46 27 59 39 20 21 31 58 51 52 61 51 49 33 53 39 54 48 
0 0 0 0 0 0 0 0 0 64 27 30 46 31 38 66 33 0 0 57 0 40 53 46 45 58 66 54 23 53 
0 0 0 0 0 0 0 0 0 0 54 64 28 42 65 26 23 0 63 25 50 27 0 42 24 69 68 30 66 66 
0 0 0 0 0 0 0 0 0 0 0 54 40 28 67 60 50 51 34 45 0 46 57 44 64 68 41 61 22 0 
0 0 0 0 0 0 0 0 0 0 0 0 50 69 56 62 34 47 20 59 52 25 41 27 42 57 57 45 44 30 
0 0 0 0 0 0 0 0 0 0 0 0 0 48 35 67 52 50 0 65 26 66 66 46 42 0 37 47 61 62 
0 0 0 0 0 0 0 0 0 0 0 0 0 0 0 33 35 21 21 22 64 21 31 45 55 58 39 50 44 51 
0 0 0 0 0 0 0 0 0 0 0 0 0 0 0 67 24 29 67 55 35 42 64 35 50 0 56 65 42 53 
0 0 0 0 0 0 0 0 0 0 0 0 0 0 0 0 63 63 57 68 49 50 67 31 31 34 68 38 66 59 
0 0 0 0 0 0 0 0 0 0 0 0 0 0 0 0 0 57 43 58 34 23 0 50 54 0 47 60 59 37 
0 0 0 0 0 0 0 0 0 0 0 0 0 0 0 0 0 0 45 34 32 0 64 45 47 48 53 63 0 59 
0 0 0 0 0 0 0 0 0 0 0 0 0 0 0 0 0 0 0 68 27 56 48 30 52 60 21 68 46 61 
0 0 0 0 0 0 0 0 0 0 0 0 0 0 0 0 0 0 0 0 41 32 30 29 23 35 60 0 22 66 
0 0 0 0 0 0 0 0 0 0 0 0 0 0 0 0 0 0 0 0 0 56 42 56 57 45 0 60 48 45 
0 0 0 0 0 0 0 0 0 0 0 0 0 0 0 0 0 0 0 0 0 0 34 63 67 43 20 37 53 0 
0 0 0 0 0 0 0 0 0 0 0 0 0 0 0 0 0 0 0 0 0 0 0 29 52 32 56 22 66 35 
0 0 0 0 0 0 0 0 0 0 0 0 0 0 0 0 0 0 0 0 0 0 0 0 26 48 68 48 39 29 
0 0 0 0 0 0 0 0 0 0 0 0 0 0 0 0 0 0 0 0 0 0 0 0 0 48 22 47 0 0 
0 0 0 0 0 0 0 0 0 0 0 0 0 0 0 0 0 0 0 0 0 0 0 0 0 0 41 33 40 40 
0 0 0 0 0 0 0 0 0 0 0 0 0 0 0 0 0 0 0 0 0 0 0 0 0 0 0 59 38 26 
0 0 0 0 0 0 0 0 0 0 0 0 0 0 0 0 0 0 0 0 0 0 0 0 0 0 0 0 63 0 
0 0 0 0 0 0 0 0 0 0 0 0 0 0 0 0 0 0 0 0 0 0 0 0 0 0 0 0 0 35 
0 0 0 0 0 0 0 0 0 0 0 0 0 0 0 0 0 0 0 0 0 0 0 0 0 0 0 0 0 0 
