50 100
0 0 0 0 0 0 42 0 0 53 40 0 41 0 0 0 0 0 0 0 0 59 0 48 49 0 46 52 0 0 0 0 0 46 0 0 0 41 44 44 0 0 53 0 0 57 0 0 46 0
0 0 0 0 60 0 0 49 0 0 0 0 0 0 55 54 0 0 49 0 53 0 0 0 41 0 59 0 55 0 0 48 0 0 0 49 0 56 0 0 0 0 0 0 0 0 0 0 0 0 
0 0 0 0 0 0 0 0 0 0 0 0 0 0 0 58 0 0 0 0 47 0 0 42 0 0 0 0 0 0 0 59 51 0 0 0 58 53 56 47 57 0 55 0 0 0 0 0 0 60 
0 0 0 0 0 46 45 0 0 56 0 0 56 0 0 50 0 50 0 0 43 60 0 0 53 0 0 0 41 0 0 0 57 0 0 0 0 0 53 53 0 0 0 41 43 0 0 0 58 55 
0 0 0 0 0 0 0 0 0 0 0 0 0 0 0 0 50 0 0 0 59 58 53 0 40 0 0 0 0 0 0 0 0 0 0 0 0 0 0 45 0 0 0 0 44 0 0 0 0 0 
0 0 0 0 0 0 40 0 0 53 0 0 0 0 0 0 0 46 0 0 0 0 44 40 0 0 0 0 0 0 0 0 0 0 0 0 0 42 0 51 0 0 0 0 59 0 60 0 46 0 
0 0 0 0 0 0 0 0 0 0 0 0 0 43 0 57 0 51 0 0 0 0 0 41 48 0 45 0 48 51 0 40 50 0 0 0 47 0 56 0 0 0 40 59 0 58 0 0 0 0 
0 0 0 0 0 0 0 0 0 0 0 0 0 0 0 0 57 0 0 0 0 0 0 0 0 58 0 0 46 52 0 50 0 0 0 0 0 0 0 0 0 0 52 0 0 0 0 0 0 41 
0 0 0 0 0 0 0 0 0 0 46 0 0 0 0 0 59 51 0 0 0 0 0 0 0 0 0 0 0 0 0 42 0 0 0 0 0 0 0 0 0 46 0 0 0 0 0 42 51 0 
0 0 0 0 0 0 0 0 0 0 0 0 0 0 0 0 0 0 0 0 0 58 0 0 0 0 44 0 0 57 0 0 0 0 0 43 49 0 0 0 0 0 50 0 43 0 0 0 0 0 
0 0 0 0 0 0 0 0 0 0 0 0 0 0 0 60 0 0 0 0 0 0 0 0 0 56 59 53 0 0 0 0 58 40 0 40 0 0 0 0 0 0 0 0 0 0 0 54 0 49 
0 0 0 0 0 0 0 0 0 0 0 0 0 58 0 0 0 0 0 0 0 0 44 0 0 48 0 0 0 0 58 0 41 0 0 0 0 46 0 0 0 0 0 0 0 0 0 40 59 0 
0 0 0 0 0 0 0 0 0 0 0 0 0 0 0 0 0 0 0 49 57 0 53 0 0 0 0 0 0 0 0 0 0 0 0 0 60 0 0 0 0 0 0 42 0 0 0 40 0 0 
0 0 0 0 0 0 0 0 0 0 0 0 0 0 0 40 51 44 48 0 0 0 0 0 0 0 0 0 41 50 0 0 0 0 47 51 0 0 0 0 0 53 0 0 0 0 0 0 51 0 
0 0 0 0 0 0 0 0 0 0 0 0 0 0 0 0 0 0 40 0 0 0 54 0 0 0 0 0 0 0 0 0 0 0 0 52 0 0 0 0 0 0 0 0 0 0 0 0 0 0 
0 0 0 0 0 0 0 0 0 0 0 0 0 0 0 0 55 0 0 0 41 0 0 45 0 0 0 0 0 0 0 0 0 56 0 54 0 0 0 0 0 54 0 0 0 0 0 0 40 44 
0 0 0 0 0 0 0 0 0 0 0 0 0 0 0 0 0 0 0 0 0 0 0 0 57 44 0 0 59 0 0 0 0 0 51 0 0 0 0 0 0 0 48 0 0 0 0 0 54 0 
0 0 0 0 0 0 0 0 0 0 0 0 0 0 0 0 0 0 60 0 0 0 59 0 0 0 0 0 0 0 0 0 0 57 0 0 0 0 0 47 0 56 0 49 0 0 0 0 0 44 
0 0 0 0 0 0 0 0 0 0 0 0 0 0 0 0 0 0 0 0 0 42 60 0 0 58 0 0 0 0 0 0 0 0 54 0 54 0 40 0 0 0 0 0 0 0 0 0 0 58 
0 0 0 0 0 0 0 0 0 0 0 0 0 0 0 0 0 0 0 0 49 0 0 60 0 0 55 0 0 46 0 0 0 0 0 0 0 0 0 0 0 0 0 0 0 57 0 0 0 0 
0 0 0 0 0 0 0 0 0 0 0 0 0 0 0 0 0 0 0 0 0 0 0 0 0 0 0 0 0 46 0 0 0 0 0 0 0 0 0 0 50 0 0 0 58 46 0 0 0 0 
0 0 0 0 0 0 0 0 0 0 0 0 0 0 0 0 0 0 0 0 0 0 0 50 40 0 0 0 0 0 0 0 50 0 56 0 0 0 0 46 0 0 0 0 0 0 0 0 60 0 
0 0 0 0 0 0 0 0 0 0 0 0 0 0 0 0 0 0 0 0 0 0 0 44 0 51 46 0 56 53 0 0 0 0 55 0 0 57 0 0 0 0 0 0 0 50 0 0 0 0 
0 0 0 0 0 0 0 0 0 0 0 0 0 0 0 0 0 0 0 0 0 0 0 0 0 46 0 0 0 52 0 0 54 0 0 0 54 0 0 0 0 0 0 58 0 0 55 0 0 43 
0 0 0 0 0 0 0 0 0 0 0 0 0 0 0 0 0 0 0 0 0 0 0 0 0 56 0 0 0 49 0 0 0 40 0 0 0 0 0 0 40 0 60 0 45 0 0 0 0 0 
0 0 0 0 0 0 0 0 0 0 0 0 0 0 0 0 0 0 0 0 0 0 0 0 0 0 0 0 0 0 0 0 50 0 50 0 0 51 45 0 0 56 0 0 55 0 0 0 0 0 
0 0 0 0 0 0 0 0 0 0 0 0 0 0 0 0 0 0 0 0 0 0 0 0 0 0 0 0 0 0 0 0 0 0 56 0 0 0 47 0 59 0 0 0 44 0 0 0 0 0 
0 0 0 0 0 0 0 0 0 0 0 0 0 0 0 0 0 0 0 0 0 0 0 0 0 0 0 0 0 58 0 42 45 51 0 54 42 0 0 0 0 0 0 0 0 0 0 0 45 0 
0 0 0 0 0 0 0 0 0 0 0 0 0 0 0 0 0 0 0 0 0 0 0 0 0 0 0 0 0 0 0 0 0 0 0 0 55 46 0 0 50 54 0 44 0 0 50 47 0 0 
0 0 0 0 0 0 0 0 0 0 0 0 0 0 0 0 0 0 0 0 0 0 0 0 0 0 0 0 0 0 0 0 0 0 0 49 0 49 0 0 0 60 0 55 0 0 40 0 47 58 
0 0 0 0 0 0 0 0 0 0 0 0 0 0 0 0 0 0 0 0 0 0 0 0 0 0 0 0 0 0 0 44 0 0 0 0 0 0 0 0 0 0 0 0 0 43 0 0 45 55 
0 0 0 0 0 0 0 0 0 0 0 0 0 0 0 0 0 0 0 0 0 0 0 0 0 0 0 0 0 0 0 0 56 51 0 0 0 0 0 0 0 0 44 0 0 0 0 0 0 0 
0 0 0 0 0 0 0 0 0 0 0 0 0 0 0 0 0 0 0 0 0 0 0 0 0 0 0 0 0 0 0 0 0 0 41 0 46 0 59 0 58 0 0 0 0 0 0 0 0 0 
0 0 0 0 0 0 0 0 0 0 0 0 0 0 0 0 0 0 0 0 0 0 0 0 0 0 0 0 0 0 0 0 0 0 0 0 0 0 0 57 0 0 55 0 60 0 0 0 0 0 
0 0 0 0 0 0 0 0 0 0 0 0 0 0 0 0 0 0 0 0 0 0 0 0 0 0 0 0 0 0 0 0 0 0 0 57 58 0 0 0 0 49 54 0 0 40 0 0 0 0 
0 0 0 0 0 0 0 0 0 0 0 0 0 0 0 0 0 0 0 0 0 0 0 0 0 0 0 0 0 0 0 0 0 0 0 0 56 52 54 0 56 0 0 0 0 47 0 0 0 0 
0 0 0 0 0 0 0 0 0 0 0 0 0 0 0 0 0 0 0 0 0 0 0 0 0 0 0 0 0 0 0 0 0 0 0 0 0 0 56 48 0 40 0 0 53 0 0 0 0 47 
0 0 0 0 0 0 0 0 0 0 0 0 0 0 0 0 0 0 0 0 0 0 0 0 0 0 0 0 0 0 0 0 0 0 0 0 0 0 0 0 0 41 0 0 55 52 58 0 0 0 
0 0 0 0 0 0 0 0 0 0 0 0 0 0 0 0 0 0 0 0 0 0 0 0 0 0 0 0 0 0 0 0 0 0 0 0 0 0 0 0 0 0 0 50 0 0 0 46 0 54 
0 0 0 0 0 0 0 0 0 0 0 0 0 0 0 0 0 0 0 0 0 0 0 0 0 0 0 0 0 0 0 0 0 0 0 0 0 0 0 0 0 0 0 0 0 0 0 0 48 0 
0 0 0 0 0 0 0 0 0 0 0 0 0 0 0 0 0 0 0 0 0 0 0 0 0 0 0 0 0 0 0 0 0 0 0 0 0 0 0 0 0 0 0 0 56 0 0 0 42 0 
0 0 0 0 0 0 0 0 0 0 0 0 0 0 0 0 0 0 0 0 0 0 0 0 0 0 0 0 0 0 0 0 0 0 0 0 0 0 0 0 0 0 0 41 0 0 43 56 43 0 
0 0 0 0 0 0 0 0 0 0 0 0 0 0 0 0 0 0 0 0 0 0 0 0 0 0 0 0 0 0 0 0 0 0 0 0 0 0 0 0 0 0 0 0 0 0 0 0 0 0 
0 0 0 0 0 0 0 0 0 0 0 0 0 0 0 0 0 0 0 0 0 0 0 0 0 0 0 0 0 0 0 0 0 0 0 0 0 0 0 0 0 0 0 0 0 0 0 0 0 0 
0 0 0 0 0 0 0 0 0 0 0 0 0 0 0 0 0 0 0 0 0 0 0 0 0 0 0 0 0 0 0 0 0 0 0 0 0 0 0 0 0 0 0 0 0 48 0 0 50 0 
0 0 0 0 0 0 0 0 0 0 0 0 0 0 0 0 0 0 0 0 0 0 0 0 0 0 0 0 0 0 0 0 0 0 0 0 0 0 0 0 0 0 0 0 0 0 0 0 0 56 
0 0 0 0 0 0 0 0 0 0 0 0 0 0 0 0 0 0 0 0 0 0 0 0 0 0 0 0 0 0 0 0 0 0 0 0 0 0 0 0 0 0 0 0 0 0 0 0 0 0 
0 0 0 0 0 0 0 0 0 0 0 0 0 0 0 0 0 0 0 0 0 0 0 0 0 0 0 0 0 0 0 0 0 0 0 0 0 0 0 0 0 0 0 0 0 0 0 0 58 0 
0 0 0 0 0 0 0 0 0 0 0 0 0 0 0 0 0 0 0 0 0 0 0 0 0 0 0 0 0 0 0 0 0 0 0 0 0 0 0 0 0 0 0 0 0 0 0 0 0 0 
0 0 0 0 0 0 0 0 0 0 0 0 0 0 0 0 0 0 0 0 0 0 0 0 0 0 0 0 0 0 0 0 0 0 0 0 0 0 0 0 0 0 0 0 0 0 0 0 0 0 
0 0 0 0 0 0 49 0 0 40 26 0 65 0 0 0 0 0 0 0 0 48 0 35 26 0 57 45 0 0 0 0 0 58 0 0 0 68 49 46 0 0 35 0 0 69 0 0 36 0 
0 0 0 0 37 0 0 61 0 0 0 0 0 0 56 32 0 0 62 0 53 0 0 0 30 0 63 0 44 0 0 31 0 0 0 59 0 52 0 0 0 0 0 0 0 0 0 0 0 0 
0 0 0 0 0 0 0 0 0 0 0 0 0 0 0 69 0 0 0 0 26 0 0 26 0 0 0 0 0 0 0 45 32 0 0 0 58 37 50 27 25 0 26 0 0 0 0 0 0 54 
0 0 0 0 0 58 21 0 0 41 0 0 23 0 0 36 0 40 0 0 38 22 0 0 48 0 0 0 62 0 0 0 65 0 0 0 0 0 36 60 0 0 0 61 57 0 0 0 51 45 
0 0 0 0 0 0 0 0 0 0 0 0 0 0 0 0 44 0 0 0 52 55 31 0 45 0 0 0 0 0 0 0 0 0 0 0 0 0 0 55 0 0 0 0 42 0 0 0 0 0 
0 0 0 0 0 0 41 0 0 53 0 0 0 0 0 0 0 54 0 0 0 0 46 31 0 0 0 0 0 0 0 0 0 0 0 0 0 25 0 31 0 0 0 0 32 0 37 0 41 0 
0 0 0 0 0 0 0 0 0 0 0 0 0 44 0 28 0 51 0 0 0 0 0 64 62 0 54 0 26 60 0 33 62 0 0 0 31 0 42 0 0 0 59 62 0 61 0 0 0 0 
0 0 0 0 0 0 0 0 0 0 0 0 0 0 0 0 34 0 0 0 0 0 0 0 0 34 0 0 35 26 0 39 0 0 0 0 0 0 0 0 0 0 24 0 0 0 0 0 0 64 
0 0 0 0 0 0 0 0 0 0 49 0 0 0 0 0 26 42 0 0 0 0 0 0 0 0 0 0 0 0 0 24 0 0 0 0 0 0 0 0 0 47 0 0 0 0 0 57 61 0 
0 0 0 0 0 0 0 0 0 0 0 0 0 0 0 0 0 0 0 0 0 32 0 0 0 0 66 0 0 38 0 0 0 0 0 49 21 0 0 0 0 0 39 0 34 0 0 0 0 0 
0 0 0 0 0 0 0 0 0 0 0 0 0 0 0 37 0 0 0 0 0 0 0 0 0 68 63 64 0 0 0 0 31 67 0 29 0 0 0 0 0 0 0 0 0 0 0 46 0 56 
0 0 0 0 0 0 0 0 0 0 0 0 0 41 0 0 0 0 0 0 0 0 38 0 0 20 0 0 0 0 22 0 66 0 0 0 0 53 0 0 0 0 0 0 0 0 0 52 20 0 
0 0 0 0 0 0 0 0 0 0 0 0 0 0 0 0 0 0 0 37 45 0 22 0 0 0 0 0 0 0 0 0 0 0 0 0 54 0 0 0 0 0 0 51 0 0 0 66 0 0 
0 0 0 0 0 0 0 0 0 0 0 0 0 0 0 25 62 29 26 0 0 0 0 0 0 0 0 0 56 41 0 0 0 0 22 28 0 0 0 0 0 36 0 0 0 0 0 0 64 0 
0 0 0 0 0 0 0 0 0 0 0 0 0 0 0 0 0 0 53 0 0 0 22 0 0 0 0 0 0 0 0 0 0 0 0 35 0 0 0 0 0 0 0 0 0 0 0 0 0 0 
0 0 0 0 0 0 0 0 0 0 0 0 0 0 0 0 20 0 0 0 50 0 0 60 0 0 0 0 0 0 0 0 0 59 0 43 0 0 0 0 0 63 0 0 0 0 0 0 64 44 
0 0 0 0 0 0 0 0 0 0 0 0 0 0 0 0 0 0 0 0 0 0 0 0 45 43 0 0 44 0 0 0 0 0 37 0 0 0 0 0 0 0 30 0 0 0 0 0 39 0 
0 0 0 0 0 0 0 0 0 0 0 0 0 0 0 0 0 0 40 0 0 0 38 0 0 0 0 0 0 0 0 0 0 35 0 0 0 0 0 32 0 39 0 21 0 0 0 0 0 55 
0 0 0 0 0 0 0 0 0 0 0 0 0 0 0 0 0 0 0 0 0 21 42 0 0 61 0 0 0 0 0 0 0 0 20 0 21 0 27 0 0 0 0 0 0 0 0 0 0 66 
0 0 0 0 0 0 0 0 0 0 0 0 0 0 0 0 0 0 0 0 42 0 0 50 0 0 37 0 0 26 0 0 0 0 0 0 0 0 0 0 0 0 0 0 0 50 0 0 0 0 
0 0 0 0 0 0 0 0 0 0 0 0 0 0 0 0 0 0 0 0 0 0 0 0 0 0 0 0 0 49 0 0 0 0 0 0 0 0 0 0 40 0 0 0 52 44 0 0 0 0 
0 0 0 0 0 0 0 0 0 0 0 0 0 0 0 0 0 0 0 0 0 0 0 30 25 0 0 0 0 0 0 0 22 0 47 0 0 0 0 23 0 0 0 0 0 0 0 0 64 0 
0 0 0 0 0 0 0 0 0 0 0 0 0 0 0 0 0 0 0 0 0 0 0 58 0 40 52 0 64 64 0 0 0 0 63 0 0 65 0 0 0 0 0 0 0 22 0 0 0 0 
0 0 0 0 0 0 0 0 0 0 0 0 0 0 0 0 0 0 0 0 0 0 0 0 0 69 0 0 0 39 0 0 41 0 0 0 31 0 0 0 0 0 0 41 0 0 47 0 0 22 
0 0 0 0 0 0 0 0 0 0 0 0 0 0 0 0 0 0 0 0 0 0 0 0 0 30 0 0 0 29 0 0 0 22 0 0 0 0 0 0 58 0 58 0 43 0 0 0 0 0 
0 0 0 0 0 0 0 0 0 0 0 0 0 0 0 0 0 0 0 0 0 0 0 0 0 0 0 0 0 0 0 0 58 0 45 0 0 42 29 0 0 54 0 0 24 0 0 0 0 0 
0 0 0 0 0 0 0 0 0 0 0 0 0 0 0 0 0 0 0 0 0 0 0 0 0 0 0 0 0 0 0 0 0 0 48 0 0 0 40 0 33 0 0 0 32 0 0 0 0 0 
0 0 0 0 0 0 0 0 0 0 0 0 0 0 0 0 0 0 0 0 0 0 0 0 0 0 0 0 0 58 0 39 41 62 0 65 42 0 0 0 0 0 0 0 0 0 0 0 59 0 
0 0 0 0 0 0 0 0 0 0 0 0 0 0 0 0 0 0 0 0 0 0 0 0 0 0 0 0 0 0 0 0 0 0 0 0 38 27 0 0 31 35 0 46 0 0 58 58 0 0 
0 0 0 0 0 0 0 0 0 0 0 0 0 0 0 0 0 0 0 0 0 0 0 0 0 0 0 0 0 0 0 0 0 0 0 49 0 46 0 0 0 62 0 44 0 0 54 0 25 59 
0 0 0 0 0 0 0 0 0 0 0 0 0 0 0 0 0 0 0 0 0 0 0 0 0 0 0 0 0 0 0 37 0 0 0 0 0 0 0 0 0 0 0 0 0 20 0 0 61 45 
0 0 0 0 0 0 0 0 0 0 0 0 0 0 0 0 0 0 0 0 0 0 0 0 0 0 0 0 0 0 0 0 32 49 0 0 0 0 0 0 0 0 57 0 0 0 0 0 0 0 
0 0 0 0 0 0 0 0 0 0 0 0 0 0 0 0 0 0 0 0 0 0 0 0 0 0 0 0 0 0 0 0 0 0 58 0 59 0 24 0 63 0 0 0 0 0 0 0 0 0 
0 0 0 0 0 0 0 0 0 0 0 0 0 0 0 0 0 0 0 0 0 0 0 0 0 0 0 0 0 0 0 0 0 0 0 0 0 0 0 55 0 0 64 0 20 0 0 0 0 0 
0 0 0 0 0 0 0 0 0 0 0 0 0 0 0 0 0 0 0 0 0 0 0 0 0 0 0 0 0 0 0 0 0 0 0 59 63 0 0 0 0 59 29 0 0 32 0 0 0 0 
0 0 0 0 0 0 0 0 0 0 0 0 0 0 0 0 0 0 0 0 0 0 0 0 0 0 0 0 0 0 0 0 0 0 0 0 26 53 42 0 25 0 0 0 0 31 0 0 0 0 
0 0 0 0 0 0 0 0 0 0 0 0 0 0 0 0 0 0 0 0 0 0 0 0 0 0 0 0 0 0 0 0 0 0 0 0 0 0 45 64 0 31 0 0 28 0 0 0 0 36 
0 0 0 0 0 0 0 0 0 0 0 0 0 0 0 0 0 0 0 0 0 0 0 0 0 0 0 0 0 0 0 0 0 0 0 0 0 0 0 0 0 42 0 0 58 28 56 0 0 0 
0 0 0 0 0 0 0 0 0 0 0 0 0 0 0 0 0 0 0 0 0 0 0 0 0 0 0 0 0 0 0 0 0 0 0 0 0 0 0 0 0 0 0 50 0 0 0 59 0 35 
0 0 0 0 0 0 0 0 0 0 0 0 0 0 0 0 0 0 0 0 0 0 0 0 0 0 0 0 0 0 0 0 0 0 0 0 0 0 0 0 0 0 0 0 0 0 0 0 38 0 
0 0 0 0 0 0 0 0 0 0 0 0 0 0 0 0 0 0 0 0 0 0 0 0 0 0 0 0 0 0 0 0 0 0 0 0 0 0 0 0 0 0 0 0 27 0 0 0 68 0 
0 0 0 0 0 0 0 0 0 0 0 0 0 0 0 0 0 0 0 0 0 0 0 0 0 0 0 0 0 0 0 0 0 0 0 0 0 0 0 0 0 0 0 22 0 0 62 52 24 0 
0 0 0 0 0 0 0 0 0 0 0 0 0 0 0 0 0 0 0 0 0 0 0 0 0 0 0 0 0 0 0 0 0 0 0 0 0 0 0 0 0 0 0 0 0 0 0 0 0 0 
0 0 0 0 0 0 0 0 0 0 0 0 0 0 0 0 0 0 0 0 0 0 0 0 0 0 0 0 0 0 0 0 0 0 0 0 0 0 0 0 0 0 0 0 0 0 0 0 0 0 
0 0 0 0 0 0 0 0 0 0 0 0 0 0 0 0 0 0 0 0 0 0 0 0 0 0 0 0 0 0 0 0 0 0 0 0 0 0 0 0 0 0 0 0 0 65 0 0 27 0 
0 0 0 0 0 0 0 0 0 0 0 0 0 0 0 0 0 0 0 0 0 0 0 0 0 0 0 0 0 0 0 0 0 0 0 0 0 0 0 0 0 0 0 0 0 0 0 0 0 68 
0 0 0 0 0 0 0 0 0 0 0 0 0 0 0 0 0 0 0 0 0 0 0 0 0 0 0 0 0 0 0 0 0 0 0 0 0 0 0 0 0 0 0 0 0 0 0 0 0 0 
0 0 0 0 0 0 0 0 0 0 0 0 0 0 0 0 0 0 0 0 0 0 0 0 0 0 0 0 0 0 0 0 0 0 0 0 0 0 0 0 0 0 0 0 0 0 0 0 37 0 
0 0 0 0 0 0 0 0 0 0 0 0 0 0 0 0 0 0 0 0 0 0 0 0 0 0 0 0 0 0 0 0 0 0 0 0 0 0 0 0 0 0 0 0 0 0 0 0 0 0 
0 0 0 0 0 0 0 0 0 0 0 0 0 0 0 0 0 0 0 0 0 0 0 0 0 0 0 0 0 0 0 0 0 0 0 0 0 0 0 0 0 0 0 0 0 0 0 0 0 0 
