50 100
0 32 39 12 85 65 80 58 52 0 48 27 49 39 87 65 32 16 91 84 9 41 80 75 48 13 54 56 0 32 86 30 40 0 53 38 27 26 34 36 32 28 15 23 74 40 84 0 74 61
0 0 7 65 18 66 11 85 82 10 25 28 54 80 48 76 86 71 42 6 19 86 85 12 93 10 8 33 29 82 22 38 40 75 5 71 16 64 84 65 72 35 65 78 80 61 79 0 8 59 
0 0 0 37 61 37 0 32 78 30 16 17 0 82 88 56 26 64 16 24 83 50 69 93 79 78 76 47 64 93 53 0 19 78 18 35 71 54 20 16 20 18 0 48 51 51 39 28 73 8 
0 0 0 0 79 67 0 71 18 74 87 38 0 60 10 64 89 35 76 0 31 94 24 46 22 15 23 6 0 20 61 7 74 72 29 59 89 0 57 32 58 0 44 63 67 0 15 14 63 74 
0 0 0 0 0 71 87 18 40 29 91 81 49 62 20 29 69 92 72 90 8 90 32 5 59 85 84 46 83 0 45 7 0 44 16 25 14 48 5 27 60 12 68 80 73 12 63 0 41 71 
0 0 0 0 0 0 19 41 48 95 67 18 33 52 85 44 76 0 48 38 67 36 93 85 33 94 27 41 6 24 59 10 85 40 15 84 0 94 73 41 92 32 31 54 85 42 89 23 68 89 
0 0 0 0 0 0 0 16 64 60 0 21 7 0 44 60 77 0 33 45 72 18 11 32 60 18 30 11 59 27 31 20 68 36 57 56 60 90 0 69 68 32 9 28 18 76 76 36 83 9 
0 0 0 0 0 0 0 0 28 11 72 49 84 47 74 90 17 61 23 32 68 52 51 75 24 46 42 11 62 0 17 57 15 93 0 5 15 14 40 90 18 42 26 90 12 68 61 17 63 0 
0 0 0 0 0 0 0 0 0 20 73 67 75 26 53 87 18 64 38 8 85 61 20 36 46 88 26 31 80 63 47 35 25 56 93 45 81 35 19 47 65 92 8 93 63 49 85 11 37 27 
0 0 0 0 0 0 0 0 0 0 18 56 71 32 22 61 69 84 63 37 44 0 53 28 49 95 50 29 49 0 28 18 34 42 80 60 16 7 52 81 67 41 38 26 84 46 76 49 0 43 
0 0 0 0 0 0 0 0 0 0 0 31 95 46 25 44 67 0 79 91 0 10 28 89 0 43 29 23 26 61 22 0 0 73 23 22 29 25 0 13 29 11 77 34 9 50 57 21 44 82 
0 0 0 0 0 0 0 0 0 0 0 0 56 87 0 80 92 64 70 78 70 62 93 51 48 26 0 24 0 34 75 75 77 73 0 53 58 64 31 48 40 49 69 76 80 45 61 52 38 27 
0 0 0 0 0 0 0 0 0 0 0 0 0 0 76 39 7 10 65 72 12 27 89 0 79 67 88 39 14 38 8 15 0 57 59 51 57 74 82 13 14 0 92 94 66 16 26 70 61 70 
0 0 0 0 0 0 0 0 0 0 0 0 0 0 11 14 92 42 37 73 0 0 95 33 5 76 16 34 23 28 27 0 37 12 94 25 81 48 47 75 84 20 69 53 13 14 22 26 65 35 
0 0 0 0 0 0 0 0 0 0 0 0 0 0 0 42 60 71 79 6 90 33 28 70 59 81 31 22 36 47 53 13 93 70 16 38 75 0 81 0 36 43 25 56 93 95 13 77 21 21 
0 0 0 0 0 0 0 0 0 0 0 0 0 0 0 0 82 5 20 95 75 12 93 28 0 44 31 7 91 37 0 48 17 64 74 39 42 54 26 20 33 0 33 9 0 18 19 5 0 54 
0 0 0 0 0 0 0 0 0 0 0 0 0 0 0 0 0 19 0 68 36 0 0 7 17 0 0 38 67 48 18 60 0 34 52 13 35 87 0 13 67 0 0 56 42 27 24 9 91 65 
0 0 0 0 0 0 0 0 0 0 0 0 0 0 0 0 0 0 87 29 89 86 29 80 91 72 82 27 6 29 23 46 94 0 94 78 87 41 32 86 95 71 25 36 26 25 14 87 30 19 
0 0 0 0 0 0 0 0 0 0 0 0 0 0 0 0 0 0 0 85 50 68 38 26 84 44 36 59 11 59 56 45 75 77 93 39 87 9 66 49 17 52 69 0 34 52 0 52 5 62 
0 0 0 0 0 0 0 0 0 0 0 0 0 0 0 0 0 0 0 0 24 53 94 22 87 0 35 80 95 11 65 31 44 6 40 54 29 75 63 50 0 77 17 28 40 18 58 0 49 54 
0 0 0 0 0 0 0 0 0 0 0 0 0 0 0 0 0 0 0 0 0 29 57 6 59 92 53 23 39 89 30 90 80 82 30 19 66 28 5 0 0 0 11 41 30 42 44 68 20 38 
0 0 0 0 0 0 0 0 0 0 0 0 0 0 0 0 0 0 0 0 0 0 54 74 75 19 56 74 88 49 12 95 32 51 50 95 70 77 64 13 23 25 87 80 35 60 47 39 10 94 
0 0 0 0 0 0 0 0 0 0 0 0 0 0 0 0 0 0 0 0 0 0 0 44 67 19 22 0 88 7 33 83 22 36 36 0 12 50 70 26 16 51 83 44 66 17 9 35 28 0 
0 0 0 0 0 0 0 0 0 0 0 0 0 0 0 0 0 0 0 0 0 0 0 0 77 62 6 9 20 0 84 93 80 21 8 85 22 33 22 15 0 84 36 54 42 66 91 57 57 83 
0 0 0 0 0 0 0 0 0 0 0 0 0 0 0 0 0 0 0 0 0 0 0 0 0 27 25 56 59 86 52 54 11 10 9 12 12 0 83 0 8 62 80 34 82 33 49 50 58 92 
0 0 0 0 0 0 0 0 0 0 0 0 0 0 0 0 0 0 0 0 0 0 0 0 0 0 95 5 9 94 85 73 94 50 63 35 48 76 36 66 0 78 79 8 0 32 92 0 50 85 
0 0 0 0 0 0 0 0 0 0 0 0 0 0 0 0 0 0 0 0 0 0 0 0 0 0 0 0 11 79 95 78 74 86 59 12 44 17 29 0 27 92 0 88 11 64 6 27 57 0 
0 0 0 0 0 0 0 0 0 0 0 0 0 0 0 0 0 0 0 0 0 0 0 0 0 0 0 0 94 78 90 28 21 90 5 36 20 5 92 52 31 56 26 78 75 34 92 80 33 17 
0 0 0 0 0 0 0 0 0 0 0 0 0 0 0 0 0 0 0 0 0 0 0 0 0 0 0 0 0 34 93 46 92 45 47 66 11 41 6 0 54 87 63 48 9 66 61 15 74 9 
0 0 0 0 0 0 0 0 0 0 0 0 0 0 0 0 0 0 0 0 0 0 0 0 0 0 0 0 0 0 0 48 50 30 95 38 78 22 15 77 36 31 17 71 11 93 16 27 88 0 
0 0 0 0 0 0 0 0 0 0 0 0 0 0 0 0 0 0 0 0 0 0 0 0 0 0 0 0 0 0 0 89 0 46 72 13 26 46 55 17 31 39 92 16 34 41 81 51 0 51 
0 0 0 0 0 0 0 0 0 0 0 0 0 0 0 0 0 0 0 0 0 0 0 0 0 0 0 0 0 0 0 0 57 66 65 9 75 83 59 17 7 64 46 70 0 62 42 78 64 10 
0 0 0 0 0 0 0 0 0 0 0 0 0 0 0 0 0 0 0 0 0 0 0 0 0 0 0 0 0 0 0 0 0 0 62 63 0 32 67 64 45 60 25 45 10 72 49 63 0 32 
0 0 0 0 0 0 0 0 0 0 0 0 0 0 0 0 0 0 0 0 0 0 0 0 0 0 0 0 0 0 0 0 0 0 52 41 13 7 21 32 60 59 86 57 89 51 66 27 11 43 
0 0 0 0 0 0 0 0 0 0 0 0 0 0 0 0 0 0 0 0 0 0 0 0 0 0 0 0 0 0 0 0 0 0 0 81 0 11 92 64 43 23 82 12 59 89 26 57 51 18 
0 0 0 0 0 0 0 0 0 0 0 0 0 0 0 0 0 0 0 0 0 0 0 0 0 0 0 0 0 0 0 0 0 0 0 0 47 48 28 30 16 75 10 52 89 78 69 90 0 15 
0 0 0 0 0 0 0 0 0 0 0 0 0 0 0 0 0 0 0 0 0 0 0 0 0 0 0 0 0 0 0 0 0 0 0 0 0 70 0 70 93 6 44 94 75 46 62 35 25 26 
0 0 0 0 0 0 0 0 0 0 0 0 0 0 0 0 0 0 0 0 0 0 0 0 0 0 0 0 0 0 0 0 0 0 0 0 0 0 56 87 48 79 39 12 42 53 58 0 68 80 
0 0 0 0 0 0 0 0 0 0 0 0 0 0 0 0 0 0 0 0 0 0 0 0 0 0 0 0 0 0 0 0 0 0 0 0 0 0 0 62 38 0 0 31 11 18 49 93 22 50 
0 0 0 0 0 0 0 0 0 0 0 0 0 0 0 0 0 0 0 0 0 0 0 0 0 0 0 0 0 0 0 0 0 0 0 0 0 0 0 0 27 0 26 86 80 47 42 0 26 30 
0 0 0 0 0 0 0 0 0 0 0 0 0 0 0 0 0 0 0 0 0 0 0 0 0 0 0 0 0 0 0 0 0 0 0 0 0 0 0 0 0 41 86 48 13 62 45 52 23 70 
0 0 0 0 0 0 0 0 0 0 0 0 0 0 0 0 0 0 0 0 0 0 0 0 0 0 0 0 0 0 0 0 0 0 0 0 0 0 0 0 0 0 30 72 91 93 24 95 34 82 
0 0 0 0 0 0 0 0 0 0 0 0 0 0 0 0 0 0 0 0 0 0 0 0 0 0 0 0 0 0 0 0 0 0 0 0 0 0 0 0 0 0 0 57 62 23 76 71 36 84 
0 0 0 0 0 0 0 0 0 0 0 0 0 0 0 0 0 0 0 0 0 0 0 0 0 0 0 0 0 0 0 0 0 0 0 0 0 0 0 0 0 0 0 0 85 19 53 41 0 0 
0 0 0 0 0 0 0 0 0 0 0 0 0 0 0 0 0 0 0 0 0 0 0 0 0 0 0 0 0 0 0 0 0 0 0 0 0 0 0 0 0 0 0 0 0 0 83 31 23 8 
0 0 0 0 0 0 0 0 0 0 0 0 0 0 0 0 0 0 0 0 0 0 0 0 0 0 0 0 0 0 0 0 0 0 0 0 0 0 0 0 0 0 0 0 0 0 17 63 31 86 
0 0 0 0 0 0 0 0 0 0 0 0 0 0 0 0 0 0 0 0 0 0 0 0 0 0 0 0 0 0 0 0 0 0 0 0 0 0 0 0 0 0 0 0 0 0 0 53 58 29 
0 0 0 0 0 0 0 0 0 0 0 0 0 0 0 0 0 0 0 0 0 0 0 0 0 0 0 0 0 0 0 0 0 0 0 0 0 0 0 0 0 0 0 0 0 0 0 0 15 14 
0 0 0 0 0 0 0 0 0 0 0 0 0 0 0 0 0 0 0 0 0 0 0 0 0 0 0 0 0 0 0 0 0 0 0 0 0 0 0 0 0 0 0 0 0 0 0 0 0 23 
0 0 0 0 0 0 0 0 0 0 0 0 0 0 0 0 0 0 0 0 0 0 0 0 0 0 0 0 0 0 0 0 0 0 0 0 0 0 0 0 0 0 0 0 0 0 0 0 0 0 
0 36 46 55 48 22 48 47 40 0 37 34 68 58 39 51 62 23 55 57 38 49 20 45 46 28 39 35 0 59 68 55 36 0 62 60 31 45 51 40 30 31 59 48 64 28 42 0 27 41 
0 0 23 67 29 24 34 52 60 43 26 44 47 54 63 34 34 21 41 36 20 24 40 63 67 48 67 27 69 39 37 37 28 58 58 50 65 21 31 67 27 61 60 51 41 63 55 0 38 21 
0 0 0 25 48 52 0 20 27 38 55 41 0 44 47 22 57 51 38 56 27 28 48 47 49 49 62 22 36 27 61 0 57 60 33 32 38 57 28 64 50 60 0 60 35 64 48 32 35 29 
0 0 0 0 31 67 0 68 55 42 62 34 0 31 39 21 26 29 55 0 42 66 67 69 59 23 51 25 0 63 39 61 32 51 58 57 59 0 22 67 47 0 29 38 25 0 39 43 37 56 
0 0 0 0 0 63 34 54 58 31 27 46 34 48 51 23 68 47 62 30 23 52 20 34 23 23 69 65 50 0 39 52 0 47 66 65 58 53 48 42 27 23 26 42 26 29 48 0 32 54 
0 0 0 0 0 0 33 67 44 58 51 65 30 46 49 29 30 0 54 60 67 28 20 59 59 40 67 27 46 56 49 61 36 56 56 23 0 64 62 42 35 31 62 57 65 59 39 28 46 60 
0 0 0 0 0 0 0 68 69 48 0 22 53 0 69 21 32 0 22 52 48 29 31 26 56 27 38 47 54 59 47 47 53 30 24 58 33 47 0 61 23 29 38 57 48 67 40 66 51 61 
0 0 0 0 0 0 0 0 22 69 52 22 28 32 21 56 25 33 61 44 33 57 67 44 44 49 63 33 21 0 68 29 60 65 0 39 52 46 21 32 33 40 28 42 58 25 20 61 43 0 
0 0 0 0 0 0 0 0 0 62 38 60 37 58 59 25 67 49 65 61 27 65 69 69 36 59 34 35 24 62 37 30 52 52 59 50 66 55 28 60 39 37 63 63 43 58 34 50 25 38 
0 0 0 0 0 0 0 0 0 0 42 33 61 48 26 61 27 51 68 40 33 0 35 33 49 58 21 32 56 0 25 26 24 56 50 46 30 63 26 47 26 43 40 65 38 38 29 68 0 25 
0 0 0 0 0 0 0 0 0 0 0 31 23 22 29 25 29 0 30 25 0 47 68 54 0 26 69 38 23 30 69 0 0 56 64 54 58 62 0 26 24 26 25 65 23 53 47 33 48 51 
0 0 0 0 0 0 0 0 0 0 0 0 40 60 0 62 36 40 56 54 39 68 40 30 55 63 0 52 0 61 53 30 23 36 0 68 57 38 45 37 60 57 29 51 39 21 24 36 32 63 
0 0 0 0 0 0 0 0 0 0 0 0 0 0 47 47 23 66 33 58 57 51 44 0 25 61 37 33 52 36 61 62 0 43 45 23 23 27 40 38 48 0 61 29 28 29 35 48 36 52 
0 0 0 0 0 0 0 0 0 0 0 0 0 0 55 64 59 45 49 52 0 0 38 25 44 46 22 59 50 29 23 0 53 56 38 62 67 60 28 42 30 58 47 20 36 38 25 40 26 36 
0 0 0 0 0 0 0 0 0 0 0 0 0 0 0 27 28 50 69 36 38 44 27 38 69 49 65 56 62 65 56 27 33 60 62 54 32 0 38 0 20 26 33 68 21 44 43 57 38 56 
0 0 0 0 0 0 0 0 0 0 0 0 0 0 0 0 59 27 40 60 68 30 41 59 0 63 61 59 55 38 0 40 69 35 60 55 23 62 53 44 27 0 54 21 0 44 50 26 0 22 
0 0 0 0 0 0 0 0 0 0 0 0 0 0 0 0 0 65 0 39 25 0 0 36 30 0 0 45 39 26 22 50 0 36 54 50 27 55 0 66 54 0 0 46 60 57 30 48 65 33 
0 0 0 0 0 0 0 0 0 0 0 0 0 0 0 0 0 0 30 58 21 60 31 29 33 58 58 38 34 34 35 33 55 0 45 20 24 50 65 21 54 28 22 68 64 31 37 34 54 41 
0 0 0 0 0 0 0 0 0 0 0 0 0 0 0 0 0 0 0 32 39 43 24 43 44 51 21 42 26 65 63 24 39 65 58 36 35 30 36 38 24 66 37 0 34 30 0 26 55 56 
0 0 0 0 0 0 0 0 0 0 0 0 0 0 0 0 0 0 0 0 40 20 33 41 21 0 63 60 35 44 44 33 69 46 21 24 22 65 65 63 0 46 35 36 31 33 57 0 23 34 
0 0 0 0 0 0 0 0 0 0 0 0 0 0 0 0 0 0 0 0 0 42 20 60 68 62 42 40 54 34 42 51 32 68 43 29 59 44 32 0 0 0 35 52 38 56 20 52 51 51 
0 0 0 0 0 0 0 0 0 0 0 0 0 0 0 0 0 0 0 0 0 0 64 28 31 68 26 64 39 58 20 37 52 58 20 30 68 22 38 49 45 47 62 25 27 30 64 66 26 28 
0 0 0 0 0 0 0 0 0 0 0 0 0 0 0 0 0 0 0 0 0 0 0 32 22 61 24 0 33 24 33 50 64 66 27 0 44 38 54 64 29 31 56 29 46 57 69 39 62 0 
0 0 0 0 0 0 0 0 0 0 0 0 0 0 0 0 0 0 0 0 0 0 0 0 38 51 37 21 36 0 62 35 20 65 39 68 54 64 68 56 0 44 63 66 65 66 67 42 33 67 
0 0 0 0 0 0 0 0 0 0 0 0 0 0 0 0 0 0 0 0 0 0 0 0 0 56 41 39 55 44 58 42 40 41 50 47 25 0 58 0 65 59 45 46 33 44 52 30 65 42 
0 0 0 0 0 0 0 0 0 0 0 0 0 0 0 0 0 0 0 0 0 0 0 0 0 0 40 39 34 68 47 41 55 36 57 42 63 48 54 34 0 35 64 33 0 42 23 0 39 43 
0 0 0 0 0 0 0 0 0 0 0 0 0 0 0 0 0 0 0 0 0 0 0 0 0 0 0 0 62 28 36 36 65 51 46 38 53 22 48 0 25 45 0 31 61 44 67 22 47 0 
0 0 0 0 0 0 0 0 0 0 0 0 0 0 0 0 0 0 0 0 0 0 0 0 0 0 0 0 58 48 64 40 56 61 21 37 39 52 64 53 63 56 35 49 51 28 57 60 44 57 
0 0 0 0 0 0 0 0 0 0 0 0 0 0 0 0 0 0 0 0 0 0 0 0 0 0 0 0 0 52 52 33 22 58 21 51 27 54 33 0 52 47 54 32 34 62 44 61 54 68 
0 0 0 0 0 0 0 0 0 0 0 0 0 0 0 0 0 0 0 0 0 0 0 0 0 0 0 0 0 0 0 59 33 58 23 46 25 69 50 32 56 60 67 20 53 47 51 60 37 0 
0 0 0 0 0 0 0 0 0 0 0 0 0 0 0 0 0 0 0 0 0 0 0 0 0 0 0 0 0 0 0 45 0 31 38 56 40 27 59 22 22 26 33 57 20 28 35 34 0 37 
0 0 0 0 0 0 0 0 0 0 0 0 0 0 0 0 0 0 0 0 0 0 0 0 0 0 0 0 0 0 0 0 24 53 36 42 63 22 35 39 57 46 67 47 0 50 22 52 39 63 
0 0 0 0 0 0 0 0 0 0 0 0 0 0 0 0 0 0 0 0 0 0 0 0 0 0 0 0 0 0 0 0 0 0 44 23 0 50 36 20 39 64 39 22 63 30 57 60 0 65 
0 0 0 0 0 0 0 0 0 0 0 0 0 0 0 0 0 0 0 0 0 0 0 0 0 0 0 0 0 0 0 0 0 0 42 42 26 47 47 60 40 32 41 54 54 31 60 25 20 67 
0 0 0 0 0 0 0 0 0 0 0 0 0 0 0 0 0 0 0 0 0 0 0 0 0 0 0 0 0 0 0 0 0 0 0 33 0 35 66 33 31 37 47 45 64 40 50 38 22 67 
0 0 0 0 0 0 0 0 0 0 0 0 0 0 0 0 0 0 0 0 0 0 0 0 0 0 0 0 0 0 0 0 0 0 0 0 43 42 53 40 62 20 29 49 65 61 37 34 0 20 
0 0 0 0 0 0 0 0 0 0 0 0 0 0 0 0 0 0 0 0 0 0 0 0 0 0 0 0 0 0 0 0 0 0 0 0 0 52 0 61 22 22 40 59 31 30 34 54 58 64 
0 0 0 0 0 0 0 0 0 0 0 0 0 0 0 0 0 0 0 0 0 0 0 0 0 0 0 0 0 0 0 0 0 0 0 0 0 0 36 36 20 59 62 33 60 36 41 0 32 53 
0 0 0 0 0 0 0 0 0 0 0 0 0 0 0 0 0 0 0 0 0 0 0 0 0 0 0 0 0 0 0 0 0 0 0 0 0 0 0 38 60 0 0 61 51 43 21 61 26 28 
0 0 0 0 0 0 0 0 0 0 0 0 0 0 0 0 0 0 0 0 0 0 0 0 0 0 0 0 0 0 0 0 0 0 0 0 0 0 0 0 55 0 23 23 37 35 36 0 65 41 
0 0 0 0 0 0 0 0 0 0 0 0 0 0 0 0 0 0 0 0 0 0 0 0 0 0 0 0 0 0 0 0 0 0 0 0 0 0 0 0 0 65 62 37 64 36 54 69 43 32 
0 0 0 0 0 0 0 0 0 0 0 0 0 0 0 0 0 0 0 0 0 0 0 0 0 0 0 0 0 0 0 0 0 0 0 0 0 0 0 0 0 0 47 25 31 41 28 44 62 67 
0 0 0 0 0 0 0 0 0 0 0 0 0 0 0 0 0 0 0 0 0 0 0 0 0 0 0 0 0 0 0 0 0 0 0 0 0 0 0 0 0 0 0 34 47 36 40 53 56 60 
0 0 0 0 0 0 0 0 0 0 0 0 0 0 0 0 0 0 0 0 0 0 0 0 0 0 0 0 0 0 0 0 0 0 0 0 0 0 0 0 0 0 0 0 35 67 49 66 0 0 
0 0 0 0 0 0 0 0 0 0 0 0 0 0 0 0 0 0 0 0 0 0 0 0 0 0 0 0 0 0 0 0 0 0 0 0 0 0 0 0 0 0 0 0 0 0 26 68 25 32 
0 0 0 0 0 0 0 0 0 0 0 0 0 0 0 0 0 0 0 0 0 0 0 0 0 0 0 0 0 0 0 0 0 0 0 0 0 0 0 0 0 0 0 0 0 0 61 24 27 53 
0 0 0 0 0 0 0 0 0 0 0 0 0 0 0 0 0 0 0 0 0 0 0 0 0 0 0 0 0 0 0 0 0 0 0 0 0 0 0 0 0 0 0 0 0 0 0 54 53 27 
0 0 0 0 0 0 0 0 0 0 0 0 0 0 0 0 0 0 0 0 0 0 0 0 0 0 0 0 0 0 0 0 0 0 0 0 0 0 0 0 0 0 0 0 0 0 0 0 55 66 
0 0 0 0 0 0 0 0 0 0 0 0 0 0 0 0 0 0 0 0 0 0 0 0 0 0 0 0 0 0 0 0 0 0 0 0 0 0 0 0 0 0 0 0 0 0 0 0 0 46 
0 0 0 0 0 0 0 0 0 0 0 0 0 0 0 0 0 0 0 0 0 0 0 0 0 0 0 0 0 0 0 0 0 0 0 0 0 0 0 0 0 0 0 0 0 0 0 0 0 0 
