30 100
0 82 40 26 16 84 20 87 49 35 0 49 0 74 22 29 39 0 12 0 0 43 84 12 61 0 0 29 16 31
0 0 12 0 0 84 45 80 35 63 55 39 46 68 67 52 59 88 76 30 74 11 55 75 86 17 56 22 88 32 
0 0 0 46 21 78 68 24 39 60 68 0 75 13 23 27 11 50 60 81 58 18 84 20 52 0 42 33 15 80 
0 0 0 0 40 0 0 0 27 14 49 43 35 52 0 74 17 0 18 80 53 57 56 10 0 52 86 53 0 0 
0 0 0 0 0 52 70 66 0 33 49 75 15 87 0 28 29 14 0 13 0 0 54 44 25 83 86 39 77 64 
0 0 0 0 0 0 70 46 80 69 13 0 0 75 11 83 55 0 76 88 14 76 44 60 0 29 0 37 0 78 
0 0 0 0 0 0 0 61 87 30 0 0 73 25 68 73 41 46 52 18 42 14 55 77 22 0 82 70 45 13 
0 0 0 0 0 0 0 0 89 13 24 44 23 0 0 0 23 0 12 34 87 20 47 48 35 52 0 16 0 57 
0 0 0 0 0 0 0 0 0 0 30 15 69 34 16 65 54 12 38 0 26 0 23 39 68 11 47 29 24 10 
0 0 0 0 0 0 0 0 0 0 84 0 49 53 0 76 39 11 36 76 0 0 32 67 38 0 66 27 76 58 
0 0 0 0 0 0 0 0 0 0 0 22 85 85 44 0 33 89 87 77 80 27 0 56 50 21 86 42 37 61 
0 0 0 0 0 0 0 0 0 0 0 0 46 36 80 49 63 52 12 76 27 79 0 0 56 0 14 89 86 43 
0 0 0 0 0 0 0 0 0 0 0 0 0 76 0 58 76 46 51 24 63 52 88 44 45 0 37 50 30 11 
0 0 0 0 0 0 0 0 0 0 0 0 0 0 33 0 82 42 23 46 0 0 20 76 39 58 33 36 60 52 
0 0 0 0 0 0 0 0 0 0 0 0 0 0 0 15 16 89 86 83 56 47 56 23 23 87 0 87 44 14 
0 0 0 0 0 0 0 0 0 0 0 0 0 0 0 0 85 13 16 69 34 63 19 33 73 35 0 77 38 0 
0 0 0 0 0 0 0 0 0 0 0 0 0 0 0 0 0 77 70 60 12 0 17 51 54 0 87 84 18 25 
0 0 0 0 0 0 0 0 0 0 0 0 0 0 0 0 0 0 53 0 21 27 66 33 31 52 20 58 26 30 
0 0 0 0 0 0 0 0 0 0 0 0 0 0 0 0 0 0 0 78 54 77 82 84 13 0 72 70 13 44 
0 0 0 0 0 0 0 0 0 0 0 0 0 0 0 0 0 0 0 0 13 22 77 43 60 0 19 85 49 36 
0 0 0 0 0 0 0 0 0 0 0 0 0 0 0 0 0 0 0 0 0 12 47 72 48 0 0 0 0 71 
0 0 0 0 0 0 0 0 0 0 0 0 0 0 0 0 0 0 0 0 0 0 86 0 0 34 0 20 34 82 
0 0 0 0 0 0 0 0 0 0 0 0 0 0 0 0 0 0 0 0 0 0 0 75 59 35 38 32 0 21 
0 0 0 0 0 0 0 0 0 0 0 0 0 0 0 0 0 0 0 0 0 0 0 0 0 71 0 0 12 57 
0 0 0 0 0 0 0 0 0 0 0 0 0 0 0 0 0 0 0 0 0 0 0 0 0 0 37 60 68 32 
0 0 0 0 0 0 0 0 0 0 0 0 0 0 0 0 0 0 0 0 0 0 0 0 0 0 0 46 0 16 
0 0 0 0 0 0 0 0 0 0 0 0 0 0 0 0 0 0 0 0 0 0 0 0 0 0 0 27 19 65 
0 0 0 0 0 0 0 0 0 0 0 0 0 0 0 0 0 0 0 0 0 0 0 0 0 0 0 0 47 59 
0 0 0 0 0 0 0 0 0 0 0 0 0 0 0 0 0 0 0 0 0 0 0 0 0 0 0 0 0 71 
0 0 0 0 0 0 0 0 0 0 0 0 0 0 0 0 0 0 0 0 0 0 0 0 0 0 0 0 0 0 
0 45 62 22 61 33 46 34 57 54 0 41 0 64 25 23 26 0 67 0 0 57 64 58 52 0 0 37 60 37 
0 0 50 0 0 41 58 65 62 39 34 48 67 61 39 49 62 66 28 41 66 60 27 24 50 40 52 59 58 63 
0 0 0 46 66 39 50 60 61 33 58 0 51 57 24 47 62 28 44 47 53 30 56 32 26 0 69 46 30 22 
0 0 0 0 65 0 0 0 33 57 21 39 64 62 0 41 45 0 59 66 48 50 69 44 0 44 56 67 0 0 
0 0 0 0 0 60 67 41 0 21 38 52 47 53 0 38 59 52 0 29 0 0 61 41 42 38 67 32 44 22 
0 0 0 0 0 0 59 56 50 30 37 0 0 65 31 44 58 0 67 37 67 29 48 62 0 57 0 39 0 59 
0 0 0 0 0 0 0 43 60 30 0 0 53 50 61 50 69 55 68 58 59 65 36 38 59 0 36 22 31 51 
0 0 0 0 0 0 0 0 22 38 63 38 54 0 0 0 30 0 51 28 25 24 38 60 60 37 0 24 0 36 
0 0 0 0 0 0 0 0 0 0 62 30 53 28 33 55 59 50 59 0 24 0 65 28 60 58 37 44 28 21 
0 0 0 0 0 0 0 0 0 0 31 0 58 33 0 41 65 55 30 63 0 0 57 50 44 0 47 58 30 25 
0 0 0 0 0 0 0 0 0 0 0 63 33 26 29 0 62 46 24 43 23 40 0 49 28 66 63 28 44 56 
0 0 0 0 0 0 0 0 0 0 0 0 41 65 30 62 56 46 40 30 47 35 0 0 37 0 58 35 58 64 
0 0 0 0 0 0 0 0 0 0 0 0 0 32 0 59 55 23 28 39 25 49 36 42 20 0 48 29 37 36 
0 0 0 0 0 0 0 0 0 0 0 0 0 0 49 0 45 29 30 23 0 0 35 55 43 30 50 42 29 36 
0 0 0 0 0 0 0 0 0 0 0 0 0 0 0 40 32 37 43 48 58 41 69 23 52 68 0 22 30 36 
0 0 0 0 0 0 0 0 0 0 0 0 0 0 0 0 51 27 32 57 49 66 33 37 61 69 0 32 35 0 
0 0 0 0 0 0 0 0 0 0 0 0 0 0 0 0 0 61 40 61 60 0 57 38 68 0 43 36 64 64 
0 0 0 0 0 0 0 0 0 0 0 0 0 0 0 0 0 0 64 0 48 49 43 43 40 21 42 66 57 27 
0 0 0 0 0 0 0 0 0 0 0 0 0 0 0 0 0 0 0 64 38 44 53 58 65 0 51 48 53 66 
0 0 0 0 0 0 0 0 0 0 0 0 0 0 0 0 0 0 0 0 35 22 69 47 57 0 39 23 31 67 
0 0 0 0 0 0 0 0 0 0 0 0 0 0 0 0 0 0 0 0 0 67 24 67 23 0 0 0 0 68 
0 0 0 0 0 0 0 0 0 0 0 0 0 0 0 0 0 0 0 0 0 0 67 0 0 67 0 52 66 22 
0 0 0 0 0 0 0 0 0 0 0 0 0 0 0 0 0 0 0 0 0 0 0 58 69 55 20 69 0 47 
0 0 0 0 0 0 0 0 0 0 0 0 0 0 0 0 0 0 0 0 0 0 0 0 0 55 0 0 45 20 
0 0 0 0 0 0 0 0 0 0 0 0 0 0 0 0 0 0 0 0 0 0 0 0 0 0 27 68 27 59 
0 0 0 0 0 0 0 0 0 0 0 0 0 0 0 0 0 0 0 0 0 0 0 0 0 0 0 26 0 42 
0 0 0 0 0 0 0 0 0 0 0 0 0 0 0 0 0 0 0 0 0 0 0 0 0 0 0 47 35 23 
0 0 0 0 0 0 0 0 0 0 0 0 0 0 0 0 0 0 0 0 0 0 0 0 0 0 0 0 37 36 
0 0 0 0 0 0 0 0 0 0 0 0 0 0 0 0 0 0 0 0 0 0 0 0 0 0 0 0 0 31 
0 0 0 0 0 0 0 0 0 0 0 0 0 0 0 0 0 0 0 0 0 0 0 0 0 0 0 0 0 0 
